#-----------------------------------------------------------------------------------------------------------------------------------------
#ps\ph  -180   -160   -140   -120   -100   -80    -60    -40    -20     0      20     40     60     80    100    120    140    160    180
#-----------------------------------------------------------------------------------------------------------------------------------------
  180  -0.08   0.01  -0.13  -0.13   0.03   0.18   0.22   0.00   0.00   0.00   0.00   0.00  -0.10   0.00   0.00   0.00   0.00   0.00   0.00
  170  -0.14  -0.05  -0.15  -0.13   0.02   0.10   0.22   0.26   0.00   0.00   0.00   0.00  -0.15   0.00   0.00   0.00   0.00   0.00   0.00
  160  -0.21  -0.12  -0.15  -0.14  -0.01   0.06   0.20   0.24   0.00   0.00   0.00   0.00  -0.20   0.00   0.00   0.00   0.00   0.00   0.00
  150  -0.28  -0.19  -0.21  -0.22  -0.04  -0.02   0.16   0.18   0.00   0.00   0.00   0.00   0.00   0.00   0.00   0.00   0.00   0.00   0.00
  140  -0.34  -0.21  -0.28  -0.30  -0.07  -0.02   0.11   0.11   0.00   0.00   0.00   0.00   0.00   0.00   0.00   0.00   0.00   0.00   0.00
  130  -0.34  -0.21  -0.34  -0.33  -0.12  -0.02   0.06   0.05   0.00   0.00   0.00   0.00   0.00   0.00   0.00   0.00   0.00   0.00   0.00
  120  -0.28  -0.20  -0.39  -0.35  -0.17  -0.06   0.02   0.01   0.00   0.00   0.00   0.00   0.00   0.00   0.00   0.00   0.00   0.00   0.00
  110  -0.21  -0.21  -0.41  -0.37  -0.21  -0.07   0.00  -0.04   0.00   0.00   0.00   0.00   0.00   0.00   0.00   0.00   0.00   0.00   0.00
  100  -0.18  -0.21  -0.40  -0.40  -0.24  -0.08   0.01  -0.09   0.00   0.00   0.00   0.00  -0.14   0.00   0.00   0.00   0.00   0.00   0.00
   90  -0.17  -0.19  -0.39  -0.41  -0.26  -0.10   0.00  -0.12   0.00   0.00   0.00   0.00   0.00   0.00   0.00   0.00   0.00   0.00   0.00
   80  -0.15  -0.16  -0.38  -0.42  -0.28  -0.08   0.00   0.00   0.00   0.00   0.00   0.02   0.00   0.00   0.00   0.00   0.00   0.00   0.00
   70  -0.13  -0.14  -0.39  -0.42  -0.28  -0.04   0.15   0.00   0.00   0.00   0.00   0.00   0.00   0.00   0.00   0.00   0.00   0.00   0.00
   60  -0.10  -0.15  -0.40  -0.42  -0.27   0.03   0.00   0.00   0.00   0.00   0.00  -0.02   0.20   0.00   0.00   0.00   0.00   0.00   0.00
   50  -0.08  -0.15  -0.40  -0.42  -0.27  -0.07   0.00   0.00   0.00   0.00   0.00  -0.21   0.17   0.00   0.00   0.00   0.00   0.00   0.00
   40   0.00  -0.15  -0.40  -0.43  -0.29   0.00   0.00   0.00   0.00   0.00   0.00  -0.39   0.14   0.00   0.00   0.00   0.00   0.00   0.00
   30   0.00  -0.13  -0.39   0.00  -0.31   0.00   0.00   0.00   0.00   0.00   0.00   0.00  -0.02   0.00   0.00   0.00   0.00   0.00   0.00
   20   0.00   0.00   0.00   0.00   0.00   0.00   0.00   0.00   0.00   0.00   0.00   0.00  -0.17   0.00   0.00   0.00   0.00   0.00   0.00
   10   0.00   0.00   0.00   0.00   0.00   0.00   0.00   0.00   0.00   0.00   0.00   0.00   0.00   0.00   0.00   0.00   0.00   0.00   0.00
    0   0.00   0.00   0.00   0.00   0.00   0.00   0.00   0.00   0.00   0.00   0.00   0.00   0.00   0.00   0.00   0.00   0.00   0.00   0.00
  -10   0.00   0.00   0.00   0.00   0.00   0.00   0.00   0.00   0.00   0.00   0.00   0.00   0.00   0.00   0.00   0.00   0.00   0.00   0.00
  -20   0.00   0.00   0.00   0.00   0.00   0.00   0.00   0.00   0.00   0.00   0.00   0.00   0.00   0.00   0.00   0.00   0.00   0.00   0.00
  -30   0.00   0.00   0.00   0.00  -0.07  -0.03   0.00  -0.08   0.00   0.00   0.00   0.00   0.00   0.00   0.00   0.00   0.00   0.00   0.00
  -40   0.00   0.00   0.00   0.00  -0.07   0.04  -0.05  -0.18   0.00   0.00   0.00   0.00   0.00   0.00   0.00   0.00   0.00   0.00   0.00
  -50   0.00   0.00   0.00   0.00  -0.07   0.00   0.00  -0.19   0.00   0.00   0.00   0.00   0.00   0.00   0.00   0.00   0.00   0.00   0.00
  -60   0.00   0.00   0.00   0.00   0.00   0.00   0.01  -0.12   0.00   0.00   0.00   0.00   0.00   0.00   0.00   0.00   0.00   0.00   0.00
  -70   0.00   0.00   0.00   0.00   0.00   0.00   0.00   0.00   0.00   0.00   0.00   0.00   0.00   0.00   0.00   0.00   0.00   0.00   0.00
  -80   0.00   0.00   0.00   0.00   0.00   0.00   0.00   0.00   0.00   0.00   0.00   0.00   0.00   0.00   0.00   0.00   0.00   0.00   0.00
  -90   0.00   0.00   0.00   0.00   0.00   0.00   0.00   0.00   0.00   0.00   0.00   0.00   0.00   0.00   0.00   0.00   0.00   0.00   0.00
 -100   0.00   0.00   0.00   0.00   0.00   0.00   0.00   0.00   0.00   0.00   0.00   0.00   0.00   0.00   0.00   0.00   0.00   0.00   0.00
 -110   0.00   0.00   0.00   0.00   0.00   0.00   0.00   0.00   0.00   0.00   0.00   0.00   0.00   0.00   0.00   0.00   0.00   0.00   0.00
 -120   0.00   0.00   0.00   0.00   0.00   0.00   0.00   0.00   0.00   0.00   0.00   0.00   0.00   0.00   0.00   0.00   0.00   0.00   0.00
 -130   0.00   0.00   0.00   0.00   0.00   0.00   0.00   0.00   0.00   0.00   0.00   0.00   0.00   0.00   0.00   0.00   0.00   0.00   0.00
 -140   0.00   0.00   0.00   0.00   0.00   0.00   0.00   0.00   0.00   0.00   0.00   0.00   0.00   0.00   0.00   0.00   0.00   0.00   0.00
 -150   0.00   0.00   0.00   0.00   0.00   0.00   0.00   0.00   0.00   0.00   0.00   0.00   0.00   0.00   0.00   0.00   0.00   0.00   0.00
 -160   0.00   0.00   0.00   0.00   0.00   0.00   0.00   0.00   0.00   0.00   0.00   0.00   0.00   0.00   0.00   0.00   0.00   0.00   0.00
 -170   0.00   0.00   0.00   0.00   0.00   0.00   0.00   0.00   0.00   0.00   0.00   0.00   0.00   0.00   0.00   0.00   0.00   0.00   0.00
 -180  -0.08   0.01  -0.13  -0.13   0.03   0.18   0.22   0.00   0.00   0.00   0.00   0.00  -0.10   0.00   0.00   0.00   0.00   0.00   0.00
  180  -0.02   2.05   3.24   2.61   1.19  -0.18  -0.29   0.00   0.00   0.00   0.00  -1.00  -2.63   0.00   0.00   0.00   0.00   0.00   0.00
  170  -0.34   1.85   3.05   2.37   0.91  -0.63  -0.70   0.42   0.00   0.00   0.00  -1.00  -2.95   0.00   0.00   0.00   0.00   0.00   0.00
  160  -0.54   1.76   2.94   2.25   0.76  -0.72  -0.94   0.10   0.00   0.00   0.00  -1.00  -3.27   0.00   0.00   0.00   0.00   0.00   0.00
  150  -0.77   1.58   2.79   2.04   0.62  -1.07  -1.10  -0.18   0.00   0.00   0.00  -1.00  -3.00  -1.00   0.00   0.00   0.00   0.00   0.00
  140  -1.03   1.34   2.56   1.80   0.44  -1.19  -1.24  -0.40   0.00   0.00   0.00  -1.00  -3.00  -1.00   0.00   0.00   0.00   0.00   0.00
  130  -1.28   1.06   2.27   1.53   0.16  -1.32  -1.35  -0.57   0.00   0.00   0.00  -1.00  -3.00  -1.00   0.00   0.00   0.00   0.00   0.00
  120  -1.54   0.71   1.89   1.17  -0.24  -2.07  -1.53  -0.73   0.00   0.00   0.00  -1.00  -3.00  -1.00   0.00   0.00   0.00   0.00   0.00
  110  -1.86   0.35   1.49   0.75  -0.60  -2.24  -1.78  -0.90   0.00   0.00   0.00  -1.00  -3.00   0.00   0.00   0.00   0.00   0.00   0.00
  100  -2.16   0.00   1.14   0.37  -0.99  -2.41  -2.10  -1.13   0.00   0.00   0.00  -1.00  -3.94   0.00   0.00   0.00   0.00   0.00   0.00
   90  -2.35  -0.25   0.93   0.14  -1.26  -2.56  -2.00  -1.30   0.00   0.00   0.00  -1.00  -2.00   0.00   0.00   0.00   0.00   0.00   0.00
   80  -2.37  -0.27   0.90   0.10  -1.34  -2.56  -2.00  -1.00   0.00   0.00   0.00  -1.16  -1.00   0.00   0.00   0.00   0.00   0.00   0.00
   70  -2.26  -0.14   1.01   0.21  -1.25  -2.44  -2.74   0.00   0.00   0.00   0.00  -1.36  -3.00   0.00   0.00   0.00   0.00   0.00   0.00
   60  -2.14   0.02   1.19   0.38  -1.08  -2.26  -1.00   0.00   0.00   0.00   0.00  -1.56  -4.93  -1.00   0.00   0.00   0.00   0.00   0.00
   50  -2.07   0.18   1.39   0.61  -0.87  -0.29  -0.50   0.00   0.00   0.00   0.00  -1.57  -4.83  -1.00   0.00   0.00   0.00   0.00   0.00
   40  -1.00   0.37   1.65   0.88  -0.59   0.00   0.00   0.00   0.00   0.00   0.00  -1.57  -4.72  -1.00   0.00   0.00   0.00   0.00   0.00
   30  -0.50   0.65   2.05   0.50  -0.23   0.00   0.00   0.00   0.00   0.00   0.00  -1.00  -4.43  -1.00   0.00   0.00   0.00   0.00   0.00
   20   0.00   0.00   1.00   0.00   0.00   0.00   0.00   0.00   0.00   0.00   0.00  -0.50  -4.14  -1.00   0.00   0.00   0.00   0.00   0.00
   10   0.00   0.00   0.00   0.00   0.00   0.00   0.00   0.00   0.00   0.00   0.00   0.00  -3.00   0.00   0.00   0.00   0.00   0.00   0.00
    0   0.00   0.00   0.00   0.00   0.00   0.00   0.00   0.00   0.00   0.00   0.00   0.00  -2.00   0.00   0.00   0.00   0.00   0.00   0.00
  -10   0.00   0.00   0.00   0.00   0.00   0.00   0.00   0.00   0.00   0.00   0.00   0.00  -1.00   0.00   0.00   0.00   0.00   0.00   0.00
  -20   0.00   0.00   0.00   0.00   0.00   0.00   0.00   0.00   0.00   0.00   0.00   0.00   0.00   0.00   0.00   0.00   0.00   0.00   0.00
  -30   0.00   0.00   0.00   0.50   1.12  -0.16   0.00   0.15   0.00   0.00   0.00   0.00   0.00   0.00   0.00   0.00   0.00   0.00   0.00
  -40   0.00   0.00   0.00   1.00   1.21   0.18  -0.41   0.33   0.00   0.00   0.00   0.00   0.00   0.00   0.00   0.00   0.00   0.00   0.00
  -50   0.00   0.00   0.00   1.00   1.51   0.00   0.00   0.76   0.00   0.00   0.00   0.00   0.00   0.00   0.00   0.00   0.00   0.00   0.00
  -60   0.00   0.00   0.00   0.50   1.00   0.00   0.53   1.38   0.00   0.00   0.00   0.00   0.00   0.00   0.00   0.00   0.00   0.00   0.00
  -70   0.00   0.00   0.00   0.00   0.00   0.00   0.00   1.00   0.00   0.00   0.00   0.00   0.00   0.00   0.00   0.00   0.00   0.00   0.00
  -80   0.00   0.00   0.00   0.00   0.00   0.00   0.00   0.50   0.00   0.00   0.00   0.00   0.00   0.00   0.00   0.00   0.00   0.00   0.00
  -90   0.00   0.00   0.00   0.00   0.00   0.00   0.00   0.00   0.00   0.00   0.00   0.00   0.00   0.00   0.00   0.00   0.00   0.00   0.00
 -100   0.00   0.00   0.00   0.00   0.00   0.00   0.00   0.00   0.00   0.00   0.00   0.00   0.00   0.00   0.00   0.00   0.00   0.00   0.00
 -110   0.00   0.00   0.00   0.00   0.00   0.00   0.00   0.00   0.00   0.00   0.00   0.00   0.00   0.00   0.00   0.00   0.00   0.00   0.00
 -120   0.00   0.00   0.00   0.00   0.00   0.00   0.00   0.00   0.00   0.00   0.00   0.00   0.00   0.00   0.00   0.00   0.00   0.00   0.00
 -130   0.00   0.00   0.00   0.00   0.00   0.00   0.00   0.00   0.00   0.00   0.00   0.00   0.00   0.00   0.00   0.00   0.00   0.00   0.00
 -140   0.00   0.00   0.00   0.00   0.00   0.00   0.00   0.00   0.00   0.00   0.00   0.00   0.00   0.00   0.00   0.00   0.00   0.00   0.00
 -150   0.00   0.00   0.00   0.00   0.00   0.00   0.00   0.00   0.00   0.00   0.00   0.00   0.00   0.00   0.00   0.00   0.00   0.00   0.00
 -160   0.00   0.00   0.00   0.00   0.00   0.00   0.00   0.00   0.00   0.00   0.00   0.00   0.00   0.00   0.00   0.00   0.00   0.00   0.00
 -170   0.00   0.00   0.00   0.00   0.00   0.00   0.00   0.00   0.00   0.00   0.00   0.00   0.00   0.00   0.00   0.00   0.00   0.00   0.00
 -180  -0.02   2.05   3.24   2.61   1.19  -0.18  -0.29   0.00   0.00   0.00   0.00  -1.00  -2.63   0.00   0.00   0.00   0.00   0.00   0.00
  180   1.17   1.25   1.23   1.33   1.29   1.21   1.35   0.00   0.00   0.00   0.00   1.00   1.34   0.00   0.00   0.00   0.00   0.00   0.00
  170   1.19   1.25   1.25   1.24   1.28   1.33   1.34   1.40   0.00   0.00   0.00   1.00   1.39   0.00   0.00   0.00   0.00   0.00   0.00
  160   1.12   1.31   1.14   1.26   1.23   1.19   1.27   1.30   0.00   0.00   0.00   0.00   1.43   0.00   0.00   0.00   0.00   0.00   0.00
  150   1.19   1.14   1.21   1.17   1.16   1.18   1.34   1.45   0.00   0.00   0.00   0.00   1.00   0.00   0.00   0.00   0.00   0.00   0.00
  140   1.20   1.16   1.21   1.12   1.23   1.20   1.24   1.44   0.00   0.00   0.00   0.00   0.00   0.00   0.00   0.00   0.00   0.00   0.00
  130   1.15   1.23   1.12   1.24   1.15   1.22   1.20   1.43   0.00   0.00   0.00   0.00   0.00   0.00   0.00   0.00   0.00   0.00   0.00
  120   1.13   1.10   1.12   1.14   1.19   1.06   1.24   1.37   0.00   0.00   0.00   0.00   0.00   0.00   0.00   0.00   0.00   0.00   0.00
  110   1.18   1.16   1.15   1.04   1.12   1.06   1.24   1.42   0.00   0.00   0.00   0.00   0.00   0.00   0.00   0.00   0.00   0.00   0.00
  100   1.17   1.19   1.01   1.02   1.10   1.05   1.27   1.31   0.00   0.00   0.00   0.00   1.33   0.00   0.00   0.00   0.00   0.00   0.00
   90   1.25   1.18   0.97   0.89   1.04   1.01   1.00   1.13   0.00   0.00   0.00   1.00   0.00   0.00   0.00   0.00   0.00   0.00   0.00
   80   1.18   1.11   0.91   0.75   0.87   0.87   1.00   1.00   0.00   0.00   0.00   1.42   1.00   0.00   0.00   0.00   0.00   0.00   0.00
   70   1.24   1.03   0.88   0.66   0.61   0.64   0.70   0.50   0.00   0.00   0.00   1.41   1.00   1.00   0.00   0.00   0.00   0.00   0.00
   60   1.24   1.10   0.97   0.50   0.32   0.28   0.00   0.00   0.00   0.00   0.00   1.41   1.31   1.00   0.00   0.00   0.00   0.00   0.00
   50   1.23   1.30   1.18   0.92   0.02   1.52   0.00   0.00   0.00   0.00   0.00   1.40   1.34   1.00   0.00   0.00   0.00   0.00   0.00
   40   1.00   1.30   1.27   1.54   0.81   1.00   0.00   0.00   0.00   0.00   0.00   1.39   1.37   1.00   0.00   0.00   0.00   0.00   0.00
   30   0.50   1.41   1.90   1.00   2.88   1.00   0.00   0.00   0.00   0.00   0.00   1.00   1.37   1.00   0.00   0.00   0.00   0.00   0.00
   20   0.00   1.00   1.40   1.00   2.00   0.50   0.00   0.00   0.00   0.00   0.00   0.00   1.37   0.00   0.00   0.00   0.00   0.00   0.00
   10   0.00   1.00   1.00   0.50   1.00   0.00   0.00   0.00   0.00   0.00   0.00   0.00   1.00   0.00   0.00   0.00   0.00   0.00   0.00
    0   0.00   0.50   0.50   0.00   1.00   0.00   0.00   0.00   0.00   0.00   0.00   0.00   0.00   0.00   0.00   0.00   0.00   0.00   0.00
  -10   0.00   0.00   0.00   0.00   0.50   0.50   0.00   1.00   0.00   0.00   0.00   0.00   0.00   0.00   0.00   0.00   0.00   0.00   0.00
  -20   0.00   0.00   0.00   0.00   1.00   1.00   0.00   2.00   0.00   0.00   0.00   0.00   0.00   0.00   0.00   0.00   0.00   0.00   0.00
  -30   0.00   0.00   0.00   1.00   2.25   1.77   0.00   3.82   0.00   0.00   0.00   0.00   0.00   0.00   0.00   0.00   0.00   0.00   0.00
  -40   0.00   0.00   0.00   1.00   1.90   2.18  -0.16   2.25   0.00   0.00   0.00   0.00   0.00   0.00   0.00   0.00   0.00   0.00   0.00
  -50   0.00   0.00   0.00   1.00   1.62   1.00   0.00   0.73   0.00   0.00   0.00   0.00   0.00   0.00   0.00   0.00   0.00   0.00   0.00
  -60   0.00   0.00   0.00   0.00   1.00   0.00   1.05   0.41   0.00   0.00   0.00   0.00   0.00   0.00   0.00   0.00   0.00   0.00   0.00
  -70   0.00   0.00   0.00   0.00   0.00   0.00   0.00   0.00   0.00   0.00   0.00   0.00   0.00   0.00   0.00   0.00   0.00   0.00   0.00
  -80   0.00   0.00   0.00   0.00   0.00   0.00   0.00   0.00   0.00   0.00   0.00   0.00   0.00   0.00   0.00   0.00   0.00   0.00   0.00
  -90   0.00   0.00   0.00   0.00   0.00   0.00   0.00   0.00   0.00   0.00   0.00   0.00   0.00   0.00   0.00   0.00   0.00   0.00   0.00
 -100   0.00   0.00   0.00   0.00   0.00   0.00   0.00   0.00   0.00   0.00   0.00   0.00   0.00   0.00   0.00   0.00   0.00   0.00   0.00
 -110   0.00   0.00   0.00   0.00   0.00   0.00   0.00   0.00   0.00   0.00   0.00   0.00   0.00   0.00   0.00   0.00   0.00   0.00   0.00
 -120   0.00   0.00   0.00   0.00   0.00   0.00   0.00   0.00   0.00   0.00   0.00   0.00   0.00   0.00   0.00   0.00   0.00   0.00   0.00
 -130   0.00   0.00   0.00   0.00   0.00   0.00   0.00   0.00   0.00   0.00   0.00   0.00   0.00   0.00   0.00   0.00   0.00   0.00   0.00
 -140   0.00   0.00   0.00   0.00   0.00   0.00   0.00   0.00   0.00   0.00   0.00   0.00   0.00   0.00   0.00   0.00   0.00   0.00   0.00
 -150   0.00   0.00   0.00   0.00   0.00   0.00   0.00   0.00   0.00   0.00   0.00   0.00   0.00   0.00   0.00   0.00   0.00   0.00   0.00
 -160   0.00   0.00   0.00   0.00   0.00   0.00   0.00   0.00   0.00   0.00   0.00   0.00   0.00   0.00   0.00   0.00   0.00   0.00   0.00
 -170   0.00   0.00   0.00   0.00   0.00   0.00   0.00   0.00   0.00   0.00   0.00   0.00   0.00   0.00   0.00   0.00   0.00   0.00   0.00
 -180   1.17   1.25   1.23   1.33   1.29   1.21   1.35   0.00   0.00   0.00   0.00   0.00   1.34   0.00   0.00   0.00   0.00   0.00   0.00
