#-----------------------------------------------------------------------------------------------------------------------------------------
#ps\ph  -180   -160   -140   -120   -100   -80    -60    -40    -20     0      20     40     60     80    100    120    140    160    180
#-----------------------------------------------------------------------------------------------------------------------------------------
  180   0.42  -0.03  -0.49  -0.69  -0.50  -0.44  -0.37   0.00   0.00   0.00   0.00   0.00   0.40   0.00   0.00   0.00   0.00   0.00   0.00
  170   0.40   0.07  -0.24  -0.63  -0.42  -0.47  -0.43  -0.49   0.00   0.00   0.00   0.00   0.38   0.00   0.00   0.00   0.00   0.00   0.00
  160   0.34  -0.02  -0.12  -0.61  -0.46  -0.51  -0.52  -0.55   0.00   0.00   0.00   0.00   0.36   0.00   0.00   0.00   0.00   0.00   0.00
  150   0.26  -0.06  -0.17  -0.69  -0.62  -0.44  -0.56  -0.60   0.00   0.00   0.00   0.00   0.00   0.00   0.00   0.00   0.00   0.00   0.00
  140   0.21  -0.04  -0.23  -0.70  -0.67  -0.49  -0.54  -0.67   0.00   0.00   0.00   0.00   0.00   0.00   0.00   0.00   0.00   0.00   0.00
  130   0.22   0.02  -0.30  -0.68  -0.60  -0.54  -0.52  -0.79   0.00   0.00   0.00   0.00   0.00   0.00   0.00   0.00   0.00   0.00   0.00
  120   0.27   0.08  -0.37  -0.67  -0.64  -0.58  -0.53  -0.88   0.00   0.00   0.00   0.00   0.00   0.00   0.00   0.00   0.00   0.00   0.00
  110   0.31   0.09  -0.46  -0.67  -0.72  -0.56  -0.59  -0.77   0.00   0.00   0.00   0.00   0.00   0.00   0.00   0.00   0.00   0.00   0.00
  100   0.28   0.03  -0.53  -0.66  -0.76  -0.54  -0.46  -0.50   0.00   0.00   0.00   0.00   0.01   0.00   0.00   0.00   0.00   0.00   0.00
   90   0.18  -0.06  -0.58  -0.64  -0.79  -0.60   0.00  -0.36   0.00   0.00   0.00   0.00   0.00   0.00   0.00   0.00   0.00   0.00   0.00
   80   0.05  -0.15  -0.59  -0.62  -0.80  -0.68   0.00   0.00   0.00   0.00   0.00  -0.40   0.00   0.00   0.00   0.00   0.00   0.00   0.00
   70  -0.04  -0.22  -0.56  -0.60  -0.81  -0.71  -0.59   0.00   0.00   0.00   0.00  -0.50   0.00   0.00   0.00   0.00   0.00   0.00   0.00
   60  -0.08  -0.24  -0.48  -0.59  -0.81  -0.67   0.00   0.00   0.00   0.00   0.00  -0.61  -0.25   0.00   0.00   0.00   0.00   0.00   0.00
   50  -0.06  -0.22  -0.36  -0.59  -0.77  -0.19   0.00   0.00   0.00   0.00   0.00  -0.62  -0.33   0.00   0.00   0.00   0.00   0.00   0.00
   40   0.00  -0.17  -0.24  -0.55  -0.68   0.00   0.00   0.00   0.00   0.00   0.00  -0.63  -0.40   0.00   0.00   0.00   0.00   0.00   0.00
   30   0.00  -0.13  -0.18   0.00  -0.52   0.00   0.00   0.00   0.00   0.00   0.00   0.00  -0.42   0.00   0.00   0.00   0.00   0.00   0.00
   20   0.00   0.00   0.00   0.00   0.00   0.00   0.00   0.00   0.00   0.00   0.00   0.00  -0.43   0.00   0.00   0.00   0.00   0.00   0.00
   10   0.00   0.00   0.00   0.00   0.00   0.00   0.00   0.00   0.00   0.00   0.00   0.00   0.00   0.00   0.00   0.00   0.00   0.00   0.00
    0   0.00   0.00   0.00   0.00   0.00   0.00   0.00   0.00   0.00   0.00   0.00   0.00   0.00   0.00   0.00   0.00   0.00   0.00   0.00
  -10   0.00   0.00   0.00   0.00   0.00   0.00   0.00   0.00   0.00   0.00   0.00   0.00   0.00   0.00   0.00   0.00   0.00   0.00   0.00
  -20   0.00   0.00   0.00   0.00   0.00   0.00   0.00   0.00   0.00   0.00   0.00   0.00   0.00   0.00   0.00   0.00   0.00   0.00   0.00
  -30   0.00   0.00   0.00   0.00  -0.37  -0.21   0.00   0.58   0.00   0.00   0.00   0.00   0.00   0.00   0.00   0.00   0.00   0.00   0.00
  -40   0.00   0.00   0.00   0.00  -0.39  -0.34   0.01   0.42   0.00   0.00   0.00   0.00   0.00   0.00   0.00   0.00   0.00   0.00   0.00
  -50   0.00   0.00   0.00   0.00  -0.47   0.00   0.00   0.20   0.00   0.00   0.00   0.00   0.00   0.00   0.00   0.00   0.00   0.00   0.00
  -60   0.00   0.00   0.00   0.00   0.00   0.00  -0.05   0.09   0.00   0.00   0.00   0.00   0.00   0.00   0.00   0.00   0.00   0.00   0.00
  -70   0.00   0.00   0.00   0.00   0.00   0.00   0.00   0.00   0.00   0.00   0.00   0.00   0.00   0.00   0.00   0.00   0.00   0.00   0.00
  -80   0.00   0.00   0.00   0.00   0.00   0.00   0.00   0.00   0.00   0.00   0.00   0.00   0.00   0.00   0.00   0.00   0.00   0.00   0.00
  -90   0.00   0.00   0.00   0.00   0.00   0.00   0.00   0.00   0.00   0.00   0.00   0.00   0.00   0.00   0.00   0.00   0.00   0.00   0.00
 -100   0.00   0.00   0.00   0.00   0.00   0.00   0.00   0.00   0.00   0.00   0.00   0.00   0.00   0.00   0.00   0.00   0.00   0.00   0.00
 -110   0.00   0.00   0.00   0.00   0.00   0.00   0.00   0.00   0.00   0.00   0.00   0.00   0.00   0.00   0.00   0.00   0.00   0.00   0.00
 -120   0.00   0.00   0.00   0.00   0.00   0.00   0.00   0.00   0.00   0.00   0.00   0.00   0.00   0.00   0.00   0.00   0.00   0.00   0.00
 -130   0.00   0.00   0.00   0.00   0.00   0.00   0.00   0.00   0.00   0.00   0.00   0.00   0.00   0.00   0.00   0.00   0.00   0.00   0.00
 -140   0.00   0.00   0.00   0.00   0.00   0.00   0.00   0.00   0.00   0.00   0.00   0.00   0.00   0.00   0.00   0.00   0.00   0.00   0.00
 -150   0.00   0.00   0.00   0.00   0.00   0.00   0.00   0.00   0.00   0.00   0.00   0.00   0.00   0.00   0.00   0.00   0.00   0.00   0.00
 -160   0.00   0.00   0.00   0.00   0.00   0.00   0.00   0.00   0.00   0.00   0.00   0.00   0.00   0.00   0.00   0.00   0.00   0.00   0.00
 -170   0.00   0.00   0.00   0.00   0.00   0.00   0.00   0.00   0.00   0.00   0.00   0.00   0.00   0.00   0.00   0.00   0.00   0.00   0.00
 -180   0.42  -0.03  -0.49  -0.69  -0.50  -0.44  -0.37   0.00   0.00   0.00   0.00   0.00   0.40   0.00   0.00   0.00   0.00   0.00   0.00
  180  -1.45  -2.57  -4.00  -4.76  -4.34  -3.55  -3.12   0.00   0.00   0.00   0.00   0.00   0.92   0.00   0.00   0.00   0.00   0.00   0.00
  170  -0.64  -2.01  -3.61  -4.44  -3.90  -2.41  -2.37  -2.58   0.00   0.00   0.00   0.00   1.45   0.00   0.00   0.00   0.00   0.00   0.00
  160   0.35  -1.29  -3.01  -4.03  -3.52  -1.96  -1.74  -1.89   0.00   0.00   0.00   0.00   1.97   0.00   0.00   0.00   0.00   0.00   0.00
  150   1.31  -0.44  -2.40  -3.61  -3.13  -1.70  -1.23  -1.24   0.00   0.00   0.00   0.00   1.00   0.00   0.00   0.00   0.00   0.00   0.00
  140   2.04   0.30  -1.90  -3.26  -2.98  -1.84  -0.93  -0.75   0.00   0.00   0.00   0.00   1.00   0.00   0.00   0.00   0.00   0.00   0.00
  130   2.36   0.72  -1.59  -3.13  -2.97  -1.98  -0.81  -0.57   0.00   0.00   0.00   0.00   1.00   0.00   0.00   0.00   0.00   0.00   0.00
  120   2.32   0.71  -1.62  -3.24  -3.14  -3.29  -0.93  -0.60   0.00   0.00   0.00   0.00   1.00   0.00   0.00   0.00   0.00   0.00   0.00
  110   1.91   0.33  -1.99  -3.63  -3.62  -3.64  -1.30  -0.78   0.00   0.00   0.00   0.00   1.00   0.00   0.00   0.00   0.00   0.00   0.00
  100   1.23  -0.35  -2.59  -4.22  -4.30  -4.00  -1.93  -1.13   0.00   0.00   0.00   0.00   2.02   0.00   0.00   0.00   0.00   0.00   0.00
   90   0.47  -1.08  -3.24  -4.78  -5.00  -4.55  -2.00  -1.61   0.00   0.00   0.00   0.00   1.00   0.00   0.00   0.00   0.00   0.00   0.00
   80  -0.19  -1.63  -3.75  -5.22  -5.47  -4.78  -3.00  -2.00   0.00   0.00   0.00  -0.10   1.00   0.00   0.00   0.00   0.00   0.00   0.00
   70  -0.56  -1.95  -4.01  -5.42  -5.59  -4.60  -3.53  -1.00   0.00   0.00   0.00  -0.56   0.00   0.00   0.00   0.00   0.00   0.00   0.00
   60  -0.67  -1.98  -3.97  -5.34  -5.37  -4.11   0.00   0.00   0.00   0.00   0.00  -1.02  -0.19   0.00   0.00   0.00   0.00   0.00   0.00
   50  -0.57  -1.82  -3.69  -4.97  -4.86  -1.25   0.00   0.00   0.00   0.00   0.00  -0.85  -0.11   0.00   0.00   0.00   0.00   0.00   0.00
   40   0.00  -1.58  -3.36  -4.46  -4.21   0.00   0.00   0.00   0.00   0.00   0.00  -0.68  -0.02   0.00   0.00   0.00   0.00   0.00   0.00
   30   0.00  -1.39  -3.00  -4.00  -3.60   0.00   0.00   0.00   0.00   0.00   0.00   0.00   0.34   0.00   0.00   0.00   0.00   0.00   0.00
   20   0.00   0.00  -2.00  -3.00  -2.00   0.00   0.00   0.00   0.00   0.00   0.00   0.00   0.69   0.00   0.00   0.00   0.00   0.00   0.00
   10   0.00   0.00  -1.00  -2.00  -1.00   0.00   0.00   0.00   0.00   0.00   0.00   0.00   0.00   0.00   0.00   0.00   0.00   0.00   0.00
    0   0.00   0.00   0.00  -1.00   0.00   0.00   0.00   0.00   0.00   0.00   0.00   0.00   0.00   0.00   0.00   0.00   0.00   0.00   0.00
  -10   0.00   0.00   0.00   0.00   0.00   0.00   0.00   0.00   0.00   0.00   0.00   0.00   0.00   0.00   0.00   0.00   0.00   0.00   0.00
  -20   0.00   0.00   0.00   0.00   0.00   0.00   0.00   0.00   0.00   0.00   0.00   0.00   0.00   0.00   0.00   0.00   0.00   0.00   0.00
  -30   0.00   0.00   0.00   0.00  -2.01  -0.91   0.00  -0.07   0.00   0.00   0.00   0.00   0.00   0.00   0.00   0.00   0.00   0.00   0.00
  -40   0.00   0.00   0.00   0.00  -1.90  -0.86  -0.07   0.27   0.00   0.00   0.00   0.00   0.00   0.00   0.00   0.00   0.00   0.00   0.00
  -50   0.00   0.00   0.00   0.00  -1.95  -0.50   0.00   0.39   0.00   0.00   0.00   0.00   0.00   0.00   0.00   0.00   0.00   0.00   0.00
  -60   0.00   0.00   0.00   0.00  -1.00   0.00  -0.30   0.12   0.00   0.00   0.00   0.00   0.00   0.00   0.00   0.00   0.00   0.00   0.00
  -70   0.00   0.00   0.00   0.00  -0.50   0.00   0.00   0.00   0.00   0.00   0.00   0.00   0.00   0.00   0.00   0.00   0.00   0.00   0.00
  -80   0.00   0.00   0.00   0.00   0.00   0.00   0.00   0.00   0.00   0.00   0.00   0.00   0.00   0.00   0.00   0.00   0.00   0.00   0.00
  -90   0.00   0.00   0.00   0.00   0.00   0.00   0.00   0.00   0.00   0.00   0.00   0.00   0.00   0.00   0.00   0.00   0.00   0.00   0.00
 -100   0.00   0.00   0.00   0.00   0.00   0.00   0.00   0.00   0.00   0.00   0.00   0.00   0.00   0.00   0.00   0.00   0.00   0.00   0.00
 -110   0.00   0.00   0.00   0.00   0.00   0.00   0.00   0.00   0.00   0.00   0.00   0.00   0.00   0.00   0.00   0.00   0.00   0.00   0.00
 -120   0.00   0.00   0.00   0.00   0.00   0.00   0.00   0.00   0.00   0.00   0.00   0.00   0.00   0.00   0.00   0.00   0.00   0.00   0.00
 -130   0.00   0.00   0.00   0.00   0.00   0.00   0.00   0.00   0.00   0.00   0.00   0.00   0.00   0.00   0.00   0.00   0.00   0.00   0.00
 -140   0.00   0.00   0.00   0.00   0.00   0.00   0.00   0.00   0.00   0.00   0.00   0.00   0.00   0.00   0.00   0.00   0.00   0.00   0.00
 -150   0.00   0.00   0.00   0.00   0.00   0.00   0.00   0.00   0.00   0.00   0.00   0.00   0.00   0.00   0.00   0.00   0.00   0.00   0.00
 -160   0.00   0.00   0.00   0.00   0.00   0.00   0.00   0.00   0.00   0.00   0.00   0.00   0.00   0.00   0.00   0.00   0.00   0.00   0.00
 -170   0.00   0.00   0.00   0.00   0.00   0.00   0.00   0.00   0.00   0.00   0.00   0.00   0.00   0.00   0.00   0.00   0.00   0.00   0.00
 -180  -1.45  -2.57  -4.00  -4.76  -4.34  -3.55  -3.12   0.00   0.00   0.00   0.00   0.00   0.92   0.00   0.00   0.00   0.00   0.00   0.00
  180  -0.19  -0.34  -0.24  -0.44  -0.28  -0.44  -0.40   0.00   0.00   0.00   0.00   0.00   0.03   0.00   0.00   0.00   0.00   0.00   0.00
  170  -0.34  -0.19  -0.36  -0.44  -0.40  -0.46  -0.64  -0.39   0.00   0.00   0.00   0.00  -0.09   0.00   0.00   0.00   0.00   0.00   0.00
  160  -0.01  -0.34  -0.34  -0.40  -0.52  -0.44  -0.43  -0.44   0.00   0.00   0.00   0.00  -0.21   0.00   0.00   0.00   0.00   0.00   0.00
  150  -0.07  -0.27  -0.32  -0.51  -0.45  -0.49  -0.51  -0.41   0.00   0.00   0.00   0.00   0.00   0.00   0.00   0.00   0.00   0.00   0.00
  140  -0.27  -0.29  -0.24  -0.43  -0.55  -0.45  -0.51  -0.28   0.00   0.00   0.00   0.00   0.00   0.00   0.00   0.00   0.00   0.00   0.00
  130  -0.26  -0.30  -0.46  -0.19  -0.41  -0.41  -0.43  -0.51   0.00   0.00   0.00   0.00   0.00   0.00   0.00   0.00   0.00   0.00   0.00
  120  -0.13  -0.18  -0.12  -0.46  -0.35  -0.19  -0.50  -0.44   0.00   0.00   0.00   0.00   0.00   0.00   0.00   0.00   0.00   0.00   0.00
  110  -0.09  -0.23  -0.15  -0.19  -0.27  -0.23  -0.41  -0.10   0.00   0.00   0.00   0.00   0.00   0.00   0.00   0.00   0.00   0.00   0.00
  100  -0.12  -0.01  -0.20  -0.04  -0.30  -0.28  -0.24  -0.05   0.00   0.00   0.00   0.00  -0.59   0.00   0.00   0.00   0.00   0.00   0.00
   90  -0.06   0.05   0.06  -0.08   0.11   0.20   0.00   0.04   0.00   0.00   0.00   0.00   0.00   0.00   0.00   0.00   0.00   0.00   0.00
   80  -0.02   0.06   0.27   0.15   0.18   0.45   0.00   0.00   0.00   0.00   0.00  -0.58   0.00   0.00   0.00   0.00   0.00   0.00   0.00
   70  -0.25  -0.15   0.07   0.20   0.20   0.57   0.26   0.00   0.00   0.00   0.00  -0.65   0.00   0.00   0.00   0.00   0.00   0.00   0.00
   60  -0.36  -0.10   0.10   0.13   0.54   0.88   0.00   0.00   0.00   0.00   0.00  -0.72  -0.61   0.00   0.00   0.00   0.00   0.00   0.00
   50  -0.64  -0.28  -0.10   0.30   0.57   0.19   0.00   0.00   0.00   0.00   0.00  -0.66  -0.59   0.00   0.00   0.00   0.00   0.00   0.00
   40   0.00  -0.45  -0.14   0.37   0.61   0.00   0.00   0.00   0.00   0.00   0.00  -0.60  -0.57   0.00   0.00   0.00   0.00   0.00   0.00
   30   0.00  -0.57  -0.23   0.00   0.64   0.00   0.00   0.00   0.00   0.00   0.00   0.00  -0.50   0.00   0.00   0.00   0.00   0.00   0.00
   20   0.00   0.00   0.00   0.00   0.00   0.00   0.00   0.00   0.00   0.00   0.00   0.00  -0.43   0.00   0.00   0.00   0.00   0.00   0.00
   10   0.00   0.00   0.00   0.00   0.00   0.00   0.00   0.00   0.00   0.00   0.00   0.00   0.00   0.00   0.00   0.00   0.00   0.00   0.00
    0   0.00   0.00   0.00   0.00   0.00   0.00   0.00   0.00   0.00   0.00   0.00   0.00   0.00   0.00   0.00   0.00   0.00   0.00   0.00
  -10   0.00   0.00   0.00   0.00   0.00   0.00   0.00   0.00   0.00   0.00   0.00   0.00   0.00   0.00   0.00   0.00   0.00   0.00   0.00
  -20   0.00   0.00   0.00   0.00   0.00   0.00   0.00   0.00   0.00   0.00   0.00   0.00   0.00   0.00   0.00   0.00   0.00   0.00   0.00
  -30   0.00   0.00   0.00   0.00  -0.55  -0.01   0.00   0.95   0.00   0.00   0.00   0.00   0.00   0.00   0.00   0.00   0.00   0.00   0.00
  -40   0.00   0.00   0.00   0.00  -0.58  -0.26   0.37   0.85   0.00   0.00   0.00   0.00   0.00   0.00   0.00   0.00   0.00   0.00   0.00
  -50   0.00   0.00   0.00   0.00  -0.71   0.00   0.00   0.48   0.00   0.00   0.00   0.00   0.00   0.00   0.00   0.00   0.00   0.00   0.00
  -60   0.00   0.00   0.00   0.00   0.00   0.00  -0.14   0.16   0.00   0.00   0.00   0.00   0.00   0.00   0.00   0.00   0.00   0.00   0.00
  -70   0.00   0.00   0.00   0.00   0.00   0.00   0.00   0.00   0.00   0.00   0.00   0.00   0.00   0.00   0.00   0.00   0.00   0.00   0.00
  -80   0.00   0.00   0.00   0.00   0.00   0.00   0.00   0.00   0.00   0.00   0.00   0.00   0.00   0.00   0.00   0.00   0.00   0.00   0.00
  -90   0.00   0.00   0.00   0.00   0.00   0.00   0.00   0.00   0.00   0.00   0.00   0.00   0.00   0.00   0.00   0.00   0.00   0.00   0.00
 -100   0.00   0.00   0.00   0.00   0.00   0.00   0.00   0.00   0.00   0.00   0.00   0.00   0.00   0.00   0.00   0.00   0.00   0.00   0.00
 -110   0.00   0.00   0.00   0.00   0.00   0.00   0.00   0.00   0.00   0.00   0.00   0.00   0.00   0.00   0.00   0.00   0.00   0.00   0.00
 -120   0.00   0.00   0.00   0.00   0.00   0.00   0.00   0.00   0.00   0.00   0.00   0.00   0.00   0.00   0.00   0.00   0.00   0.00   0.00
 -130   0.00   0.00   0.00   0.00   0.00   0.00   0.00   0.00   0.00   0.00   0.00   0.00   0.00   0.00   0.00   0.00   0.00   0.00   0.00
 -140   0.00   0.00   0.00   0.00   0.00   0.00   0.00   0.00   0.00   0.00   0.00   0.00   0.00   0.00   0.00   0.00   0.00   0.00   0.00
 -150   0.00   0.00   0.00   0.00   0.00   0.00   0.00   0.00   0.00   0.00   0.00   0.00   0.00   0.00   0.00   0.00   0.00   0.00   0.00
 -160   0.00   0.00   0.00   0.00   0.00   0.00   0.00   0.00   0.00   0.00   0.00   0.00   0.00   0.00   0.00   0.00   0.00   0.00   0.00
 -170   0.00   0.00   0.00   0.00   0.00   0.00   0.00   0.00   0.00   0.00   0.00   0.00   0.00   0.00   0.00   0.00   0.00   0.00   0.00
 -180  -0.19  -0.34  -0.24  -0.44  -0.28  -0.44  -0.40   0.00   0.00   0.00   0.00   0.00   0.03   0.00   0.00   0.00   0.00   0.00   0.00
