#-----------------------------------------------------------------------------------------------------------------------------------------
#ps\ph  -180   -160   -140   -120   -100   -80    -60    -40    -20     0      20     40     60     80    100    120    140    160    180
#-----------------------------------------------------------------------------------------------------------------------------------------
  180  -2.00  -3.00  -2.93  -0.11  -0.68  -1.88  -1.95  -1.00   0.00   0.00   0.00   0.00  -3.27   0.00   0.00   0.00   0.00   0.00   0.00
  170  -1.00  -3.00  -2.59  -1.66  -1.44  -2.62  -2.11  -1.00   0.00   0.00   0.00  -1.00  -3.45   0.00   0.00   0.00   0.00   0.00   0.00
  160  -1.00  -3.00  -2.24  -2.21  -2.19  -2.36  -2.27  -2.00   0.00   0.00   0.00  -1.00  -3.63   0.00   0.00   0.00   0.00   0.00   0.00
  150  -1.00  -2.00  -2.98  -3.91  -2.91  -2.06  -3.11  -2.00   0.00   0.00   0.00  -2.00  -3.85   0.00   0.00   0.00   0.00   0.00   0.00
  140  -1.00  -2.00  -3.73  -4.61  -2.64  -2.75  -2.95  -1.00   0.00   0.00   0.00  -2.00  -4.08   0.00   0.00   0.00   0.00   0.00   0.00
  130  -1.00  -2.00  -3.52  -3.34  -3.27  -2.41  -2.66  -1.00   0.00   0.00   0.00  -3.00  -4.29   0.00   0.00   0.00   0.00   0.00   0.00
  120  -0.00  -2.00  -3.31  -3.06  -2.90  -2.08  -2.36  -1.00   0.00   0.00   0.00  -3.00  -4.50  -1.00   0.00   0.00   0.00   0.00   0.00
  110  -0.00  -1.00  -3.05  -3.87  -2.50  -1.72  -1.98   0.00   0.00   0.00   0.00  -4.00  -4.75  -2.00   0.00   0.00   0.00   0.00   0.00
  100  -0.00  -1.00  -2.79  -3.69  -2.09  -1.36  -1.61   0.00   0.00   0.00   0.00  -6.16  -5.00  -3.00   0.00   0.00   0.00   0.00   0.00
   90  -0.00  -1.00  -2.58  -3.38  -2.83  -1.11  -0.34   0.00   0.00   0.00  -1.00  -6.37  -5.14  -3.00   0.00   0.00   0.00   0.00   0.00
   80  -0.00  -1.00  -2.36  -3.08  -2.56  -0.86  -0.08   0.00   0.00   0.00  -2.00  -6.58  -5.28  -3.00   0.00   0.00   0.00   0.00   0.00
   70  -0.00   0.00  -2.00  -2.19  -1.91   0.00   0.00   0.00   0.00   0.00  -5.00  -6.78  -5.37  -3.00   0.00   0.00   0.00   0.00   0.00
   60  -0.00   0.00  -2.00  -2.29  -1.25   0.00   0.00   0.00   0.00   0.00  -7.45  -6.98  -5.45  -3.00   0.00   0.00   0.00   0.00   0.00
   50  -0.00   0.00  -1.00  -1.52  -1.00   0.00   0.00   0.00   0.00   0.00  -5.00  -7.09  -5.65  -2.00   0.00   0.00   0.00   0.00   0.00
   40  -0.00   0.00  -0.43  -0.75  -1.00   0.00   0.00   0.00   0.00   0.00  -3.00  -7.21  -5.85  -1.00   0.00   0.00   0.00   0.00   0.00
   30  -0.00   0.00  -0.00  -0.00  -1.00   0.00   0.00   0.00   0.00   0.00  -1.00  -5.00  -3.00   0.00   0.00   0.00   0.00   0.00   0.00
   20   0.00   0.00  -0.00   0.00  -0.58   0.00   0.00   0.00   0.00   0.00   0.00  -2.00  -1.00   0.00   0.00   0.00   0.00   0.00   0.00
   10   0.00   0.00   0.00   0.00  -0.75   0.00   0.00   0.00   0.00   0.00   0.00   0.00   0.00   0.00   0.00   0.00   0.00   0.00   0.00
    0   0.00   0.00   0.00   0.00  -0.03   0.00   0.00   0.00   0.00   0.00   0.00   0.00   0.00   0.00   0.00   0.00   0.00   0.00   0.00
  -10   0.00   0.00   0.00   0.00   0.00   0.00   0.00   0.00   0.00   0.00   0.00   0.00   0.00   0.00   0.00   0.00   0.00   0.00   0.00
  -20   0.00   0.00   0.00   0.00   0.00   0.00   0.00   0.00   0.00   0.00   0.00   0.00   0.00   0.00   0.00   0.00   0.00   0.00   0.00
  -30   0.00   0.00   0.00   0.00   0.00   0.00   0.00  -2.00   0.00   0.00   0.00   0.00   0.00   0.00   0.00   0.00   0.00   0.00   0.00
  -40   0.00   0.00   0.00   0.00   0.00   0.26  -1.01  -1.00   0.00   0.00   0.00   0.00   0.00   0.00   0.00   0.00   0.00   0.00   0.00
  -50   0.00   0.00   0.00   0.00   0.00   0.00   0.00  -1.00   0.00   0.00   0.00   0.00   0.00   0.00   0.00   0.00   0.00   0.00   0.00
  -60   0.00   0.00   0.00   0.00   0.00   0.00   1.02  -1.00   0.00   0.00   0.00   0.00   0.00   0.00   0.00   0.00   0.00   0.00   0.00
  -70   0.00   0.00   0.00   0.00   0.00   0.00   0.00   0.00   0.00   0.00   0.00   0.00   0.00   0.00   0.00   0.00   0.00   0.00   0.00
  -80  -3.00  -3.00  -3.00  -3.00  -3.00  -3.00  -3.00  -3.00   0.00   0.00   0.00   0.00  -1.00   0.00   0.00   0.00   0.00   0.00   0.00
  -90  -3.00  -3.00  -3.00  -3.00  -3.00  -3.00  -3.00  -3.00   0.00   0.00   0.00   0.00  -1.00   0.00   0.00   0.00   0.00   0.00   0.00
 -100  -3.00  -3.00  -3.00  -3.00  -3.00  -3.00  -3.00  -3.00   0.00   0.00   0.00   0.00  -1.00   0.00   0.00   0.00   0.00   0.00   0.00
 -110  -3.00  -3.00  -3.00  -3.00  -3.00  -3.00  -3.00  -3.00   0.00   0.00   0.00   0.00  -1.00   0.00   0.00   0.00   0.00   0.00   0.00
 -120  -3.00  -3.00  -3.00  -3.00  -3.00  -3.00  -3.00  -3.00   0.00   0.00   0.00   0.00  -1.00   0.00   0.00   0.00   0.00   0.00   0.00
 -130  -3.00  -3.00  -3.00  -3.00  -3.00  -3.00  -3.00  -3.00   0.00   0.00   0.00   0.00  -1.00   0.00   0.00   0.00   0.00   0.00   0.00
 -140  -3.00  -3.00  -3.00  -3.00  -3.00  -3.00  -3.00  -3.00   0.00   0.00   0.00   0.00  -1.00   0.00   0.00   0.00   0.00   0.00   0.00
 -150  -3.00  -3.00  -3.00  -3.00  -3.00  -3.00  -3.00  -3.00   0.00   0.00   0.00   0.00  -1.00   0.00   0.00   0.00   0.00   0.00   0.00
 -160  -3.00  -3.00  -3.00  -3.00  -3.00  -3.00  -3.00  -3.00   0.00   0.00   0.00   0.00  -1.00   0.00   0.00   0.00   0.00   0.00   0.00
 -170  -1.00  -2.00  -3.00  -4.00  -4.00  -3.00  -3.00  -3.00   0.00   0.00   0.00   0.00  -2.00   0.00   0.00   0.00   0.00   0.00   0.00
 -180  -2.00  -3.00  -4.93  -5.11  -6.68  -3.88  -2.95  -1.00   0.00   0.00   0.00   0.00  -3.27   0.00   0.00   0.00   0.00   0.00   0.00
  180  -5.13  -2.91  -0.43   0.90  -0.19  -3.01  -6.73   0.00   0.00   0.00  -3.00  -8.00 -10.58   0.00   0.00   0.00   0.00   0.00   0.00
  170  -4.65  -3.33  -1.10   0.83   0.73   0.48  -4.47  -9.16   0.00   0.00  -3.00  -8.00 -10.71   0.00   0.00   0.00   0.00   0.00   0.00
  160  -4.23  -3.57  -1.59   0.61   1.34   1.57  -2.09  -6.79  -5.00   0.00  -3.00  -6.00 -10.84   0.00   0.00   0.00   0.00   0.00   0.00
  150  -4.04  -3.58  -1.80   0.49   1.72   2.01  -0.04  -4.26  -3.00   0.00  -3.00  -6.00 -10.00  -1.00   0.00   0.00   0.00   0.00   0.00
  140  -4.18  -3.52  -1.75   0.54   1.87   1.88   1.29  -2.00  -2.00   0.00  -3.00  -6.00 -10.00  -3.00   0.00   0.00   0.00   0.00   0.00
  130  -4.66  -3.50  -1.52   0.71   1.90   1.74   1.82  -0.43  -1.00   0.00  -3.00  -6.00 -10.00  -6.00   0.00   0.00   0.00   0.00   0.00
  120  -5.36  -3.65  -1.20   1.04   1.93   1.25   1.61   0.32   0.00   0.00  -3.00  -6.00 -10.00  -6.00   0.00   0.00   0.00   0.00   0.00
  110  -6.13  -3.84  -0.87   1.44   2.03   1.24   0.90   0.23   0.00   0.00  -3.00  -6.00 -10.00  -6.00   0.00   0.00   0.00   0.00   0.00
  100  -6.82  -3.99  -0.52   1.89   2.33   1.23  -0.06  -0.61   0.00   0.00  -6.00  -8.00 -15.41  -6.00   0.00   0.00   0.00   0.00   0.00
   40  -7.29  -3.97  -0.15   2.40   2.88   1.97   0.00  -1.98  -1.00   0.00  -6.00 -10.00 -10.00  -6.00   0.00   0.00   0.00   0.00   0.00
   80  -7.38  -3.69   0.33   3.03   3.72   3.78   0.00  -1.00  -1.00   0.00  -6.00 -10.94 -10.00  -6.00   0.00   0.00   0.00   0.00   0.00
   70  -7.12  -3.18   0.91   3.76   4.85   6.30   0.23   0.00   0.00   0.00  -6.00  -9.63 -10.00  -3.00   0.00   0.00   0.00   0.00   0.00
   60  -6.61  -2.50   1.52   4.50   6.03   8.38   0.00   0.00   0.00   0.00  -6.00  -8.31 -11.04  -1.00   0.00   0.00   0.00   0.00   0.00
   50  -5.98  -1.91   2.02   5.02   6.86   4.85   0.00   0.00   0.00   0.00  -3.00  -8.03 -10.44   0.00   0.00   0.00   0.00   0.00   0.00
   40  -3.00  -1.56   2.26   5.08   6.98   2.00   0.00   0.00   0.00   0.00  -1.00  -7.75  -9.85   0.00   0.00   0.00   0.00   0.00   0.00
   30  -1.00  -1.53   2.07   3.00   6.35   1.00   0.00   0.00   0.00   0.00   0.00  -5.00  -9.24   0.00   0.00   0.00   0.00   0.00   0.00
   20   0.00   0.00   1.00   1.00   4.00   0.00   0.00   0.00   0.00   0.00   0.00  -3.00  -8.64   0.00   0.00   0.00   0.00   0.00   0.00
   10   0.00   0.00   0.00   0.00   2.00   0.00   0.00   0.00   0.00   0.00   0.00  -1.00  -6.00   0.00   0.00   0.00   0.00   0.00   0.00
    0   0.00   0.00   0.00   0.00   1.00   0.00   0.00   0.00   0.00   0.00   0.00   0.00  -4.00   0.00   0.00   0.00   0.00   0.00   0.00
  -10   0.00   0.00   0.00   0.00   0.00   1.00   1.00   1.00   0.00   0.00   0.00   0.00  -1.00   0.00   0.00   0.00   0.00   0.00   0.00
  -20   0.00   0.00   0.00   0.00   0.00   1.00   1.00   2.00   0.00   0.00   0.00   0.00   0.00   0.00   0.00   0.00   0.00   0.00   0.00
  -30   0.00   0.00   0.00   0.00   1.19   0.35   2.00   3.90   0.00   0.00   0.00   0.00   0.00   0.00   0.00   0.00   0.00   0.00   0.00
  -40   0.00   0.00   0.00   0.00   1.01  -0.17   1.28   2.17   0.00   0.00   0.00   0.00   0.00   0.00   0.00   0.00   0.00   0.00   0.00
  -50   0.00   0.00   0.00   0.00   0.54   0.00   0.00   0.66   0.00   0.00   0.00   0.00   0.00   0.00   0.00   0.00   0.00   0.00   0.00
  -60   0.00   0.00   0.00   0.00   0.00   0.00  -1.37  -0.55   0.00   0.00   0.00   0.00   0.00   0.00   0.00   0.00   0.00   0.00   0.00
  -70   0.00   0.00   0.00   0.00   0.00   0.00  -1.00   0.00   0.00   0.00   0.00   0.00   0.00   0.00   0.00   0.00   0.00   0.00   0.00
  -80   0.00   0.00   0.00   0.00   0.00   0.00   0.00   0.00   0.00   0.00   0.00   0.00   0.00   0.00   0.00   0.00   0.00   0.00   0.00
  -90   0.00   0.00   0.00   0.00   0.00   0.00   0.00   0.00   0.00   0.00   0.00   0.00   0.00   0.00   0.00   0.00   0.00   0.00   0.00
 -100   0.00   0.00   0.00   0.00   0.00   0.00   0.00   0.00   0.00   0.00   0.00   0.00   0.00   0.00   0.00   0.00   0.00   0.00   0.00
 -110   0.00   0.00   0.00   0.00   0.00   0.00   0.00   0.00   0.00   0.00   0.00   0.00   0.00   0.00   0.00   0.00   0.00   0.00   0.00
 -120   0.00   0.00   0.00   0.00   0.00   0.00   0.00   0.00   0.00   0.00   0.00   0.00   0.00   0.00   0.00   0.00   0.00   0.00   0.00
 -130   0.00   0.00   0.00   0.00   0.00   0.00   0.00   0.00   0.00   0.00   0.00   0.00   0.00   0.00   0.00   0.00   0.00   0.00   0.00
 -140   0.00   0.00   0.00   0.00   0.00   0.00   0.00   0.00   0.00   0.00   0.00   0.00   0.00   0.00   0.00   0.00   0.00   0.00   0.00
 -150   0.00   0.00   0.00   0.00   0.00   0.00   0.00   0.00   0.00   0.00   0.00   0.00  -2.00   0.00   0.00   0.00   0.00   0.00   0.00
 -160   0.00   0.00   0.00   0.00   0.00   0.00  -2.00   0.00   0.00   0.00   0.00  -2.00  -4.00   0.00   0.00   0.00   0.00   0.00   0.00
 -170  -3.00  -1.00   0.00   0.00   0.00  -1.00  -4.00   0.00   0.00   0.00  -1.00  -5.00  -7.00   0.00   0.00   0.00   0.00   0.00   0.00
 -180  -5.13  -2.91  -0.43   0.90  -0.19  -3.01  -6.73  -1.00   0.00   0.00  -3.00  -8.00 -10.58   0.00   0.00   0.00   0.00   0.00   0.00
  180   2.00   2.00   2.10   1.27   0.10  -1.79  -3.69  -2.00   0.00   0.00   0.00   0.00  -1.36   0.00   0.00   0.00   0.00   0.00   0.00
  170   2.00   2.00   2.62   1.77   0.64  -1.06  -2.80  -1.00   0.00   0.00   0.00  -1.00  -1.42   0.00   0.00   0.00   0.00   0.00   0.00
  160   2.00   2.00   3.15   2.27   1.17  -0.32  -1.91  -1.00   0.00   0.00   0.00  -1.00  -1.47   0.00   0.00   0.00   0.00   0.00   0.00
  150   2.00   3.00   4.65   3.88   3.08   1.91   0.53   0.00   0.00   0.00   0.00   0.00   0.17   0.00   0.00   0.00   0.00   0.00   0.00
  140   3.00   5.00   6.15   5.49   4.98   4.15   2.97   1.00   0.00   0.00   0.00   1.00   1.81   0.00   0.00   0.00   0.00   0.00   0.00
  130   5.00   7.00   7.30   6.71   6.67   6.80   6.80   3.00   0.00   0.00   0.00   2.00   3.17   0.00   0.00   0.00   0.00   0.00   0.00
  120   7.00   8.00   8.44   7.94   8.37   7.45  10.64   5.00   0.00   0.00   1.00   3.00   4.53   0.00   0.00   0.00   0.00   0.00   0.00
  110   8.00   8.00   8.42   7.77   8.63   9.24  15.17   9.00   0.00   0.00   3.00   4.00   4.33   0.00   0.00   0.00   0.00   0.00   0.00
  100   7.00   8.00   8.41   7.61   8.89  10.03  19.71  12.00   0.00   0.00   2.00   5.08   4.14   0.00   0.00   0.00   0.00   0.00   0.00
   90   5.00   7.00   7.02   6.49   7.77   9.80  12.70  11.00   0.00   0.00   1.00   3.59   3.07   0.00   0.00   0.00   0.00   0.00   0.00
   80   4.00   5.00   5.63   5.37   6.64   7.57  11.70   9.00   0.00   0.00   0.00   2.10   2.00   0.00   0.00   0.00   0.00   0.00   0.00
   70   3.00   4.00   4.00   4.17   5.42   6.00  10.00   7.00   0.00   0.00   1.00   1.30   0.46   0.00   0.00   0.00   0.00   0.00   0.00
   60   2.00   3.00   3.00   2.98   4.21   5.00   8.00   5.00   0.00   0.00   3.14   1.70  -0.08   0.00   0.00   0.00   0.00   0.00   0.00
   50   1.00   2.00   3.00   2.58   3.00   3.00   6.00   3.00   0.00   0.00   2.00   0.79   0.90   0.00   0.00   0.00   0.00   0.00   0.00
   40   0.00   1.00   2.61   2.18   2.00   1.00   4.00   2.00   0.00   0.00   2.00   0.87   1.02   0.00   0.00   0.00   0.00   0.00   0.00
   30   0.00   0.00   1.00   1.00   1.00   2.00   2.00   1.00   0.00   0.00   2.00   1.00   1.00   0.00   0.00   0.00   0.00   0.00   0.00
   20   0.00   0.00   0.00   0.00   4.03   2.00   1.00   0.00   0.00   0.00   1.00   2.00   0.00   0.00   0.00   0.00   0.00   0.00   0.00
   10   0.00   0.00   0.00   0.00   4.37   3.00   1.00   0.00   0.00   0.00   0.00   0.00   0.00   0.00   0.00   0.00   0.00   0.00   0.00
    0   0.00   0.00   0.00   0.00   4.71   4.00   2.00   0.00   0.00   0.00   0.00   0.00   0.00   0.00   0.00   0.00   0.00   0.00   0.00
  -10   0.00   0.00   0.00   0.00   3.00   3.00   2.00   0.00   0.00   0.00   0.00   0.00   0.00   0.00   0.00   0.00   0.00   0.00   0.00
  -20   0.00   0.00   0.00   0.00   2.00   2.00   2.00   0.00   0.00   0.00   0.00   0.00   0.00   0.00   0.00   0.00   0.00   0.00   0.00
  -30   0.00   0.00   0.00   0.00   1.00   1.00   2.00   1.00   0.00   0.00   0.00   0.00   0.00   0.00   0.00   0.00   0.00   0.00   0.00
  -40   0.00   0.00   0.00   0.00   0.00   0.15   1.37   2.00   0.00   0.00   0.00   0.00   0.00   0.00   0.00   0.00   0.00   0.00   0.00
  -50   0.00   0.00   0.00   0.00  -1.00   0.00   1.00   2.00   0.00   0.00   0.00   0.00   0.00   0.00   0.00   0.00   0.00   0.00   0.00
  -60   0.00   0.00   0.00   0.00  -1.00  -1.00  -1.37   0.50   0.00   0.00   0.00   0.00   0.00   0.00   0.00   0.00   0.00   0.00   0.00
  -70   0.00   0.00   0.00   0.00  -2.00  -2.00  -2.00  -1.00   0.00   0.00   0.00   0.00   0.00   0.00   0.00   0.00   0.00   0.00   0.00
  -80   2.00   1.00   0.00   0.00  -2.00  -2.00  -2.00  -2.00   0.00   0.00   0.00   0.00  -1.00   0.00   0.00   0.00   0.00   0.00   0.00
  -90   2.00   2.00   1.00   1.00  -2.00  -2.00  -2.00  -3.00   0.00   0.00   0.00   0.00  -1.00   0.00   0.00   0.00   0.00   0.00   0.00
 -100   2.00   2.00   1.00   1.00  -2.00  -2.00  -2.00  -3.00   0.00   0.00   0.00   0.00  -1.00   0.00   0.00   0.00   0.00   0.00   0.00
 -110   2.00   2.00   1.00   1.00  -2.00  -2.00  -2.00  -3.00   0.00   0.00   0.00   0.00  -1.00   0.00   0.00   0.00   0.00   0.00   0.00
 -120   2.00   2.00   1.00   1.00  -2.00  -2.00  -2.00  -3.00   0.00   0.00   0.00   0.00  -1.00   0.00   0.00   0.00   0.00   0.00   0.00
 -130   2.00   2.00   1.00   1.00  -1.00  -2.00  -2.00  -3.00   0.00   0.00   0.00   0.00  -1.00   0.00   0.00   0.00   0.00   0.00   0.00
 -140   2.00   2.00   1.00   1.00  -1.00  -2.00  -2.00  -3.00   0.00   0.00   0.00   0.00  -1.00   0.00   0.00   0.00   0.00   0.00   0.00
 -150   2.00   2.00   1.00   1.00  -1.00  -2.00  -2.00  -3.00   0.00   0.00   0.00   0.00  -1.00   0.00   0.00   0.00   0.00   0.00   0.00
 -160   2.00   2.00   1.00   1.00  -1.00  -2.00  -2.00  -3.00   0.00   0.00   0.00   0.00  -1.00   0.00   0.00   0.00   0.00   0.00   0.00
 -170   2.00   2.00   1.00   1.00   0.50  -2.00  -2.00  -1.00   0.00   0.00   0.00   0.00  -1.00   0.00   0.00   0.00   0.00   0.00   0.00
 -180   2.00   2.00   2.10   1.27   0.10  -1.79  -3.69  -2.00   0.00   0.00   0.00   0.00  -1.36   0.00   0.00   0.00   0.00   0.00   0.00
