#-----------------------------------------------------------------------------------------------------------------------------------------
#ps\ph  -180   -160   -140   -120   -100   -80    -60    -40     -20    0      20     40     60     80    100    120    140    160    180
#-----------------------------------------------------------------------------------------------------------------------------------------
  180  -4.05  -3.80  -2.29  -2.79  -2.04  -1.94  -0.22  -0.75   0.00   0.00   0.00   0.00  -1.47   0.00   0.00   0.00   0.00   0.00   0.00
  170  -3.55  -3.86  -2.20  -2.62  -2.01  -1.90  -0.45  -1.00   0.00   0.00   0.00  -0.50  -1.48   0.00   0.00   0.00   0.00   0.00   0.00
  160  -3.65  -3.42  -2.09  -2.47  -2.97  -1.87  -0.67  -1.00   0.00   0.00   0.00  -0.50  -1.49   0.00   0.00   0.00   0.00   0.00   0.00
  150  -3.65  -3.52  -2.98  -2.39  -2.92  -1.82  -1.73  -1.25   0.00   0.00   0.00  -1.00  -1.62   0.00   0.00   0.00   0.00   0.00   0.00
  140  -3.65  -3.63  -2.87  -2.31  -2.88  -1.75  -1.78  -1.40   0.00   0.00   0.00  -1.00  -1.75   0.00   0.00   0.00   0.00   0.00   0.00
  130  -3.65  -3.64  -3.77  -3.22  -2.73  -2.71  -1.72  -1.50   0.00   0.00   0.00  -1.50  -1.95   0.00   0.00   0.00   0.00   0.00   0.00
  120  -3.15  -3.65  -3.67  -4.12  -2.59  -2.66  -1.66  -1.75   0.00   0.00   0.00  -1.50  -2.14  -0.50   0.00   0.00   0.00   0.00   0.00
  110  -3.15  -3.15  -3.61  -4.07  -2.46  -2.60  -1.60  -1.25   0.00   0.00   0.00  -2.00  -2.37  -1.00   0.00   0.00   0.00   0.00   0.00
  100  -3.15  -3.15  -3.54  -4.02  -3.31  -2.55  -1.55  -1.50   0.00   0.00   0.00  -3.08  -2.60  -1.50   0.00   0.00   0.00   0.00   0.00
   90  -2.65  -3.21  -3.46  -3.95  -3.33  -2.56  -1.56  -1.50   0.00   0.00  -0.50  -3.19  -2.72  -1.50   0.00   0.00   0.00   0.00   0.00
   80  -2.65  -2.76  -3.39  -3.90  -3.34  -2.58  -1.58  -1.00   0.00   0.00  -1.00  -3.52  -2.85  -1.50   0.00   0.00   0.00   0.00   0.00
   70  -2.65  -2.75  -3.19  -3.42  -3.00  -1.73  -0.50  -1.00   0.00   0.00  -2.50  -3.81  -3.06  -1.50   0.00   0.00   0.00   0.00   0.00
   60  -2.65  -2.73  -3.19  -2.94  -2.64  -1.31   0.00  -0.50   0.00   0.00  -3.73  -4.10  -3.25  -1.50   0.00   0.00   0.00   0.00   0.00
   50  -2.65  -2.70  -2.66  -2.48  -1.92  -1.00   0.00   0.00   0.00   0.00  -2.50  -4.32  -3.43  -2.00   0.00   0.00   0.00   0.00   0.00
   40  -2.50  -2.67  -2.84  -2.02  -1.33  -0.50   0.00   0.00   0.00   0.00  -1.50  -4.55  -3.60  -2.50   0.00   0.00   0.00   0.00   0.00
   30  -1.50  -2.00  -2.50  -1.60  -1.23   1.00   0.00   0.00   0.00   0.00  -0.50  -2.50  -2.40  -2.00   0.00   0.00   0.00   0.00   0.00
   20  -1.00  -2.00  -2.00  -1.07  -0.91   1.00   0.00   0.00   0.00   0.00   0.00  -1.00  -1.61  -1.00   0.00   0.00   0.00   0.00   0.00
   10   0.00  -2.00  -1.00   0.00  -0.38   2.00   0.00   0.00   0.00   0.00   0.00   0.00  -1.00  -1.00   0.00   0.00   0.00   0.00   0.00
    0   0.00  -2.00  -1.00   0.00   1.00   2.00   0.00   0.00   0.00   0.00   0.00   0.00  -0.50  -1.00   0.00   0.00   0.00   0.00   0.00
  -10   0.00  -1.00   0.00   0.00   1.00   1.00   0.00   0.00   0.00   0.00   0.00   0.00   0.00   0.00   0.00   0.00   0.00   0.00   0.00
  -20   0.00   0.00   0.00   0.00  -0.01   0.22   0.34   0.33   0.00   0.00   0.00   0.00   0.00   0.00   0.00   0.00   0.00   0.00   0.00
  -30   0.00   0.00   0.00   0.00  -0.10   0.06   0.26  -0.72   0.00   0.00   0.00   0.00   0.00   0.00   0.00   0.00   0.00   0.00   0.00
  -40   0.00   0.00   0.00   0.00  -0.13   0.15  -0.38  -0.32   0.00   0.00   0.00   0.00   0.00   0.00   0.00   0.00   0.00   0.00   0.00
  -50   0.00   0.00   0.00   0.00  -0.14  -0.07   0.04  -0.36   0.00   0.00   0.00   0.00   0.00   0.00   0.00   0.00   0.00   0.00   0.00
  -60   0.00   0.25   0.15   0.05  -0.09  -0.05   0.54  -0.42   0.00   0.00   0.00   0.00   0.00   0.00   0.00   0.00   0.00   0.00   0.00
  -70   0.00   0.00   0.00   0.00   0.00   0.00   0.00   0.00   0.00   0.00   0.00   0.00   0.00   0.00   0.00   0.00   0.00   0.00   0.00
  -80  -1.00  -1.00  -1.00  -1.00  -1.00  -1.00  -1.00  -1.00   0.00   0.00   0.00   0.00  -1.00   0.00   0.00   0.00   0.00   0.00   0.00 
  -90  -1.00  -1.00  -1.00  -2.00  -2.00  -1.00  -1.00  -1.00   0.00   0.00   0.00   0.00  -1.00   0.00   0.00   0.00   0.00   0.00   0.00
 -100  -2.00  -2.00  -2.00  -2.00  -2.00  -1.00  -1.00  -1.00   0.00   0.00   0.00   0.00  -1.00   0.00   0.00   0.00   0.00   0.00   0.00
 -110  -2.00  -2.00  -2.00  -2.00  -2.00  -1.00  -1.00  -1.00   0.00   0.00   0.00   0.00  -1.00   0.00   0.00   0.00   0.00   0.00   0.00
 -120  -2.00  -2.00  -2.00  -3.00  -2.00  -1.00  -1.00  -1.00   0.00   0.00   0.00   0.00  -1.00   0.00   0.00   0.00   0.00   0.00   0.00
 -130  -2.00  -2.00  -3.00  -3.00  -2.00  -1.00  -1.00  -1.00   0.00   0.00   0.00   0.00  -1.00   0.00   0.00   0.00   0.00   0.00   0.00
 -140  -3.00  -2.00  -3.00  -3.00  -2.00  -1.00  -1.00  -1.00   0.00   0.00   0.00   0.00  -1.00   0.00   0.00   0.00   0.00   0.00   0.00
 -150  -3.00  -3.00  -3.00  -3.00  -2.00  -1.00  -1.00  -1.00   0.00   0.00   0.00   0.00  -1.00   0.00   0.00   0.00   0.00   0.00   0.00
 -160  -3.00  -3.00  -3.00  -3.00  -2.00  -1.00  -1.00  -1.00   0.00   0.00   0.00   0.00  -1.00   0.00   0.00   0.00   0.00   0.00   0.00
 -170  -3.00  -3.00  -3.00  -4.00  -3.00  -1.00  -1.00  -1.00   0.00   0.00   0.00   0.00  -1.00   0.00   0.00   0.00   0.00   0.00   0.00
 -180  -4.05  -3.80  -4.29  -4.79  -3.04  -1.94  -0.22  -0.75   0.00   0.00   0.00   0.00  -1.47   0.00   0.00   0.00   0.00   0.00   0.00
  180  -3.98  -1.80   0.74   0.45   1.28  -1.57  -5.36   5.00   0.00   0.00  -1.00  -2.00  -3.79   0.00   0.00   0.00   0.00   0.00   0.00
  170  -3.59  -2.27   0.03   2.00   2.13   1.06  -3.15  -5.84   0.00   0.00  -1.00  -2.00  -3.86   0.00   0.00   0.00   0.00   0.00   0.00
  160  -3.23  -2.58  -0.54   1.68   2.64   2.33  -0.82  -5.52  -2.50   0.00  -1.00  -1.00  -3.92   0.00   0.00   0.00   0.00   0.00   0.00
  150  -3.09  -2.67  -0.84   1.44   2.86   3.02   1.17  -3.06  -1.50   0.00  -1.00  -1.00  -2.00  -0.50   0.00   0.00   0.00   0.00   0.00
  140  -3.22  -2.65  -0.88   1.35   2.88   3.11   2.44  -2.88  -1.00   0.00  -1.00  -1.00  -2.00  -1.50   0.00   0.00   0.00   0.00   0.00
  130  -3.70  -2.69  -0.72   1.44   2.79   2.95   2.89  -3.66  -0.50   0.00  -1.00  -1.00  -2.00  -3.00   0.00   0.00   0.00   0.00   0.00
  120  -4.37  -2.85  -0.48   1.69   2.73   2.47   1.60  -1.36   0.00   0.00  -1.00  -1.00  -2.00  -3.00   0.00   0.00   0.00   0.00   0.00
  110  -5.07  -2.05  -0.23   2.00   2.75   2.19   1.80   0.22   0.00   0.00  -1.00  -1.00  -2.00  -3.00   0.00   0.00   0.00   0.00   0.00
  100  -4.71  -1.20   1.05   2.40   2.99   1.99   0.78   0.29   0.00   0.00  -1.00  -1.00  -3.75  -3.00   0.00   0.00   0.00   0.00   0.00
   90  -4.14  -1.17   1.38   2.85   3.48   2.34   0.33   1.14   0.00   0.00  -1.00  -2.00  -3.50  -3.00   0.00   0.00   0.00   0.00   0.00
   80  -4.22  -1.90   2.86   3.43   4.24   3.55   0.18   0.50   0.00   0.00  -1.00  -2.28  -3.02  -3.00   0.00   0.00   0.00   0.00   0.00
   70  -3.97  -1.42   2.43   4.08   5.20   5.55   0.83   0.00   0.00   0.00  -1.00  -2.82  -2.50  -1.50   0.00   0.00   0.00   0.00   0.00
   60  -3.51  -0.79   2.00   4.69   6.08   7.59   1.00   0.00   0.00   0.00  -1.00  -2.62  -2.49  -0.50   0.00   0.00   0.00   0.00   0.00
   50  -2.99   1.23   3.42   5.07   6.53   6.38   1.00   0.00   0.00   0.00  -1.00  -2.01  -2.02   0.00   0.00   0.00   0.00   0.00   0.00
   40  -2.00   2.91   2.58   5.02   6.35   4.00   1.50   0.00   0.00   0.00   0.00  -1.21  -1.31   0.00   0.00   0.00   0.00   0.00   0.00
   30  -1.50   3.77   2.36   3.67   5.61   2.50   1.50   0.00   0.00   0.00   0.00  -1.00  -0.62   0.00   0.00   0.00   0.00   0.00   0.00
   20   0.00   2.00   2.00   2.26   3.91   2.50   1.00   0.00   0.00   0.00   0.00  -0.00  -0.32   0.00   0.00   0.00   0.00   0.00   0.00
   10   0.00   1.00   1.00   2.00   2.38   2.50   1.50   0.00   0.00   0.00   0.00   0.00   0.00   0.00   0.00   0.00   0.00   0.00   0.00
    0   0.00   0.00   0.00   2.50   2.46   2.69   1.50   0.00   0.00   0.00   0.00   0.00   0.00   0.00   0.00   0.00   0.00   0.00   0.00
  -10   0.00   0.00   0.00   2.00   4.77   2.33   1.00   0.00   0.00   0.00   0.00   0.00   0.00   0.00   0.00   0.00   0.00   0.00   0.00
  -20   0.00   0.00   0.00   2.00   2.81   2.23   1.09   0.00   0.00   0.00   0.00   0.00   0.00   0.00   0.00   0.00   0.00   0.00   0.00
  -30   0.00   0.00   1.00   2.00   1.50   1.49   1.04   1.92   0.00   0.00   0.00   0.00   0.00   0.00   0.00   0.00   0.00   0.00   0.00
  -40   0.00   0.00   2.00   2.00   1.44   0.29   0.72   1.03   0.00   0.00   0.00   0.00   0.00   0.00   0.00   0.00   0.00   0.00   0.00
  -50   0.00   0.00   3.00   3.00   1.20   0.38   0.02   0.24   0.00   0.00   0.00   0.00   0.00   0.00   0.00   0.00   0.00   0.00   0.00
  -60   0.00   0.00   3.00   3.00   0.88   0.00  -0.94  -0.64   0.00   0.00   0.00   0.00   0.00   0.00   0.00   0.00   0.00   0.00   0.00
  -70   0.00   0.00   3.00   3.00   0.00   0.00  -0.50   0.00   0.00   0.00   0.00   0.00   0.00   0.00   0.00   0.00   0.00   0.00   0.00
  -80   0.00   0.00   2.00   2.00   0.00   0.00   0.00   0.00   0.00   0.00   0.00   0.00   0.00   0.00   0.00   0.00   0.00   0.00   0.00
  -90   0.00   0.00   1.00   1.00   0.00   0.00   0.00   0.00   0.00   0.00   0.00   0.00   0.00   0.00   0.00   0.00   0.00   0.00   0.00
 -100   0.00   0.00   0.00   0.00   0.00   0.00   0.00   0.00   0.00   0.00   0.00   0.00   0.00   0.00   0.00   0.00   0.00   0.00   0.00
 -110   0.00   0.00   0.00   0.00   0.00   0.00   0.00   0.00   0.00   0.00   0.00   0.00   0.00   0.00   0.00   0.00   0.00   0.00   0.00
 -120   0.00   0.00   0.00   0.00   0.00   0.00   0.00   0.00   0.00   0.00   0.00   0.00   0.00   0.00   0.00   0.00   0.00   0.00   0.00
 -130   0.00   0.00   0.00   0.00   0.00   0.00   0.00   0.00   0.00   0.00   0.00   0.00   0.00   0.00   0.00   0.00   0.00   0.00   0.00
 -140   0.00   0.00   0.00   0.00   0.00   0.00   0.00   0.00   0.00   0.00   0.00   0.00   0.00   0.00   0.00   0.00   0.00   0.00   0.00
 -150   0.00   0.00   0.00   0.00   0.00   0.00   0.00   0.00   0.00   0.00   0.00   0.00   0.00   0.00   0.00   0.00   0.00   0.00   0.00
 -160   0.00   0.00   0.00   0.00   0.00   0.00   0.00   0.00   0.00   0.00   0.00   0.00   0.00   0.00   0.00   0.00   0.00   0.00   0.00
 -170   0.00   0.00   0.00   0.00   0.00   0.00   0.00   0.00   0.00   0.00   0.00   0.00   0.00   0.00   0.00   0.00   0.00   0.00   0.00
 -180  -3.98  -1.80   0.74   0.45   1.28  -1.57  -5.36   0.00   0.00   0.00  -1.00  -2.00  -3.79   0.00   0.00   0.00   0.00   0.00   0.00
  180  -1.00  -0.54  -0.65  -1.32  -2.31  -3.88  -5.90  -3.00   0.00   0.00   0.00  -0.50  -2.30  -1.00   1.00  -1.00  -1.00  -1.00   0.00
  170  -0.50  -0.46  -0.27  -0.97  -1.85  -3.32  -5.09  -3.50   0.00   0.00   0.00  -2.00  -3.36  -2.50   2.00  -1.00  -2.00  -1.00   0.00
  160   0.00  -0.38   0.11  -0.62  -1.41  -2.75  -4.27  -2.50   0.00   0.00   0.00  -3.00  -4.42  -2.00   2.00  -1.00  -2.00  -1.00   0.00
  150   0.50   0.91   1.60   0.91   0.29  -0.64  -1.92  -1.50   0.00   0.00   0.00  -2.00  -2.65  -1.50   2.00  -1.00  -2.00  -1.00   0.00
  140   1.50   2.69   3.08   2.44   1.98   1.49   0.43   0.00   0.00   0.00   0.00  -1.00  -0.88  -1.00   2.00   0.00  -2.00  -1.00   0.00
  130   3.00   4.32   4.19   3.52   3.52   3.90   3.99   1.50   0.00   0.00   0.00   0.50   0.56  -0.50   3.00   0.00   0.00   0.00   0.00
  120   4.50   5.45   5.30   4.62   5.06   6.32   7.56   4.00   0.00   0.00   0.50   1.50   2.00   0.00   3.00   0.00   0.00   0.00   0.00
  110   5.50   5.43   5.28   4.43   5.16   7.86  11.78   7.50   0.00   0.00   1.50   2.00   1.86   0.00   3.00   0.00   0.00   0.00   0.00
  100   5.00   5.42   5.25   4.25   5.25   9.38  16.01  10.50   0.00   0.00   1.00   2.54   1.73   0.00   1.00   0.00   0.00   0.00   0.00
   90   3.50   4.42   4.05   3.10   3.96   8.89  18.82   5.50   0.00   0.00   0.50   1.29   0.71   0.00   0.00   0.00   0.00   0.00   0.00
   80   2.50   2.94   2.84   1.94   2.67   8.40  20.14   4.50   0.00   0.00   0.00  -0.18  -0.30  -0.50   0.00   0.00   0.00   0.00   0.00
   70   1.50   1.65   1.41   0.84   1.30   6.10   9.00   3.50   0.00   0.00  -0.50  -2.65  -1.77  -1.00   0.00   0.00   0.00   0.00   0.00
   60   0.50   0.36   0.28  -0.25  -0.06   3.58   5.00   2.50   0.00   0.00  -0.93  -5.12  -3.23  -1.50   0.00   0.00   0.00   0.00   0.00
   50  -0.50  -0.60  -0.06  -0.48  -0.54   2.50   3.00   1.50   0.00   0.00  -1.00  -4.59  -4.13  -1.00   0.00   0.00   0.00   0.00   0.00
   40   0.00  -1.56  -0.60  -0.71  -0.92   1.50   2.00   1.00   0.00   0.00  -0.50  -4.06  -5.02  -2.50   0.00   0.00   0.00   0.00   0.00
   30   0.00   0.00   0.50  -1.12  -1.15   0.50   1.00   0.50   0.00   0.00   0.00  -2.50  -2.02  -1.00  -1.00   0.00   0.00   0.00   0.00
   20   0.00   0.00   0.00  -1.44   0.63   0.00   0.50   0.00   0.00   0.00   0.00  -1.00   1.39   1.00  -2.00   0.00   0.00   0.00   0.00
   10   0.00   0.00   0.00  -0.50   1.69  -0.50  -0.50   0.00   0.00   0.00   0.00   0.00   1.00   1.00  -2.00   0.00   0.00   0.00   0.00
    0   0.00   0.00   0.00   0.00   1.35  -1.00  -1.00  -0.50   0.00   0.00   0.00   1.00   1.00   1.00  -2.00   0.00   0.00   0.00   0.00
  -10   0.00   0.00   0.00  -1.00  -1.50  -1.50  -1.50  -1.00   0.00   0.00   0.00   0.00   1.00   0.00  -2.00   0.00   0.00   0.00   0.00
  -20   0.00   0.00   0.00  -1.50  -2.26  -2.10  -2.08  -1.50  -0.50   0.00   0.00   0.00   1.00   0.00  -2.00   0.00   0.00   0.00   0.00
  -30   0.00  -0.50  -0.50  -2.00  -2.75  -2.35  -2.54  -2.93  -2.00   0.00   0.00   0.00   0.00   0.00   0.00   0.00   0.00   0.00   0.00
  -40  -0.50  -1.50  -1.50  -2.50  -3.26  -2.72  -2.38  -2.26  -3.00   0.00   0.00   0.00   0.00   0.00   0.00   0.00   0.00   0.00   0.00
  -50  -2.00  -2.50  -2.50  -3.00  -4.25  -2.61  -2.09  -3.63  -4.00   0.00   0.00   0.00   0.00   0.00   0.00   0.00   0.00   0.00   0.00
  -60  -3.00  -3.50  -3.50  -3.50  -4.46  -2.78  -2.68  -3.25  -4.00   0.00   0.00   0.00   0.00   0.00   0.00   0.00   0.00   0.00   0.00
  -70  -1.50  -2.50  -2.50  -2.50  -2.50  -2.00  -2.00  -3.00  -2.00   0.00   0.00   0.00   0.00   0.00   0.00   0.00   0.00   0.00   0.00
  -80  -0.50  -1.00  -1.00  -1.00  -1.50  -0.50  -0.50  -1.00  -0.50   0.00   0.00   1.00   1.00   0.00   0.00   0.00   0.00   0.00   0.00
  -90  -3.00  -3.00  -3.00  -3.00  -3.00  -3.00  -3.00  -3.00   0.00   0.00   0.00   5.00   6.00   2.00   1.00   0.00   0.00   0.00   0.00
 -100  -3.00  -3.00  -3.00  -3.00  -3.00  -3.00  -3.00  -3.00   0.00   0.00   0.00   7.00   8.00   4.00   1.00  -1.00  -1.00   0.00   0.00
 -110  -3.00  -3.00  -3.00  -3.00  -3.00  -3.00  -3.00  -3.00   0.00   0.00   0.00   8.00  10.00   7.00   2.00  -1.00  -1.00   0.00   0.00
 -120  -3.00  -3.00  -3.00  -3.00  -3.00  -3.00  -3.00  -3.00   0.00   0.00   0.00  10.00  13.00   9.00   2.00  -1.00  -1.00   0.00   0.00
 -130  -3.00  -3.00  -3.00  -3.00  -3.00  -3.00  -3.00  -3.00   0.00   0.00   0.00   7.00  12.00  10.00   2.00  -1.00  -1.00   0.00   0.00
 -140  -3.00  -3.00  -3.00  -3.00  -3.00  -3.00  -3.00  -3.00   0.00   0.00   0.00   5.00   9.00   8.00   1.00  -1.00  -1.00   0.00   0.00
 -150  -3.00  -3.00  -3.00  -3.00  -3.00  -3.00  -3.00  -3.00   0.00   0.00   0.00   3.00   5.00   5.00   0.00  -1.00  -1.00   0.00   0.00
 -160  -3.00  -3.00  -3.00  -3.00  -3.00  -3.00  -3.00  -3.00   0.00   0.00   0.00   1.00   2.00   2.00   0.00  -1.00  -1.00   0.00   0.00
 -170  -3.00  -3.00  -3.00  -3.00  -3.00  -3.00  -3.00  -0.00   0.00   0.00   0.00   0.00   0.00   0.00   0.00  -1.00  -1.00   0.00   0.00
 -180  -1.00  -0.54  -0.65  -1.32  -2.31  -3.88  -5.90  -3.00   0.00   0.00   0.00  -0.50  -2.30  -1.00   1.00  -1.00  -1.00   0.00   0.00
