#-----------------------------------------------------------------------------------------------------------------------------------------
#ps\ph  -180   -160   -140   -120   -100   -80    -60    -40    -20     0      20     40     60     80    100    120    140    160    180
#-----------------------------------------------------------------------------------------------------------------------------------------
  180   0.01   0.03  -0.08  -0.07   0.07   0.21   0.30   0.00   0.00   0.00   0.00   0.00  -0.05   0.00   0.00   0.00   0.00   0.00   0.00
  170   0.00  -0.02  -0.10  -0.11   0.01   0.09   0.27   0.03   0.00   0.00   0.00   0.00  -0.07   0.00   0.00   0.00   0.00   0.00   0.00
  160  -0.02  -0.02  -0.10  -0.10  -0.02   0.01   0.17   0.04   0.00   0.00   0.00   0.00  -0.10   0.00   0.00   0.00   0.00   0.00   0.00
  150  -0.04  -0.06  -0.11  -0.13  -0.04  -0.07   0.07   0.01   0.00   0.00   0.00   0.00   0.00   0.00   0.00   0.00   0.00   0.00   0.00
  140  -0.07  -0.07  -0.14  -0.16  -0.06  -0.06   0.00  -0.03   0.00   0.00   0.00   0.00   0.00   0.00   0.00   0.00   0.00   0.00   0.00
  130  -0.06  -0.07  -0.16  -0.17  -0.08  -0.03  -0.03  -0.08   0.00   0.00   0.00   0.00   0.00   0.00   0.00   0.00   0.00   0.00   0.00
  120  -0.04  -0.04  -0.18  -0.16  -0.11  -0.02  -0.03  -0.10   0.00   0.00   0.00   0.00   0.00   0.00   0.00   0.00   0.00   0.00   0.00
  110  -0.02  -0.01  -0.17  -0.15  -0.10  -0.02  -0.03  -0.12   0.00   0.00   0.00   0.00   0.00   0.00   0.00   0.00   0.00   0.00   0.00
  100   0.00   0.00  -0.15  -0.15  -0.05  -0.03  -0.03  -0.15   0.00   0.00   0.00   0.00  -0.05   0.00   0.00   0.00   0.00   0.00   0.00
   90   0.01  -0.01  -0.12  -0.14  -0.02  -0.03  -0.07  -0.23   0.00   0.00   0.00   0.00   0.00   0.00   0.00   0.00   0.00   0.00   0.00
   80   0.04   0.01  -0.10  -0.12   0.00   0.00  -0.12   0.00   0.00   0.00   0.00   0.04   0.01   0.00   0.00   0.00   0.00   0.00   0.00
   70   0.08   0.05  -0.07  -0.08   0.01   0.00  -0.12   0.00   0.00   0.00   0.00   0.00   0.00   0.00   0.00   0.00   0.00   0.00   0.00
   60   0.12   0.09  -0.03  -0.04   0.02  -0.03   0.00   0.00   0.00   0.00   0.00   0.02   0.07   0.00   0.00   0.00   0.00   0.00   0.00
   50  -0.04   0.12   0.03   0.00   0.04  -0.17   0.00   0.00   0.00   0.00   0.00  -0.10   0.09   0.00   0.00   0.00   0.00   0.00   0.00
   40   0.00   0.13   0.05   0.02   0.08   0.00   0.00   0.00   0.00   0.00   0.00  -0.08   0.08   0.00   0.00   0.00   0.00   0.00   0.00
   30   0.00  -0.07   0.02   0.21   0.18   0.00   0.00   0.00   0.00   0.00   0.00   0.00  -0.01   0.00   0.00   0.00   0.00   0.00   0.00
   20   0.00   0.00   0.00   0.14   0.41   0.00   0.00   0.00   0.00   0.00   0.00   0.00  -0.09   0.00   0.00   0.00   0.00   0.00   0.00
   10   0.00   0.00   0.00   0.00   0.33   0.00   0.00   0.00   0.00   0.00   0.00   0.00   0.00   0.00   0.00   0.00   0.00   0.00   0.00
    0   0.00   0.00   0.00   0.00   0.10   0.95   0.00   0.00   0.00   0.00   0.00   0.00   0.00   0.00   0.00   0.00   0.00   0.00   0.00
  -10   0.00   0.00   0.00   0.00  -0.12   0.62   0.00   0.00   0.00   0.00   0.00   0.00   0.00   0.00   0.00   0.00   0.00   0.00   0.00
  -20   0.00   0.00   0.00   0.00  -0.17   0.17   1.23   0.00   0.00   0.00   0.00   0.00   0.00   0.00   0.00   0.00   0.00   0.00   0.00
  -30   0.00   0.00   0.00   0.00  -0.16  -0.12   0.64   0.83   0.00   0.00   0.00   0.00   0.00   0.00   0.00   0.00   0.00   0.00   0.00
  -40   0.00   0.00   0.00   0.00  -0.12  -0.16   0.11   0.59   0.00   0.00   0.00   0.00   0.00   0.00   0.00   0.00   0.00   0.00   0.00
  -50   0.00   0.00   0.00   0.00  -0.10  -0.13  -0.07   0.14   0.00   0.00   0.00   0.00   0.00   0.00   0.00   0.00   0.00   0.00   0.00
  -60   0.00   0.00   0.00   0.00  -0.03   0.00  -0.10  -0.10   0.00   0.00   0.00   0.00   0.00   0.00   0.00   0.00   0.00   0.00   0.00
  -70   0.00   0.00   0.00   0.00   0.00   0.00   0.00   0.00   0.00   0.00   0.00   0.00   0.00   0.00   0.00   0.00   0.00   0.00   0.00
  -80   0.00   0.00   0.00   0.00   0.00   0.00   0.00   0.00   0.00   0.00   0.00   0.00   0.00   0.00   0.00   0.00   0.00   0.00   0.00
  -90   0.00   0.00   0.00   0.00   0.00   0.00   0.00   0.00   0.00   0.00   0.00   0.00   0.00   0.00   0.00   0.00   0.00   0.00   0.00
 -100   0.00   0.00   0.00   0.00   0.00   0.00   0.00   0.00   0.00   0.00   0.00   0.00   0.00   0.00   0.00   0.00   0.00   0.00   0.00
 -110   0.00   0.00   0.00   0.00   0.00   0.00   0.00   0.00   0.00   0.00   0.00   0.00   0.00   0.00   0.00   0.00   0.00   0.00   0.00
 -120   0.00   0.00   0.00   0.00   0.00   0.00   0.00   0.00   0.00   0.00   0.00   0.00   0.00   0.00   0.00   0.00   0.00   0.00   0.00
 -130   0.00   0.00   0.00   0.00   0.00   0.00   0.00   0.00   0.00   0.00   0.00   0.00   0.00   0.00   0.00   0.00   0.00   0.00   0.00
 -140   0.00   0.00   0.00   0.00   0.00   0.00   0.00   0.00   0.00   0.00   0.00   0.00   0.00   0.00   0.00   0.00   0.00   0.00   0.00
 -150   0.00   0.00   0.00   0.00   0.00   0.00   0.00   0.00   0.00   0.00   0.00   0.00   0.00   0.00   0.00   0.00   0.00   0.00   0.00
 -160   0.00   0.00   0.00   0.00   0.00   0.00   0.00   0.00   0.00   0.00   0.00   0.00   0.00   0.00   0.00   0.00   0.00   0.00   0.00
 -170   0.00   0.00   0.00   0.00   0.00   0.00   0.00   0.00   0.00   0.00   0.00   0.00   0.00   0.00   0.00   0.00   0.00   0.00   0.00
 -180   0.01   0.03  -0.08  -0.07   0.07   0.21   0.30   0.00   0.00   0.00   0.00   0.00  -0.05   0.00   0.00   0.00   0.00   0.00   0.00
  180  -1.50   0.70   1.87   1.30  -0.12  -1.46  -1.60   0.00   0.00   0.00   0.00  -0.50  -1.31   0.00   0.00   0.00   0.00   0.00   0.00
  170  -1.78   0.50   1.72   1.10  -0.36  -1.79  -1.98  -0.79   0.00   0.00   0.00  -0.50  -1.48   0.00   0.00   0.00   0.00   0.00   0.00
  160  -1.99   0.43   1.60   0.99  -0.48  -1.90  -2.20  -1.14   0.00   0.00   0.00  -0.50  -1.64   0.00   0.00   0.00   0.00   0.00   0.00
  150  -2.20   0.29   1.47   0.83  -0.60  -2.11  -2.33  -1.41   0.00   0.00   0.00  -0.50  -1.50  -0.50   0.00   0.00   0.00   0.00   0.00
  140  -2.43   0.08   1.28   0.62  -0.77  -2.20  -2.43  -1.61   0.00   0.00   0.00  -0.50  -1.50  -0.50   0.00   0.00   0.00   0.00   0.00
  130  -2.66  -0.18   1.01   0.36  -1.00  -2.33  -2.53  -1.76   0.00   0.00   0.00  -0.50  -1.50  -0.50   0.00   0.00   0.00   0.00   0.00
  120  -2.94  -0.54   0.64  -0.01  -1.36  -2.81  -2.69  -1.92   0.00   0.00   0.00  -0.50  -1.50  -0.50   0.00   0.00   0.00   0.00   0.00
  110  -3.26  -0.91   0.23  -0.42  -1.75  -3.07  -2.93  -2.08   0.00   0.00   0.00  -0.50  -1.50   0.00   0.00   0.00   0.00   0.00   0.00
  100  -3.55  -1.27  -0.32  -0.80  -2.13  -3.33  -3.22  -2.27   0.00   0.00   0.00  -0.50  -4.92   0.00   0.00   0.00   0.00   0.00   0.00
   90  -3.72  -1.50  -0.54  -1.01  -2.39  -3.54  -3.29  -2.40   0.00   0.00   0.00  -0.50  -1.00   0.00   0.00   0.00   0.00   0.00   0.00
   80  -3.71  -1.50  -0.75  -1.03  -2.46  -3.61  -3.35  -0.50   0.00   0.00   0.00  -2.23  -3.82   0.00   0.00   0.00   0.00   0.00   0.00
   70  -3.58  -1.34  -0.81  -0.90  -2.35  -3.54  -3.75   0.00   0.00   0.00   0.00  -0.68  -1.50   0.00   0.00   0.00   0.00   0.00   0.00
   60  -3.44  -1.16  -0.93  -0.73  -2.19  -3.38  -2.50   0.00   0.00   0.00   0.00  -2.56  -5.82  -0.50   0.00   0.00   0.00   0.00   0.00
   50  -1.03  -1.00  -0.94  -0.54  -2.00  -2.32  -2.25   0.00   0.00   0.00   0.00  -0.79  -2.42  -0.50   0.00   0.00   0.00   0.00   0.00
   40  -0.50  -0.82  -0.88  -0.32  -1.78  -1.00  -2.00   0.00   0.00   0.00   0.00  -2.52  -5.55  -0.50   0.00   0.00   0.00   0.00   0.00
   30  -0.25  -0.33  -0.74  -0.35  -1.45  -1.00  -1.00   0.00   0.00   0.00   0.00  -0.50  -2.21  -0.50   0.00   0.00   0.00   0.00   0.00
   20   0.00   0.00  -0.50  -0.38  -1.13  -1.00  -1.00   0.00   0.00   0.00   0.00  -0.25  -2.07  -0.50   0.00   0.00   0.00   0.00   0.00
   10   0.00   0.00   0.00   0.00  -0.94  -1.00  -1.00   0.00   0.00   0.00   0.00   0.00  -1.50   0.00   0.00   0.00   0.00   0.00   0.00
    0   0.00   0.00   0.00   0.00  -0.81  -1.52  -1.00   0.00   0.00   0.00   0.00   0.00  -1.00   0.00   0.00   0.00   0.00   0.00   0.00
  -10   0.00   0.00   0.00   0.00  -0.77  -1.47  -1.00   0.00   0.00   0.00   0.00   0.00  -0.50   0.00   0.00   0.00   0.00   0.00   0.00
  -20   0.00   0.00   0.00   0.00  -0.75  -1.47  -1.66   0.00   0.00   0.00   0.00   0.00   0.00   0.00   0.00   0.00   0.00   0.00   0.00
  -30   0.00   0.00   0.00   0.25  -0.18  -1.55  -1.68  -1.15   0.00   0.00   0.00   0.00   0.00   0.00   0.00   0.00   0.00   0.00   0.00
  -40   0.00   0.00   0.00   0.50  -0.10  -1.30  -1.79  -1.02   0.00   0.00   0.00   0.00   0.00   0.00   0.00   0.00   0.00   0.00   0.00
  -50   0.00   0.00   0.00   0.50   0.14  -1.25  -1.42  -0.66   0.00   0.00   0.00   0.00   0.00   0.00   0.00   0.00   0.00   0.00   0.00
  -60   0.00   0.00   0.00   0.25   0.03   0.00  -0.95  -0.14   0.00   0.00   0.00   0.00   0.00   0.00   0.00   0.00   0.00   0.00   0.00
  -70   0.00   0.00   0.00   0.00   0.00   0.00   0.00   0.50   0.00   0.00   0.00   0.00   0.00   0.00   0.00   0.00   0.00   0.00   0.00
  -80   0.00   0.00   0.00   0.00   0.00   0.00   0.00   0.25   0.00   0.00   0.00   0.00   0.00   0.00   0.00   0.00   0.00   0.00   0.00
  -90   0.00   0.00   0.00   0.00   0.00   0.00   0.00   0.00   0.00   0.00   0.00   0.00   0.00   0.00   0.00   0.00   0.00   0.00   0.00
 -100   0.00   0.00   0.00   0.00   0.00   0.00   0.00   0.00   0.00   0.00   0.00   0.00   0.00   0.00   0.00   0.00   0.00   0.00   0.00
 -110   0.00   0.00   0.00   0.00   0.00   0.00   0.00   0.00   0.00   0.00   0.00   0.00   0.00   0.00   0.00   0.00   0.00   0.00   0.00
 -120   0.00   0.00   0.00   0.00   0.00   0.00   0.00   0.00   0.00   0.00   0.00   0.00   0.00   0.00   0.00   0.00   0.00   0.00   0.00
 -130   0.00   0.00   0.00   0.00   0.00   0.00   0.00   0.00   0.00   0.00   0.00   0.00   0.00   0.00   0.00   0.00   0.00   0.00   0.00
 -140   0.00   0.00   0.00   0.00   0.00   0.00   0.00   0.00   0.00   0.00   0.00   0.00   0.00   0.00   0.00   0.00   0.00   0.00   0.00
 -150   0.00   0.00   0.00   0.00   0.00   0.00   0.00   0.00   0.00   0.00   0.00   0.00   0.00   0.00   0.00   0.00   0.00   0.00   0.00
 -160   0.00   0.00   0.00   0.00   0.00   0.00   0.00   0.00   0.00   0.00   0.00   0.00   0.00   0.00   0.00   0.00   0.00   0.00   0.00
 -170   0.00   0.00   0.00   0.00   0.00   0.00   0.00   0.00   0.00   0.00   0.00   0.00   0.00   0.00   0.00   0.00   0.00   0.00   0.00
 -180  -0.01   1.02   1.62   1.30   0.59  -0.09  -0.14   0.00   0.00   0.00   0.00  -0.50  -1.31   0.00   0.00   0.00   0.00   0.00   0.00
  180   0.58   0.60   0.62   0.67   0.62   0.59   0.61   0.00   0.00   0.00   0.00   0.50   0.67   0.00   0.00   0.00   0.00   0.00   0.00
  170   0.64   0.59   0.66   0.67   0.59   0.61   0.54   0.76   0.00   0.00   0.00   0.50   0.69   0.00   0.00   0.00   0.00   0.00   0.00
  160   0.56   0.65   0.61   0.60   0.57   0.54   0.52   0.56   0.00   0.00   0.00   0.00   0.71   0.00   0.00   0.00   0.00   0.00   0.00
  150   0.59   0.57   0.55   0.53   0.51   0.54   0.48   0.47   0.00   0.00   0.00   0.00   0.50   0.00   0.00   0.00   0.00   0.00   0.00
  140   0.57   0.55   0.60   0.51   0.55   0.47   0.39   0.25   0.00   0.00   0.00   0.00   0.00   0.00   0.00   0.00   0.00   0.00   0.00
  130   0.56   0.59   0.50   0.53   0.52   0.51   0.35   0.08   0.00   0.00   0.00   0.00   0.00   0.00   0.00   0.00   0.00   0.00   0.00
  120   0.56   0.49   0.50   0.50   0.52   0.46   0.41  -0.06   0.00   0.00   0.00   0.00   0.00   0.00   0.00   0.00   0.00   0.00   0.00
  110   0.55   0.51   0.49   0.42   0.47   0.49   0.45  -0.04   0.00   0.00   0.00   0.00   0.00   0.00   0.00   0.00   0.00   0.00   0.00
  100   0.59   0.54   0.42   0.42   0.40   0.49   0.55   0.03   0.00   0.00   0.00   0.00   0.68   0.00   0.00   0.00   0.00   0.00   0.00
   90   0.65   0.57   0.37   0.32   0.47   0.51   0.43   0.14   0.00   0.00   0.00   0.50   0.00   0.00   0.00   0.00   0.00   0.00   0.00
   80   0.67   0.56   0.48   0.35   0.39   0.46   0.47   0.50   0.00   0.00   0.00   0.69   0.46   0.00   0.00   0.00   0.00   0.00   0.00
   70   0.72   0.63   0.53   0.41   0.33   0.39   0.42   0.25   0.00   0.00   0.00   0.70   0.50   0.50   0.00   0.00   0.00   0.00   0.00
   60   0.77   0.70   0.66   0.39   0.26   0.23   0.00   0.00   0.00   0.00   0.00   0.56   0.62   0.50   0.00   0.00   0.00   0.00   0.00
   50   0.61   0.85   0.82   0.66   0.23   0.92   0.00   0.00   0.00   0.00   0.00   0.70   0.67   0.50   0.00   0.00   0.00   0.00   0.00
   40   0.50   0.88   0.80   0.97   0.66   0.50   0.00   0.00   0.00   0.00   0.00   0.45   0.56   0.50   0.00   0.00   0.00   0.00   0.00
   30   0.25   0.70   1.15   0.69   1.68   0.50   0.00   0.00   0.00   0.00   0.00   0.50   0.69   0.50   0.00   0.00   0.00   0.00   0.00
   20   0.00   0.50   0.70   0.64   1.21   0.25   0.00   0.00   0.00   0.00   0.00   0.00   0.69   0.00   0.00   0.00   0.00   0.00   0.00
   10   0.00   0.50   0.50   0.25   0.63   0.00   0.00   0.00   0.00   0.00   0.00   0.00   0.50   0.00   0.00   0.00   0.00   0.00   0.00
    0   0.00   0.25   0.25   0.00   0.60   0.11   0.00   0.00   0.00   0.00   0.00   0.00   0.00   0.00   0.00   0.00   0.00   0.00   0.00
  -10   0.00   0.00   0.00   0.00   0.33   0.34   0.00   0.50   0.00   0.00   0.00   0.00   0.00   0.00   0.00   0.00   0.00   0.00   0.00
  -20   0.00   0.00   0.00   0.00   0.57   0.53   0.07   1.00   0.00   0.00   0.00   0.00   0.00   0.00   0.00   0.00   0.00   0.00   0.00
  -30   0.00   0.00   0.00   0.50   1.16   0.94   0.09   2.04   0.00   0.00   0.00   0.00   0.00   0.00   0.00   0.00   0.00   0.00   0.00
  -40   0.00   0.00   0.00   0.50   0.99   1.11   0.01   1.29   0.00   0.00   0.00   0.00   0.00   0.00   0.00   0.00   0.00   0.00   0.00
  -50   0.00   0.00   0.00   0.50   0.89   0.48   0.03   0.50   0.00   0.00   0.00   0.00   0.00   0.00   0.00   0.00   0.00   0.00   0.00
  -60   0.00   0.00   0.00   0.00   0.52   0.00   0.54   0.26   0.00   0.00   0.00   0.00   0.00   0.00   0.00   0.00   0.00   0.00   0.00
  -70   0.00   0.00   0.00   0.00   0.00   0.00   0.00   0.00   0.00   0.00   0.00   0.00   0.00   0.00   0.00   0.00   0.00   0.00   0.00
  -80   0.00   0.00   0.00   0.00   0.00   0.00   0.00   0.00   0.00   0.00   0.00   0.00   0.00   0.00   0.00   0.00   0.00   0.00   0.00
  -90   0.00   0.00   0.00   0.00   0.00   0.00   0.00   0.00   0.00   0.00   0.00   0.00   0.00   0.00   0.00   0.00   0.00   0.00   0.00
 -100   0.00   0.00   0.00   0.00   0.00   0.00   0.00   0.00   0.00   0.00   0.00   0.00   0.00   0.00   0.00   0.00   0.00   0.00   0.00
 -110   0.00   0.00   0.00   0.00   0.00   0.00   0.00   0.00   0.00   0.00   0.00   0.00   0.00   0.00   0.00   0.00   0.00   0.00   0.00
 -120   0.00   0.00   0.00   0.00   0.00   0.00   0.00   0.00   0.00   0.00   0.00   0.00   0.00   0.00   0.00   0.00   0.00   0.00   0.00
 -130   0.00   0.00   0.00   0.00   0.00   0.00   0.00   0.00   0.00   0.00   0.00   0.00   0.00   0.00   0.00   0.00   0.00   0.00   0.00
 -140   0.00   0.00   0.00   0.00   0.00   0.00   0.00   0.00   0.00   0.00   0.00   0.00   0.00   0.00   0.00   0.00   0.00   0.00   0.00
 -150   0.00   0.00   0.00   0.00   0.00   0.00   0.00   0.00   0.00   0.00   0.00   0.00   0.00   0.00   0.00   0.00   0.00   0.00   0.00
 -160   0.00   0.00   0.00   0.00   0.00   0.00   0.00   0.00   0.00   0.00   0.00   0.00   0.00   0.00   0.00   0.00   0.00   0.00   0.00
 -170   0.00   0.00   0.00   0.00   0.00   0.00   0.00   0.00   0.00   0.00   0.00   0.00   0.00   0.00   0.00   0.00   0.00   0.00   0.00
 -180   0.58   0.60   0.62   0.67   0.62   0.59   0.61   0.00   0.00   0.00   0.00   0.00   0.67   0.00   0.00   0.00   0.00   0.00   0.00
