#-----------------------------------------------------------------------------------------------------------------------------------------
#ps\ph  -180   -160   -140   -120   -100   -80  -60  -40  -20   0    20   40   60   80  100  120  140  160  180
#-----------------------------------------------------------------------------------------------------------------------------------------
  180   0.05  -0.09  -0.20  -0.34  -0.20  -0.30  -0.31   0.00   0.00   0.00   0.00   0.00   0.20   0.00   0.00   0.00   0.00   0.00   0.00
  170   0.04  -0.07  -0.12  -0.28  -0.17  -0.29  -0.28  -0.39   0.00   0.00   0.00   0.00   0.19   0.00   0.00   0.00   0.00   0.00   0.00
  160  -0.02  -0.12  -0.07  -0.24  -0.21  -0.31  -0.31  -0.36   0.00   0.00   0.00   0.00   0.18   0.00   0.00   0.00   0.00   0.00   0.00
  150  -0.01  -0.18  -0.09  -0.29  -0.31  -0.33  -0.37  -0.39   0.00   0.00   0.00   0.00   0.00   0.00   0.00   0.00   0.00   0.00   0.00
  140  -0.02  -0.14  -0.12  -0.31  -0.37  -0.40  -0.41  -0.48   0.00   0.00   0.00   0.00   0.00   0.00   0.00   0.00   0.00   0.00   0.00
  130   0.03  -0.07  -0.15  -0.32  -0.35  -0.42  -0.42  -0.59   0.00   0.00   0.00   0.00   0.00   0.00   0.00   0.00   0.00   0.00   0.00
  120   0.04  -0.01  -0.20  -0.33  -0.38  -0.43  -0.42  -0.68   0.00   0.00   0.00   0.00   0.00   0.00   0.00   0.00   0.00   0.00   0.00
  110   0.06   0.04  -0.26  -0.32  -0.43  -0.43  -0.43  -0.60   0.00   0.00   0.00   0.00   0.00   0.00   0.00   0.00   0.00   0.00   0.00
  100   0.06   0.04  -0.29  -0.31  -0.46  -0.41  -0.36  -0.41   0.00   0.00   0.00   0.00  -0.06   0.00   0.00   0.00   0.00   0.00   0.00
   90   0.02   0.01  -0.29  -0.30  -0.47  -0.41  -0.13  -0.22   0.00   0.00   0.00   0.00   0.00   0.00   0.00   0.00   0.00   0.00   0.00
   80  -0.03  -0.04  -0.27  -0.28  -0.45  -0.43  -0.14   0.00   0.00   0.00   0.00  -0.40  -0.08   0.00   0.00   0.00   0.00   0.00   0.00
   70  -0.04  -0.08  -0.24  -0.27  -0.43  -0.42  -0.45   0.00   0.00   0.00   0.00  -0.25   0.00   0.00   0.00   0.00   0.00   0.00   0.00
   60  -0.02  -0.09  -0.18  -0.27  -0.41  -0.39   0.00   0.00   0.00   0.00   0.00  -0.48  -0.15   0.00   0.00   0.00   0.00   0.00   0.00
   50  -0.03  -0.07  -0.09  -0.27  -0.40  -0.12   0.00   0.00   0.00   0.00   0.00  -0.31  -0.17   0.00   0.00   0.00   0.00   0.00   0.00
   40   0.00  -0.02   0.00  -0.24  -0.35   0.00   0.00   0.00   0.00   0.00   0.00  -0.43  -0.24   0.00   0.00   0.00   0.00   0.00   0.00
   30   0.00  -0.07   0.04   0.06  -0.24   0.00   0.00   0.00   0.00   0.00   0.00   0.00  -0.21   0.00   0.00   0.00   0.00   0.00   0.00
   20   0.00   0.00   0.00   0.10   0.07   0.00   0.00   0.00   0.00   0.00   0.00   0.00  -0.21   0.00   0.00   0.00   0.00   0.00   0.00
   10   0.00   0.00   0.00   0.00   0.12   0.00   0.00   0.00   0.00   0.00   0.00   0.00   0.00   0.00   0.00   0.00   0.00   0.00   0.00
    0   0.00   0.00   0.00   0.00   0.12   0.16   0.00   0.00   0.00   0.00   0.00   0.00   0.00   0.00   0.00   0.00   0.00   0.00   0.00
  -10   0.00   0.00   0.00   0.00   0.10   0.14   0.00   0.00   0.00   0.00   0.00   0.00   0.00   0.00   0.00   0.00   0.00   0.00   0.00
  -20   0.00   0.00   0.00   0.00   0.11   0.12   0.23   0.00   0.00   0.00   0.00   0.00   0.00   0.00   0.00   0.00   0.00   0.00   0.00
  -30   0.00   0.00   0.00   0.00  -0.10  -0.07   0.08   0.54   0.00   0.00   0.00   0.00   0.00   0.00   0.00   0.00   0.00   0.00   0.00
  -40   0.00   0.00   0.00   0.00  -0.18  -0.25  -0.02   0.32   0.00   0.00   0.00   0.00   0.00   0.00   0.00   0.00   0.00   0.00   0.00
  -50   0.00   0.00   0.00   0.00  -0.30  -0.14  -0.12   0.06   0.00   0.00   0.00   0.00   0.00   0.00   0.00   0.00   0.00   0.00   0.00
  -60   0.00   0.00   0.00   0.00  -0.09   0.00  -0.21  -0.11   0.00   0.00   0.00   0.00   0.00   0.00   0.00   0.00   0.00   0.00   0.00
  -70   0.00   0.00   0.00   0.00   0.00   0.00   0.00   0.00   0.00   0.00   0.00   0.00   0.00   0.00   0.00   0.00   0.00   0.00   0.00
  -80   0.00   0.00   0.00   0.00   0.00   0.00   0.00   0.00   0.00   0.00   0.00   0.00   0.00   0.00   0.00   0.00   0.00   0.00   0.00
  -90   0.00   0.00   0.00   0.00   0.00   0.00   0.00   0.00   0.00   0.00   0.00   0.00   0.00   0.00   0.00   0.00   0.00   0.00   0.00
 -100   0.00   0.00   0.00   0.00   0.00   0.00   0.00   0.00   0.00   0.00   0.00   0.00   0.00   0.00   0.00   0.00   0.00   0.00   0.00
 -110   0.00   0.00   0.00   0.00   0.00   0.00   0.00   0.00   0.00   0.00   0.00   0.00   0.00   0.00   0.00   0.00   0.00   0.00   0.00
 -120   0.00   0.00   0.00   0.00   0.00   0.00   0.00   0.00   0.00   0.00   0.00   0.00   0.00   0.00   0.00   0.00   0.00   0.00   0.00
 -130   0.00   0.00   0.00   0.00   0.00   0.00   0.00   0.00   0.00   0.00   0.00   0.00   0.00   0.00   0.00   0.00   0.00   0.00   0.00
 -140   0.00   0.00   0.00   0.00   0.00   0.00   0.00   0.00   0.00   0.00   0.00   0.00   0.00   0.00   0.00   0.00   0.00   0.00   0.00
 -150   0.00   0.00   0.00   0.00   0.00   0.00   0.00   0.00   0.00   0.00   0.00   0.00   0.00   0.00   0.00   0.00   0.00   0.00   0.00
 -160   0.00   0.00   0.00   0.00   0.00   0.00   0.00   0.00   0.00   0.00   0.00   0.00   0.00   0.00   0.00   0.00   0.00   0.00   0.00
 -170   0.00   0.00   0.00   0.00   0.00   0.00   0.00   0.00   0.00   0.00   0.00   0.00   0.00   0.00   0.00   0.00   0.00   0.00   0.00
 -180   0.21  -0.01  -0.24  -0.34  -0.25  -0.22  -0.18   0.00   0.00   0.00   0.00   0.00   0.20   0.00   0.00   0.00   0.00   0.00   0.00
  180  -0.65  -1.69  -3.05  -2.38  -3.29  -2.44  -2.00   0.00   0.00   0.00   0.00   0.00   0.46   0.00   0.00   0.00   0.00   0.00   0.00
  170   0.17  -1.16  -2.65  -3.38  -2.79  -1.53  -1.26  -1.40   0.00   0.00   0.00   0.00   0.72   0.00   0.00   0.00   0.00   0.00   0.00
  160   1.15  -0.40  -2.11  -2.96  -2.38  -1.02  -0.56  -0.69   0.00   0.00   0.00   0.00   0.98   0.00   0.00   0.00   0.00   0.00   0.00
  150   2.12   0.44  -1.49  -2.54  -1.98  -0.65   0.00  -0.04   0.00   0.00   0.00   0.00   0.50   0.00   0.00   0.00   0.00   0.00   0.00
  140   2.84   1.16  -0.95  -2.19  -1.81  -0.61   0.34   0.44   0.00   0.00   0.00   0.00   0.50   0.00   0.00   0.00   0.00   0.00   0.00
  130   3.16   1.58  -0.64  -2.05  -1.83  -0.72   0.40   0.60   0.00   0.00   0.00   0.00   0.50   0.00   0.00   0.00   0.00   0.00   0.00
  120   3.04   1.53  -0.72  -2.23  -2.12  -1.55   0.21   0.50   0.00   0.00   0.00   0.00   0.50   0.00   0.00   0.00   0.00   0.00   0.00
  110   2.57   1.09  -1.15  -2.70  -2.67  -2.06  -0.26   0.19   0.00   0.00   0.00   0.00   0.50   0.00   0.00   0.00   0.00   0.00   0.00
  100   1.84   0.36  -1.84  -3.38  -3.42  -2.69  -0.95  -0.28   0.00   0.00   0.00   0.00   2.52   0.00   0.00   0.00   0.00   0.00   0.00
   90   1.02  -0.43  -2.54  -4.03  -4.17  -3.40  -1.40  -0.82   0.00   0.00   0.00   0.00   0.50   0.00   0.00   0.00   0.00   0.00   0.00
   80   0.32  -1.02  -3.10  -4.54  -4.67  -3.85  -2.23  -1.00   0.00   0.00   0.00   0.33   1.19   0.00   0.00   0.00   0.00   0.00   0.00
   70  -0.11  -1.40  -3.40  -4.78  -4.81  -3.88  -2.69  -0.50   0.00   0.00   0.00  -0.28   0.00   0.00   0.00   0.00   0.00   0.00   0.00
   60  -0.23  -1.46  -3.40  -4.71  -4.61  -3.53   0.00   0.00   0.00   0.00   0.00  -0.61   0.14   0.00   0.00   0.00   0.00   0.00   0.00
   50  -0.28  -1.29  -3.13  -4.33  -4.12  -1.83   0.00   0.00   0.00   0.00   0.00  -0.42  -0.06   0.00   0.00   0.00   0.00   0.00   0.00
   40   0.00  -1.00  -2.75  -3.79  -3.48   0.00   0.00   0.00   0.00   0.00   0.00  -0.21   0.41   0.00   0.00   0.00   0.00   0.00   0.00
   30   0.00  -0.69  -2.35  -3.31  -2.90   0.00   0.00   0.00   0.00   0.00   0.00   0.00   0.17   0.00   0.00   0.00   0.00   0.00   0.00
   20   0.00   0.00  -1.00  -2.63  -1.93   0.00   0.00   0.00   0.00   0.00   0.00   0.00   0.34   0.00   0.00   0.00   0.00   0.00   0.00
   10   0.00   0.00  -0.50  -1.00  -1.31   0.00   0.00   0.00   0.00   0.00   0.00   0.00   0.00   0.00   0.00   0.00   0.00   0.00   0.00
    0   0.00   0.00   0.00  -0.50  -0.69  -0.20   0.00   0.00   0.00   0.00   0.00   0.00   0.00   0.00   0.00   0.00   0.00   0.00   0.00
  -10   0.00   0.00   0.00   0.00  -0.60  -0.10   0.00   0.00   0.00   0.00   0.00   0.00   0.00   0.00   0.00   0.00   0.00   0.00   0.00
  -20   0.00   0.00   0.00   0.00  -0.52   0.06   0.42   0.00   0.00   0.00   0.00   0.00   0.00   0.00   0.00   0.00   0.00   0.00   0.00
  -30   0.00   0.00   0.00   0.00  -1.34  -0.17   0.68   0.66   0.00   0.00   0.00   0.00   0.00   0.00   0.00   0.00   0.00   0.00   0.00
  -40   0.00   0.00   0.00   0.00  -1.11  -0.03   0.78   1.02   0.00   0.00   0.00   0.00   0.00   0.00   0.00   0.00   0.00   0.00   0.00
  -50   0.00   0.00   0.00   0.00  -1.11   0.12   0.83   1.10   0.00   0.00   0.00   0.00   0.00   0.00   0.00   0.00   0.00   0.00   0.00
  -60   0.00   0.00   0.00   0.00  -0.82   0.00   0.56   0.85   0.00   0.00   0.00   0.00   0.00   0.00   0.00   0.00   0.00   0.00   0.00
  -70   0.00   0.00   0.00   0.00  -0.25   0.00   0.00   0.00   0.00   0.00   0.00   0.00   0.00   0.00   0.00   0.00   0.00   0.00   0.00
  -80   0.00   0.00   0.00   0.00   0.00   0.00   0.00   0.00   0.00   0.00   0.00   0.00   0.00   0.00   0.00   0.00   0.00   0.00   0.00
  -90   0.00   0.00   0.00   0.00   0.00   0.00   0.00   0.00   0.00   0.00   0.00   0.00   0.00   0.00   0.00   0.00   0.00   0.00   0.00
 -100   0.00   0.00   0.00   0.00   0.00   0.00   0.00   0.00   0.00   0.00   0.00   0.00   0.00   0.00   0.00   0.00   0.00   0.00   0.00
 -110   0.00   0.00   0.00   0.00   0.00   0.00   0.00   0.00   0.00   0.00   0.00   0.00   0.00   0.00   0.00   0.00   0.00   0.00   0.00
 -120   0.00   0.00   0.00   0.00   0.00   0.00   0.00   0.00   0.00   0.00   0.00   0.00   0.00   0.00   0.00   0.00   0.00   0.00   0.00
 -130   0.00   0.00   0.00   0.00   0.00   0.00   0.00   0.00   0.00   0.00   0.00   0.00   0.00   0.00   0.00   0.00   0.00   0.00   0.00
 -140   0.00   0.00   0.00   0.00   0.00   0.00   0.00   0.00   0.00   0.00   0.00   0.00   0.00   0.00   0.00   0.00   0.00   0.00   0.00
 -150   0.00   0.00   0.00   0.00   0.00   0.00   0.00   0.00   0.00   0.00   0.00   0.00   0.00   0.00   0.00   0.00   0.00   0.00   0.00
 -160   0.00   0.00   0.00   0.00   0.00   0.00   0.00   0.00   0.00   0.00   0.00   0.00   0.00   0.00   0.00   0.00   0.00   0.00   0.00
 -170   0.00   0.00   0.00   0.00   0.00   0.00   0.00   0.00   0.00   0.00   0.00   0.00   0.00   0.00   0.00   0.00   0.00   0.00   0.00
 -180  -0.72  -1.28  -2.00  -2.38  -2.17  -1.77  -1.56   0.00   0.00   0.00   0.00   0.00   0.46   0.00   0.00   0.00   0.00   0.00   0.00
  180   0.07  -0.09   0.08  -0.22   0.17   0.17   0.14   0.00   0.00   0.00   0.00   0.00   0.01   0.00   0.00   0.00   0.00   0.00   0.00
  170  -0.10  -0.04   0.02  -0.05   0.08   0.08   0.02  -0.02   0.00   0.00   0.00   0.00  -0.04   0.00   0.00   0.00   0.00   0.00   0.00
  160   0.06  -0.17  -0.14  -0.05  -0.09   0.06   0.12  -0.02   0.00   0.00   0.00   0.00  -0.10   0.00   0.00   0.00   0.00   0.00   0.00
  150   0.01  -0.19  -0.24  -0.18  -0.05   0.07   0.16   0.08   0.00   0.00   0.00   0.00   0.00   0.00   0.00   0.00   0.00   0.00   0.00
  140  -0.10  -0.14  -0.12  -0.16  -0.20  -0.02   0.01   0.18   0.00   0.00   0.00   0.00   0.00   0.00   0.00   0.00   0.00   0.00   0.00
  130  -0.17  -0.20  -0.28  -0.19  -0.16   0.06   0.16   0.20   0.00   0.00   0.00   0.00   0.00   0.00   0.00   0.00   0.00   0.00   0.00
  120  -0.06  -0.12  -0.03  -0.21  -0.14   0.12   0.20   0.31   0.00   0.00   0.00   0.00   0.00   0.00   0.00   0.00   0.00   0.00   0.00
  110  -0.10  -0.01  -0.07  -0.14  -0.11   0.12   0.30   0.55   0.00   0.00   0.00   0.00   0.00   0.00   0.00   0.00   0.00   0.00   0.00
  100   0.11   0.05  -0.06   0.04  -0.14   0.03   0.37   0.66   0.00   0.00   0.00   0.00  -0.44   0.00   0.00   0.00   0.00   0.00   0.00
   90   0.04   0.11   0.12   0.05   0.14   0.33   0.47   0.68   0.00   0.00   0.00   0.00   0.00   0.00   0.00   0.00   0.00   0.00   0.00
   80   0.10   0.18   0.30   0.20   0.24   0.49   0.41   0.00   0.00   0.00   0.00  -0.09   0.12   0.00   0.00   0.00   0.00   0.00   0.00
   70   0.00   0.09   0.21   0.30   0.26   0.52   0.47   0.00   0.00   0.00   0.00  -0.33   0.00   0.00   0.00   0.00   0.00   0.00   0.00
   60  -0.08   0.06   0.25   0.31   0.47   0.79   0.00   0.00   0.00   0.00   0.00  -0.11  -0.07   0.00   0.00   0.00   0.00   0.00   0.00
   50  -0.32  -0.03   0.09   0.39   0.54   0.43   0.00   0.00   0.00   0.00   0.00  -0.33  -0.29   0.00   0.00   0.00   0.00   0.00   0.00
   40   0.00  -0.18   0.07   0.44   0.63   0.00   0.00   0.00   0.00   0.00   0.00   0.12   0.01   0.00   0.00   0.00   0.00   0.00   0.00
   30   0.00  -0.28   0.06   0.19   0.60   0.00   0.00   0.00   0.00   0.00   0.00   0.00  -0.25   0.00   0.00   0.00   0.00   0.00   0.00
   20   0.00   0.00   0.00   0.16   0.28   0.00   0.00   0.00   0.00   0.00   0.00   0.00  -0.21   0.00   0.00   0.00   0.00   0.00   0.00
   10   0.00   0.00   0.00   0.00   0.25   0.00   0.00   0.00   0.00   0.00   0.00   0.00   0.00   0.00   0.00   0.00   0.00   0.00   0.00
    0   0.00   0.00   0.00   0.00   0.14   0.24   0.00   0.00   0.00   0.00   0.00   0.00   0.00   0.00   0.00   0.00   0.00   0.00   0.00
  -10   0.00   0.00   0.00   0.00   0.04   0.07   0.00   0.00   0.00   0.00   0.00   0.00   0.00   0.00   0.00   0.00   0.00   0.00   0.00
  -20   0.00   0.00   0.00   0.00  -0.04   0.04  -0.03   0.00   0.00   0.00   0.00   0.00   0.00   0.00   0.00   0.00   0.00   0.00   0.00
  -30   0.00   0.00   0.00   0.00  -0.33   0.00  -0.03   0.45   0.00   0.00   0.00   0.00   0.00   0.00   0.00   0.00   0.00   0.00   0.00
  -40   0.00   0.00   0.00   0.00  -0.46  -0.17   0.12   0.38   0.00   0.00   0.00   0.00   0.00   0.00   0.00   0.00   0.00   0.00   0.00
  -50   0.00   0.00   0.00   0.00  -0.55  -0.10  -0.07   0.16   0.00   0.00   0.00   0.00   0.00   0.00   0.00   0.00   0.00   0.00   0.00
  -60   0.00   0.00   0.00   0.00  -0.14   0.00  -0.17   0.02   0.00   0.00   0.00   0.00   0.00   0.00   0.00   0.00   0.00   0.00   0.00
  -70   0.00   0.00   0.00   0.00   0.00   0.00   0.00   0.00   0.00   0.00   0.00   0.00   0.00   0.00   0.00   0.00   0.00   0.00   0.00
  -80   0.00   0.00   0.00   0.00   0.00   0.00   0.00   0.00   0.00   0.00   0.00   0.00   0.00   0.00   0.00   0.00   0.00   0.00   0.00
  -90   0.00   0.00   0.00   0.00   0.00   0.00   0.00   0.00   0.00   0.00   0.00   0.00   0.00   0.00   0.00   0.00   0.00   0.00   0.00
 -100   0.00   0.00   0.00   0.00   0.00   0.00   0.00   0.00   0.00   0.00   0.00   0.00   0.00   0.00   0.00   0.00   0.00   0.00   0.00
 -110   0.00   0.00   0.00   0.00   0.00   0.00   0.00   0.00   0.00   0.00   0.00   0.00   0.00   0.00   0.00   0.00   0.00   0.00   0.00
 -120   0.00   0.00   0.00   0.00   0.00   0.00   0.00   0.00   0.00   0.00   0.00   0.00   0.00   0.00   0.00   0.00   0.00   0.00   0.00
 -130   0.00   0.00   0.00   0.00   0.00   0.00   0.00   0.00   0.00   0.00   0.00   0.00   0.00   0.00   0.00   0.00   0.00   0.00   0.00
 -140   0.00   0.00   0.00   0.00   0.00   0.00   0.00   0.00   0.00   0.00   0.00   0.00   0.00   0.00   0.00   0.00   0.00   0.00   0.00
 -150   0.00   0.00   0.00   0.00   0.00   0.00   0.00   0.00   0.00   0.00   0.00   0.00   0.00   0.00   0.00   0.00   0.00   0.00   0.00
 -160   0.00   0.00   0.00   0.00   0.00   0.00   0.00   0.00   0.00   0.00   0.00   0.00   0.00   0.00   0.00   0.00   0.00   0.00   0.00
 -170   0.00   0.00   0.00   0.00   0.00   0.00   0.00   0.00   0.00   0.00   0.00   0.00   0.00   0.00   0.00   0.00   0.00   0.00   0.00
 -180  -0.10  -0.17  -0.12  -0.22  -0.14  -0.22  -0.20   0.00   0.00   0.00   0.00   0.00   0.01   0.00   0.00   0.00   0.00   0.00   0.00
