#-----------------------------------------------------------------------------------------------------------------------------------------
#ps\ph  -180   -160   -140   -120   -100   -80    -60    -40    -20     0      20     40     60     80    100    120    140    160    180
#-----------------------------------------------------------------------------------------------------------------------------------------
  180  -2.00  -3.00  -4.93  -0.11  -0.68  -3.88  -2.95  -1.00   0.00   0.00   0.00   0.00  -3.27   0.00   0.00   0.00   0.00   0.00   0.00
  170  -1.00  -3.00  -4.59  -1.66  -1.44  -4.62  -3.11  -1.00   0.00   0.00   0.00  -1.00  -3.45   0.00   0.00   0.00   0.00   0.00   0.00
  160  -1.00  -3.00  -4.24  -2.21  -2.19  -4.36  -4.27  -2.00   0.00   0.00   0.00  -1.00  -3.63   0.00   0.00   0.00   0.00   0.00   0.00
  150  -1.00  -2.00  -3.98  -3.91  -2.91  -4.06  -4.11  -2.00   0.00   0.00   0.00  -2.00  -3.85   0.00   0.00   0.00   0.00   0.00   0.00
  140  -1.00  -2.00  -3.73  -4.61  -2.64  -3.75  -3.95  -1.00   0.00   0.00   0.00  -2.00  -4.08   0.00   0.00   0.00   0.00   0.00   0.00
  130  -1.00  -2.00  -3.52  -3.34  -3.27  -3.41  -2.66  -1.00   0.00   0.00   0.00  -3.00  -4.29   0.00   0.00   0.00   0.00   0.00   0.00
  120  -0.00  -2.00  -3.31  -3.06  -3.90  -3.08  -2.36  -1.00   0.00   0.00   0.00  -3.00  -4.50  -1.00   0.00   0.00   0.00   0.00   0.00
  110  -0.00  -1.00  -3.05  -3.87  -3.50  -3.72  -1.98   0.00   0.00   0.00   0.00  -4.00  -4.75  -2.00   0.00   0.00   0.00   0.00   0.00
  100  -0.00  -1.00  -2.79  -3.69  -3.09  -2.36  -1.61   0.00   0.00   0.00   0.00  -6.16  -5.00  -3.00   0.00   0.00   0.00   0.00   0.00
   90  -0.00  -1.00  -2.58  -3.38  -3.83  -1.11  -0.34   0.00   0.00   0.00  -1.00  -6.37  -5.14  -3.00   0.00   0.00   0.00   0.00   0.00
   80  -0.00  -1.00  -2.36  -3.08  -3.56  -0.86  -0.08   0.00   0.00   0.00  -2.00  -6.58  -5.28  -3.00   0.00   0.00   0.00   0.00   0.00
   70  -0.00   0.00  -2.00  -2.19  -2.91   0.00   0.00   0.00   0.00   0.00  -5.00  -6.78  -5.37  -3.00   0.00   0.00   0.00   0.00   0.00
   60  -0.00   0.00  -2.00  -2.29  -2.25   0.00   0.00   0.00   0.00   0.00  -7.45  -6.98  -5.45  -3.00   0.00   0.00   0.00   0.00   0.00
   50  -0.00   0.00  -1.00  -1.52  -2.00   0.00   0.00   0.00   0.00   0.00  -5.00  -7.09  -5.65  -2.00   0.00   0.00   0.00   0.00   0.00
   40  -0.00   0.00  -0.43  -0.75  -1.00   0.00   0.00   0.00   0.00   0.00  -3.00  -7.21  -5.85  -1.00   0.00   0.00   0.00   0.00   0.00
   30  -0.00   0.00  -0.00  -0.00  -1.00   0.00   0.00   0.00   0.00   0.00  -1.00  -5.00  -3.00   0.00   0.00   0.00   0.00   0.00   0.00
   20   0.00   0.00  -0.00   0.00  -0.58   0.00   0.00   0.00   0.00   0.00   0.00  -2.00  -1.00   0.00   0.00   0.00   0.00   0.00   0.00
   10   0.00   0.00   0.00   0.00  -0.75   0.00   0.00   0.00   0.00   0.00   0.00   0.00   0.00   0.00   0.00   0.00   0.00   0.00   0.00
    0   0.00   0.00   0.00   0.00  -0.03   0.00   0.00   0.00   0.00   0.00   0.00   0.00   0.00   0.00   0.00   0.00   0.00   0.00   0.00
  -10   0.00   0.00   0.00   0.00   0.00   0.00   0.00   0.00   0.00   0.00   0.00   0.00   0.00   0.00   0.00   0.00   0.00   0.00   0.00
  -20   0.00   0.00   0.00   0.00   0.00   0.00   0.00   0.00   0.00   0.00   0.00   0.00   0.00   0.00   0.00   0.00   0.00   0.00   0.00
  -30   0.00   0.00   0.00   0.00   0.00   0.00   0.00  -2.00   0.00   0.00   0.00   0.00   0.00   0.00   0.00   0.00   0.00   0.00   0.00
  -40   0.00   0.00   0.00   0.00   0.00   0.26  -1.01  -1.00   0.00   0.00   0.00   0.00   0.00   0.00   0.00   0.00   0.00   0.00   0.00
  -50   0.00   0.00   0.00   0.00   0.00   0.00   0.00  -1.00   0.00   0.00   0.00   0.00   0.00   0.00   0.00   0.00   0.00   0.00   0.00
  -60   0.00   0.00   0.00   0.00   0.00   0.00   1.02  -1.00   0.00   0.00   0.00   0.00   0.00   0.00   0.00   0.00   0.00   0.00   0.00
  -70   0.00   0.00   0.00   0.00   0.00   0.00   0.00   0.00   0.00   0.00   0.00   0.00   0.00   0.00   0.00   0.00   0.00   0.00   0.00
  -80   0.00   0.00   0.00   0.00   0.00   0.00   0.00   0.00   0.00   0.00   0.00   0.00   0.00   0.00   0.00   0.00   0.00   0.00   0.00
  -90   0.00   0.00   0.00   0.00   0.00   0.00   0.00   0.00   0.00   0.00   0.00   0.00   0.00   0.00   0.00   0.00   0.00   0.00   0.00
 -100   0.00   0.00   0.00   0.00   0.00   0.00   0.00   0.00   0.00   0.00   0.00   0.00   0.00   0.00   0.00   0.00   0.00   0.00   0.00
 -110   0.00   0.00   0.00   0.00   0.00   0.00   0.00   0.00   0.00   0.00   0.00   0.00   0.00   0.00   0.00   0.00   0.00   0.00   0.00
 -120   0.00   0.00   0.00   0.00   0.00   0.00   0.00   0.00   0.00   0.00   0.00   0.00   0.00   0.00   0.00   0.00   0.00   0.00   0.00
 -130   0.00   0.00   0.00   0.00   0.00   0.00   0.00   0.00   0.00   0.00   0.00   0.00   0.00   0.00   0.00   0.00   0.00   0.00   0.00
 -140   0.00   0.00   0.00   0.00   0.00   0.00   0.00   0.00   0.00   0.00   0.00   0.00   0.00   0.00   0.00   0.00   0.00   0.00   0.00
 -150   0.00   0.00   0.00  -1.00  -1.00   0.00   0.00   0.00   0.00   0.00   0.00   0.00   0.00   0.00   0.00   0.00   0.00   0.00   0.00
 -160   0.00  -1.00  -1.00  -3.00  -3.00  -1.00   0.00   0.00   0.00   0.00   0.00   0.00  -1.00   0.00   0.00   0.00   0.00   0.00   0.00
 -170  -1.00  -2.00  -2.00  -4.00  -4.00  -2.00  -1.00   0.00   0.00   0.00   0.00   0.00  -2.00   0.00   0.00   0.00   0.00   0.00   0.00
 -180  -2.00  -3.00  -4.93  -5.11  -6.68  -3.88  -2.95  -1.00   0.00   0.00   0.00   0.00  -3.27   0.00   0.00   0.00   0.00   0.00   0.00
  180   0.00  -4.94  -3.46  -1.29  -0.64  -2.49  -6.56   0.00   0.00   0.00   0.00   0.00   0.00   0.00   0.00   0.00   0.00   0.00   0.00
  170   0.00  -5.16  -3.92  -1.31   0.19  -0.70  -4.20   0.00   0.00   0.00   0.00   0.00   0.00   0.00   0.00   0.00   0.00   0.00   0.00
  160   0.00  -5.39  -4.39  -1.34   1.01   1.09  -1.84  -7.95   0.00   0.00   0.00   0.00   0.00   0.00   0.00   0.00   0.00   0.00   0.00
  150   0.00  -5.41  -4.48  -1.33   1.33   1.97  -0.16  -5.50   0.00   0.00   0.00   0.00   0.00   0.00   0.00   0.00   0.00   0.00   0.00
  140   0.00  -5.44  -4.57  -1.31   1.65   2.86   1.52  -3.05   0.00   0.00   0.00   0.00   0.00   0.00   0.00   0.00   0.00   0.00   0.00
  130   0.00  -5.61  -4.39  -1.12   1.67   2.72   1.65  -1.88   0.00   0.00   0.00   0.00   0.00   0.00   0.00   0.00   0.00   0.00   0.00
  120   0.00  -5.78  -4.21  -0.93   1.68   2.59   1.78  -0.72   0.00   0.00   0.00   0.00   0.00   0.00   0.00   0.00   0.00   0.00   0.00
  110   0.00  -6.05  -4.01  -0.59   1.83   2.19   0.78  -1.28   0.00   0.00   0.00   0.00   0.00   0.00   0.00   0.00   0.00   0.00   0.00
  100   0.00  -6.31  -3.82  -0.25   1.98   1.78  -0.21  -1.84   0.00   0.00   0.00   0.00   0.00   0.00   0.00   0.00   0.00   0.00   0.00
   90   0.00  -6.19  -3.39   0.36   2.65   2.16  -0.79   0.00   0.00   0.00   0.00   0.00   0.00   0.00   0.00   0.00   0.00   0.00   0.00
   80   0.00  -6.08  -2.97   0.97   3.32   2.55  -1.38   0.00   0.00   0.00   0.00   0.00   0.00   0.00   0.00   0.00   0.00   0.00   0.00
   70   0.00  -5.56  -2.32   1.71   4.43   4.65   0.00   0.00   0.00   0.00   0.00   0.00   0.00   0.00   0.00   0.00   0.00   0.00   0.00
   60   0.00  -5.05  -1.68   2.45   5.53   6.75   0.00   0.00   0.00   0.00   0.00   0.00   0.00   0.00   0.00   0.00   0.00   0.00   0.00
   50   0.00  -4.63   0.00   2.69   5.96   0.00   0.00   0.00   0.00   0.00   0.00   0.00   0.00   0.00   0.00   0.00   0.00   0.00   0.00
   40   0.00  -4.20   0.00   2.93   6.39   0.00   0.00   0.00   0.00   0.00   0.00   0.00   0.00   0.00   0.00   0.00   0.00   0.00   0.00
   30   0.00   0.00   0.00   0.00   0.00   0.00   0.00   0.00   0.00   0.00   0.00   0.00   0.00   0.00   0.00   0.00   0.00   0.00   0.00
   20   0.00   0.00   0.00   0.00   0.00   0.00   0.00   0.00   0.00   0.00   0.00   0.00   0.00   0.00   0.00   0.00   0.00   0.00   0.00
   10   0.00   0.00   0.00   0.00   0.00   0.00   0.00   0.00   0.00   0.00   0.00   0.00   0.00   0.00   0.00   0.00   0.00   0.00   0.00
    0   0.00   0.00   0.00   0.00   0.00   0.00   0.00   0.00   0.00   0.00   0.00   0.00   0.00   0.00   0.00   0.00   0.00   0.00   0.00
  -10   0.00   0.00   0.00   0.00   0.00   0.00   0.00   0.00   0.00   0.00   0.00   0.00   0.00   0.00   0.00   0.00   0.00   0.00   0.00
  -20   0.00   0.00   0.00   0.00   0.00   0.00   0.00   0.00   0.00   0.00   0.00   0.00   0.00   0.00   0.00   0.00   0.00   0.00   0.00
  -30   0.00   0.00   0.00   0.00   0.00   0.00   0.00   0.00   0.00   0.00   0.00   0.00   0.00   0.00   0.00   0.00   0.00   0.00   0.00
  -40   0.00   0.00   0.00   0.00   0.00   1.00   1.27   0.83   0.00   0.00   0.00   0.00   0.00   0.00   0.00   0.00   0.00   0.00   0.00
  -50   0.00  -5.00   0.00   0.00   0.00   0.00   0.00  -0.53   0.00   0.00   0.00   0.00   0.00   0.00   0.00   0.00   0.00   0.00   0.00
  -60  -5.00  -7.68  -5.00   0.00   0.00   0.00  -1.27  -1.90   0.00   0.00   0.00   0.00   0.00   0.00   0.00   0.00   0.00   0.00   0.00
  -70   0.00  -5.00   0.00   0.00   0.00   0.00   0.00   0.00   0.00   0.00   0.00   0.00   0.00   0.00   0.00   0.00   0.00   0.00   0.00
  -80   0.00   0.00   0.00   0.00   0.00   0.00   0.00   0.00   0.00   0.00   0.00   0.00   0.00   0.00   0.00   0.00   0.00   0.00   0.00
  -90   0.00   0.00   0.00   0.00   0.00   0.00   0.00   0.00   0.00   0.00   0.00   0.00   0.00   0.00   0.00   0.00   0.00   0.00   0.00
 -100   0.00   0.00   0.00   0.00   0.00   0.00   0.00   0.00   0.00   0.00   0.00   0.00   0.00   0.00   0.00   0.00   0.00   0.00   0.00
 -110   0.00   0.00   0.00   0.00   0.00   0.00   0.00   0.00   0.00   0.00   0.00   0.00   0.00   0.00   0.00   0.00   0.00   0.00   0.00
 -120   0.00   0.00   0.00   0.00   0.00   0.00   0.00   0.00   0.00   0.00   0.00   0.00   0.00   0.00   0.00   0.00   0.00   0.00   0.00
 -130   0.00   0.00   0.00   0.00   0.00   0.00   0.00   0.00   0.00   0.00   0.00   0.00   0.00   0.00   0.00   0.00   0.00   0.00   0.00
 -140   0.00   0.00   0.00   0.00   0.00   0.00   0.00   0.00   0.00   0.00   0.00   0.00   0.00   0.00   0.00   0.00   0.00   0.00   0.00
 -150   0.00   0.00   0.00   0.00   0.00   0.00  -1.00   0.00   0.00   0.00   0.00   0.00   0.00   0.00   0.00   0.00   0.00   0.00   0.00
 -160   0.00  -1.00  -1.00   0.00   0.00   0.00  -3.00  -1.00   0.00   0.00   0.00   0.00   0.00   0.00   0.00   0.00   0.00   0.00   0.00
 -170  -1.00  -3.00  -2.00  -1.00   0.00  -1.00  -4.00  -2.00   0.00   0.00   0.00   0.00   0.00   0.00   0.00   0.00   0.00   0.00   0.00
 -180  -3.00  -4.94  -3.46  -1.29  -0.64  -2.49  -6.56  -4.00   0.00   0.00   0.00   0.00   0.00   0.00   0.00   0.00   0.00   0.00   0.00
  180   2.00   2.00   2.10   1.27   0.10  -1.79  -3.69  -2.00   0.00   0.00   0.00   0.00  -1.36   0.00   0.00   0.00   0.00   0.00   0.00
  170   2.00   2.00   2.62   1.77   0.64  -1.06  -2.80  -1.00   0.00   0.00   0.00  -1.00  -1.42   0.00   0.00   0.00   0.00   0.00   0.00
  160   2.00   2.00   3.15   2.27   1.17  -0.32  -1.91  -1.00   0.00   0.00   0.00  -1.00  -1.47   0.00   0.00   0.00   0.00   0.00   0.00
  150   2.00   3.00   4.65   3.88   3.08   1.91   0.53   0.00   0.00   0.00   0.00   0.00   0.17   0.00   0.00   0.00   0.00   0.00   0.00
  140   3.00   5.00   6.15   5.49   4.98   4.15   2.97   1.00   0.00   0.00   0.00   1.00   1.81   0.00   0.00   0.00   0.00   0.00   0.00
  130   5.00   7.00   7.30   6.71   6.67   6.80   6.80   3.00   0.00   0.00   0.00   2.00   3.17   0.00   0.00   0.00   0.00   0.00   0.00
  120   7.00   8.00   8.44   7.94   8.37   7.45  10.64   5.00   0.00   0.00   1.00   3.00   4.53   0.00   0.00   0.00   0.00   0.00   0.00
  110   8.00   8.00   8.42   7.77   8.63   9.24  15.17   9.00   0.00   0.00   3.00   4.00   4.33   0.00   0.00   0.00   0.00   0.00   0.00
  100   7.00   8.00   8.41   7.61   8.89  10.03  19.71  12.00   0.00   0.00   2.00   5.08   4.14   0.00   0.00   0.00   0.00   0.00   0.00
   90   5.00   7.00   7.02   6.49   7.77   9.80  12.70  11.00   0.00   0.00   1.00   3.59   3.07   0.00   0.00   0.00   0.00   0.00   0.00
   80   4.00   5.00   5.63   5.37   6.64   7.57  11.70   9.00   0.00   0.00   0.00   2.10   2.00   0.00   0.00   0.00   0.00   0.00   0.00
   70   3.00   4.00   4.00   4.17   5.42   6.00  10.00   7.00   0.00   0.00   1.00  -0.30   0.46   0.00   0.00   0.00   0.00   0.00   0.00
   60   2.00   3.00   3.00   2.98   4.21   5.00   8.00   5.00   0.00   0.00   3.14  -2.70  -1.08   0.00   0.00   0.00   0.00   0.00   0.00
   50   1.00   2.00   3.00   2.58   3.00   3.00   6.00   3.00   0.00   0.00   1.00  -1.79  -1.90   0.00   0.00   0.00   0.00   0.00   0.00
   40   0.00   1.00   2.61   2.18   2.00   1.00   4.00   2.00   0.00   0.00   0.00  -0.87  -2.72   0.00   0.00   0.00   0.00   0.00   0.00
   30   0.00   0.00   1.00   1.00   1.00   0.00   2.00   1.00   0.00   0.00   0.00   0.00   0.00   0.00   0.00   0.00   0.00   0.00   0.00
   20   0.00   0.00   0.00   0.00   4.03   0.00   1.00   0.00   0.00   0.00   0.00   0.00   0.00   0.00   0.00   0.00   0.00   0.00   0.00
   10   0.00   0.00   0.00   0.00   4.37   0.00   0.00   0.00   0.00   0.00   0.00   0.00   0.00   0.00   0.00   0.00   0.00   0.00   0.00
    0   0.00   0.00   0.00   0.00   4.71   0.00   0.00   0.00   0.00   0.00   0.00   0.00   0.00   0.00   0.00   0.00   0.00   0.00   0.00
  -10   0.00   0.00   0.00   0.00   0.00   0.00   0.00   0.00   0.00   0.00   0.00   0.00   0.00   0.00   0.00   0.00   0.00   0.00   0.00
  -20   0.00   0.00   0.00   0.00   0.00   0.00   0.00   0.00   0.00   0.00   0.00   0.00   0.00   0.00   0.00   0.00   0.00   0.00   0.00
  -30   0.00   0.00   0.00   0.00   0.00   0.00   0.00   0.00   0.00   0.00   0.00   0.00   0.00   0.00   0.00   0.00   0.00   0.00   0.00
  -40   0.00   0.00   0.00   0.00   0.00   0.15   1.37   0.00   0.00   0.00   0.00   0.00   0.00   0.00   0.00   0.00   0.00   0.00   0.00
  -50   0.00   0.00   0.00   0.00  -1.00  -1.00   0.00   0.00   0.00   0.00   0.00   0.00   0.00   0.00   0.00   0.00   0.00   0.00   0.00
  -60   0.00   0.00   0.00   0.00  -1.00  -1.00  -1.37   0.00   0.00   0.00   0.00   0.00   0.00   0.00   0.00   0.00   0.00   0.00   0.00
  -70   0.00   0.00   0.00   0.00   0.00   0.00   0.00   0.00   0.00   0.00   0.00   0.00   0.00   0.00   0.00   0.00   0.00   0.00   0.00
  -80   0.00   0.00   0.00   0.00   0.00   0.00   0.00   0.00   0.00   0.00   0.00   0.00   0.00   0.00   0.00   0.00   0.00   0.00   0.00
  -90   0.00   0.00   0.00   0.00   0.00   0.00   0.00   0.00   0.00   0.00   0.00   0.00   0.00   0.00   0.00   0.00   0.00   0.00   0.00
 -100   0.00   0.00   0.00   0.00   0.00   0.00   0.00   0.00   0.00   0.00   0.00   0.00   0.00   0.00   0.00   0.00   0.00   0.00   0.00
 -110   0.00   0.00   0.00   0.00   0.00   0.00   0.00   0.00   0.00   0.00   0.00   0.00   0.00   0.00   0.00   0.00   0.00   0.00   0.00
 -120   0.00   0.00   0.00   0.00   0.00   0.00   0.00   0.00   0.00   0.00   0.00   0.00   0.00   0.00   0.00   0.00   0.00   0.00   0.00
 -130   0.00   0.00   0.00   0.00   0.00   0.00   0.00   0.00   0.00   0.00   0.00   0.00   0.00   0.00   0.00   0.00   0.00   0.00   0.00
 -140   0.00   0.00   0.00   0.00   0.00   0.00   0.00   0.00   0.00   0.00   0.00   0.00   0.00   0.00   0.00   0.00   0.00   0.00   0.00
 -150   0.00   0.00   0.00   0.00   0.00   0.00   0.00   0.00   0.00   0.00   0.00   0.00   0.00   0.00   0.00   0.00   0.00   0.00   0.00
 -160   0.00   0.00   0.00   0.00   0.00   0.00  -1.00   0.00   0.00   0.00   0.00   0.00   0.00   0.00   0.00   0.00   0.00   0.00   0.00
 -170   1.00   1.00   1.00   1.00   0.00  -1.00  -2.00  -1.00   0.00   0.00   0.00   0.00   0.00   0.00   0.00   0.00   0.00   0.00   0.00
 -180   2.00   2.00   2.10   1.27   0.10  -1.79  -3.69  -2.00   0.00   0.00   0.00   0.00  -1.36   0.00   0.00   0.00   0.00   0.00   0.00
