#-----------------------------------------------------------------------------------------------------------------------------------------
#ps\ph  -180   -160   -140   -120   -100   -80    -60    -40    -20     0      20     40     60     80    100    120    140    160    180
#-----------------------------------------------------------------------------------------------------------------------------------------
  180     0.01   0.03  -0.08  -0.07   0.07   0.21   0.30   0.00   0.00   0.00   0.00   0.00  -0.05   0.00   0.00   0.00   0.00   0.00   0.00
  170     0.00  -0.02  -0.10  -0.11   0.01   0.09   0.27   0.03   0.00   0.00   0.00   0.00  -0.07   0.00   0.00   0.00   0.00   0.00   0.00
  160    -0.02  -0.02  -0.10  -0.10  -0.02   0.01   0.17   0.04   0.00   0.00   0.00   0.00  -0.10   0.00   0.00   0.00   0.00   0.00   0.00
  150    -0.04  -0.06  -0.11  -0.13  -0.04  -0.07   0.07   0.01   0.00   0.00   0.00   0.00   0.00   0.00   0.00   0.00   0.00   0.00   0.00
  140    -0.07  -0.07  -0.14  -0.16  -0.06  -0.06   0.00  -0.03   0.00   0.00   0.00   0.00   0.00   0.00   0.00   0.00   0.00   0.00   0.00
  130    -0.06  -0.07  -0.16  -0.17  -0.08  -0.03  -0.03  -0.08   0.00   0.00   0.00   0.00   0.00   0.00   0.00   0.00   0.00   0.00   0.00
  120    -0.04  -0.04  -0.18  -0.16  -0.11  -0.02  -0.03  -0.10   0.00   0.00   0.00   0.00   0.00   0.00   0.00   0.00   0.00   0.00   0.00
  110    -0.02  -0.01  -0.17  -0.15  -0.10  -0.02  -0.03  -0.12   0.00   0.00   0.00   0.00   0.00   0.00   0.00   0.00   0.00   0.00   0.00
  100     0.00   0.00  -0.15  -0.15  -0.05  -0.03  -0.03  -0.15   0.00   0.00   0.00   0.00  -0.05   0.00   0.00   0.00   0.00   0.00   0.00
   90     0.01  -0.01  -0.12  -0.14  -0.02  -0.03  -0.07  -0.23   0.00   0.00   0.00   0.00   0.00   0.00   0.00   0.00   0.00   0.00   0.00
   80     0.04   0.01  -0.10  -0.12   0.00   0.00  -0.12   0.00   0.00   0.00   0.00   0.04   0.01   0.00   0.00   0.00   0.00   0.00   0.00
   70     0.08   0.05  -0.07  -0.08   0.01   0.00  -0.12   0.00   0.00   0.00   0.00   0.00   0.00   0.00   0.00   0.00   0.00   0.00   0.00
   60     0.12   0.09  -0.03  -0.04   0.02  -0.03   0.00   0.00   0.00   0.00   0.00   0.02   0.07   0.00   0.00   0.00   0.00   0.00   0.00
   50    -0.04   0.12   0.03   0.00   0.04  -0.17   0.00   0.00   0.00   0.00   0.00  -0.10   0.09   0.00   0.00   0.00   0.00   0.00   0.00
   40     0.00   0.13   0.05   0.02   0.08   0.00   0.00   0.00   0.00   0.00   0.00  -0.08   0.08   0.00   0.00   0.00   0.00   0.00   0.00
   30     0.00  -0.07   0.02   0.21   0.18   0.00   0.00   0.00   0.00   0.00   0.00   0.00  -0.01   0.00   0.00   0.00   0.00   0.00   0.00
   20     0.00   0.00   0.00   0.14   0.41   0.00   0.00   0.00   0.00   0.00   0.00   0.00  -0.09   0.00   0.00   0.00   0.00   0.00   0.00
   10     0.00   0.00   0.00   0.00   0.33   0.00   0.00   0.00   0.00   0.00   0.00   0.00   0.00   0.00   0.00   0.00   0.00   0.00   0.00
    0     0.00   0.00   0.00   0.00   0.10   0.95   0.00   0.00   0.00   0.00   0.00   0.00   0.00   0.00   0.00   0.00   0.00   0.00   0.00
  -10     0.00   0.00   0.00   0.00  -0.12   0.62   0.00   0.00   0.00   0.00   0.00   0.00   0.00   0.00   0.00   0.00   0.00   0.00   0.00
  -20     0.00   0.00   0.00   0.00  -0.17   0.17   1.23   0.00   0.00   0.00   0.00   0.00   0.00   0.00   0.00   0.00   0.00   0.00   0.00
  -30     0.00   0.00   0.00   0.00  -0.16  -0.12   0.64   0.83   0.00   0.00   0.00   0.00   0.00   0.00   0.00   0.00   0.00   0.00   0.00
  -40     0.00   0.00   0.00   0.00  -0.12  -0.16   0.11   0.59   0.00   0.00   0.00   0.00   0.00   0.00   0.00   0.00   0.00   0.00   0.00
  -50     0.00   0.00   0.00   0.00  -0.10  -0.13  -0.07   0.14   0.00   0.00   0.00   0.00   0.00   0.00   0.00   0.00   0.00   0.00   0.00
  -60     0.00   0.00   0.00   0.00  -0.03   0.00  -0.10  -0.10   0.00   0.00   0.00   0.00   0.00   0.00   0.00   0.00   0.00   0.00   0.00
  -70     0.00   0.00   0.00   0.00   0.00   0.00   0.00   0.00   0.00   0.00   0.00   0.00   0.00   0.00   0.00   0.00   0.00   0.00   0.00
  -80     0.00   0.00   0.00   0.00   0.00   0.00   0.00   0.00   0.00   0.00   0.00   0.00   0.00   0.00   0.00   0.00   0.00   0.00   0.00
  -90     0.00   0.00   0.00   0.00   0.00   0.00   0.00   0.00   0.00   0.00   0.00   0.00   0.00   0.00   0.00   0.00   0.00   0.00   0.00
 -100     0.00   0.00   0.00   0.00   0.00   0.00   0.00   0.00   0.00   0.00   0.00   0.00   0.00   0.00   0.00   0.00   0.00   0.00   0.00
 -110     0.00   0.00   0.00   0.00   0.00   0.00   0.00   0.00   0.00   0.00   0.00   0.00   0.00   0.00   0.00   0.00   0.00   0.00   0.00
 -120     0.00   0.00   0.00   0.00   0.00   0.00   0.00   0.00   0.00   0.00   0.00   0.00   0.00   0.00   0.00   0.00   0.00   0.00   0.00
 -130     0.00   0.00   0.00   0.00   0.00   0.00   0.00   0.00   0.00   0.00   0.00   0.00   0.00   0.00   0.00   0.00   0.00   0.00   0.00
 -140     0.00   0.00   0.00   0.00   0.00   0.00   0.00   0.00   0.00   0.00   0.00   0.00   0.00   0.00   0.00   0.00   0.00   0.00   0.00
 -150     0.00   0.00   0.00   0.00   0.00   0.00   0.00   0.00   0.00   0.00   0.00   0.00   0.00   0.00   0.00   0.00   0.00   0.00   0.00
 -160     0.00   0.00   0.00   0.00   0.00   0.00   0.00   0.00   0.00   0.00   0.00   0.00   0.00   0.00   0.00   0.00   0.00   0.00   0.00
 -170     0.00   0.00   0.00   0.00   0.00   0.00   0.00   0.00   0.00   0.00   0.00   0.00   0.00   0.00   0.00   0.00   0.00   0.00   0.00
 -180     0.01   0.03  -0.08  -0.07   0.07   0.21   0.30   0.00   0.00   0.00   0.00   0.00  -0.05   0.00   0.00   0.00   0.00   0.00   0.00
  180     1.75   3.31   2.21   1.07   0.17  -0.94  -1.34  -1.38   0.00   0.00   0.00   0.00  -3.34   0.00   0.00   0.00   0.00   0.00   0.00
  170     1.75   3.13   1.98   0.83  -0.06  -1.20  -1.67  -1.38   0.00   0.00   0.00   0.00  -3.50   0.00   0.00   0.00   0.00   0.00   0.00
  160     1.75   2.95   1.76   0.58  -0.29  -1.45  -2.00  -1.43   0.00   0.00   0.00   0.00  -3.65   0.00   0.00   0.00   0.00   0.00   0.00
  150     1.75   2.75   1.52   0.31  -0.50  -1.60  -2.27  -1.69   0.00   0.00   0.00   0.00  -3.71  -0.50   0.00   0.00   0.00   0.00   0.00
  140     1.75   2.57   1.29   0.03  -0.71  -1.75  -2.54  -1.96   0.00   0.00   0.00  -0.50  -3.78  -1.00   0.00   0.00   0.00   0.00   0.00
  130     1.50   2.32   1.04  -0.22  -0.95  -1.93  -2.68  -2.09   0.00   0.00   0.00  -0.50  -3.79  -1.50   0.00   0.00   0.00   0.00   0.00
  120     1.50   2.07   0.78  -0.47  -1.19  -2.11  -2.81  -2.23   0.00   0.00   0.00  -0.50  -3.79  -2.00   0.00   0.00   0.00   0.00   0.00
  110     1.00   1.81   0.56  -0.59  -1.42  -2.29  -2.73  -2.29   0.00   0.00   0.00  -1.00  -3.88  -2.00   0.00   0.00   0.00   0.00   0.00
  100     1.00   1.56   0.33  -0.71  -1.64  -2.48  -2.64  -2.38   0.00   0.00   0.00  -1.00  -3.97  -1.50   0.00   0.00   0.00   0.00   0.00
   90     1.00   1.52   0.30  -0.67  -1.67  -2.56  -2.63  -0.50   0.00   0.00   0.00  -1.00  -4.04  -1.50   0.00   0.00   0.00   0.00   0.00
   80     1.00   1.49   0.27  -0.63  -1.71  -2.64  -2.62  -0.50   0.00   0.00   0.00  -1.74  -4.10  -1.50   0.00   0.00   0.00   0.00   0.00
   70     1.00   1.57  -0.35  -0.56  -1.25  -2.56  -0.75  -0.40   0.00   0.00   0.00  -2.74  -4.12  -1.50   0.00   0.00   0.00   0.00   0.00
   60     1.10   1.64  -0.42  -0.49  -1.20  -2.50  -0.60  -0.25   0.00   0.00   0.00  -2.75  -4.13  -2.50   0.00   0.00   0.00   0.00   0.00
   50     1.10   1.61  -0.38  -0.08  -1.19  -1.60  -0.40  -0.15   0.00   0.00   0.00  -2.80  -5.09  -2.00   0.00   0.00   0.00   0.00   0.00
   40     0.55   1.57  -0.23  -0.34  -1.46  -0.50  -0.25  -0.05   0.00   0.00   0.00  -1.86  -5.05  -1.00   0.00   0.00   0.00   0.00   0.00
   30     0.25   0.50  -0.15  -0.25  -0.95  -0.25  -0.10   0.00   0.00   0.00   0.00  -1.00  -4.00  -1.00   0.00   0.00   0.00   0.00   0.00
   20     0.15   0.25  -0.05  -0.15  -0.52  -0.10   0.00   0.00   0.00   0.00   0.00  -1.00  -3.50  -0.50   0.00   0.00   0.00   0.00   0.00
   10     0.05   0.15   0.00  -0.05   0.00   0.00   0.00   0.00   0.00   0.00   0.00  -0.50  -2.00   0.00   0.00   0.00   0.00   0.00   0.00
    0     0.00   0.05   0.00   0.00   0.00   0.00   0.00   0.00   0.00   0.00   0.00  -0.50  -1.50   0.00   0.00   0.00   0.00   0.00   0.00
  -10     0.00   0.00   0.00   0.00   0.00  -0.50  -0.50   0.00   0.00   0.00   0.00  -0.50  -1.00   0.00   0.00   0.00   0.00   0.00   0.00
  -20     0.00   0.00   0.00   0.00  -0.50  -1.43  -1.78   0.00   0.00   0.00   0.00   0.00  -0.50   0.00   0.00   0.00   0.00   0.00   0.00
  -30     0.00   0.00   0.00   0.00  -1.00  -1.38  -1.71  -0.50   0.00   0.00   0.00   0.00   0.00   0.00   0.00   0.00   0.00   0.00   0.00
  -40     0.00   0.00   0.00   0.00  -1.00  -1.34  -1.85  -1.58  -0.50   0.00   0.00   0.00   0.00   0.00   0.00   0.00   0.00   0.00   0.00
  -50     0.00   0.50   0.50   0.00  -1.00  -1.20  -1.48  -1.08  -0.50   0.00   0.00   0.00   0.00   0.00   0.00   0.00   0.00   0.00   0.00
  -60     0.50   4.25   0.60   0.00  -0.50  -1.06  -1.11  -0.58  -0.50   0.00   0.00   0.00   0.00   0.00   0.00   0.00   0.00   0.00   0.00
  -70     0.00   0.50   0.50   0.00   0.00  -0.50  -0.50  -0.50   0.00   0.00   0.00   0.00   0.00   0.00   0.00   0.00   0.00   0.00   0.00
  -80     0.00   0.00   0.00   0.00   0.00   0.00   0.00   0.00   0.00   0.00   0.00   0.00   0.00   0.00   0.00   0.00   0.00   0.00   0.00
  -90     0.00   0.00   0.00   0.00   0.00   0.00   0.00   0.00   0.00   0.00   0.00   0.00   0.00   0.00   0.00   0.00   0.00   0.00   0.00
 -100     0.00   0.00   0.00   0.00   0.00   0.00   0.00   0.00   0.00   0.00   0.00   0.00   0.00   0.00   0.00   0.00   0.00   0.00   0.00
 -110     0.00   0.00   0.00   0.00   0.00   0.00   0.00   0.00   0.00   0.00   0.00   0.00   0.00   0.00   0.00   0.00   0.00   0.00   0.00
 -120     0.00   0.00   0.00   0.00   0.00   0.00   0.00   0.00   0.00   0.00   0.00   0.00   0.00   0.00   0.00   0.00   0.00   0.00   0.00
 -130     0.00   0.00   0.00   0.00   0.00   0.00   0.00   0.00   0.00   0.00   0.00   0.00   0.00   0.00   0.00   0.00   0.00   0.00   0.00
 -140     0.00   0.00   0.00   0.00   0.00   0.00   0.00   0.00   0.00   0.00   0.00   0.00   0.05   0.00   0.00   0.00   0.00   0.00   0.00
 -150     0.00   0.00   0.00   0.00   0.00   0.00   0.00   0.00   0.00   0.00   0.00   0.00   0.10   0.00   0.00   0.00   0.00   0.00   0.00
 -160     0.00   0.00   0.00   0.00   0.00   0.00   0.00   0.00   0.00   0.00   0.00   0.00   0.20   0.00   0.00   0.00   0.00   0.00   0.00
 -170     0.00   0.00   0.00   0.00   0.00   0.00   0.00   0.00   0.00   0.00   0.00   0.00   0.30   0.00   0.00   0.00   0.00   0.00   0.00
 -180     0.21   0.94   0.30  -0.35  -0.57  -1.05  -1.27  -1.38   0.00   0.00   0.00   0.00  -3.39   0.00   0.00   0.00   0.00   0.00   0.00
  180     0.58   0.60   0.62   0.67   0.62   0.59   0.61   0.00   0.00   0.00   0.00   0.50   0.67   0.00   0.00   0.00   0.00   0.00   0.00
  170     0.64   0.59   0.66   0.67   0.59   0.61   0.54   0.76   0.00   0.00   0.00   0.50   0.69   0.00   0.00   0.00   0.00   0.00   0.00
  160     0.56   0.65   0.61   0.60   0.57   0.54   0.52   0.56   0.00   0.00   0.00   0.00   0.71   0.00   0.00   0.00   0.00   0.00   0.00
  150     0.59   0.57   0.55   0.53   0.51   0.54   0.48   0.47   0.00   0.00   0.00   0.00   0.50   0.00   0.00   0.00   0.00   0.00   0.00
  140     0.57   0.55   0.60   0.51   0.55   0.47   0.39   0.25   0.00   0.00   0.00   0.00   0.00   0.00   0.00   0.00   0.00   0.00   0.00
  130     0.56   0.59   0.50   0.53   0.52   0.51   0.35   0.08   0.00   0.00   0.00   0.00   0.00   0.00   0.00   0.00   0.00   0.00   0.00
  120     0.56   0.49   0.50   0.50   0.52   0.46   0.41  -0.06   0.00   0.00   0.00   0.00   0.00   0.00   0.00   0.00   0.00   0.00   0.00
  110     0.55   0.51   0.49   0.42   0.47   0.49   0.45  -0.04   0.00   0.00   0.00   0.00   0.00   0.00   0.00   0.00   0.00   0.00   0.00
  100     0.59   0.54   0.42   0.42   0.40   0.49   0.55   0.03   0.00   0.00   0.00   0.00   0.68   0.00   0.00   0.00   0.00   0.00   0.00
   90     0.65   0.57   0.37   0.32   0.47   0.51   0.43   0.14   0.00   0.00   0.00   0.50   0.00   0.00   0.00   0.00   0.00   0.00   0.00
   80     0.67   0.56   0.48   0.35   0.39   0.46   0.47   0.50   0.00   0.00   0.00   0.69   0.46   0.00   0.00   0.00   0.00   0.00   0.00
   70     0.72   0.63   0.53   0.41   0.33   0.39   0.42   0.25   0.00   0.00   0.00   0.70   0.50   0.50   0.00   0.00   0.00   0.00   0.00
   60     0.77   0.70   0.66   0.39   0.26   0.23   0.00   0.00   0.00   0.00   0.00   0.56   0.62   0.50   0.00   0.00   0.00   0.00   0.00
   50     0.61   0.85   0.82   0.66   0.23   0.92   0.00   0.00   0.00   0.00   0.00   0.70   0.67   0.50   0.00   0.00   0.00   0.00   0.00
   40     0.50   0.88   0.80   0.97   0.66   0.50   0.00   0.00   0.00   0.00   0.00   0.45   0.56   0.50   0.00   0.00   0.00   0.00   0.00
   30     0.25   0.70   1.15   0.69   1.68   0.50   0.00   0.00   0.00   0.00   0.00   0.50   0.69   0.50   0.00   0.00   0.00   0.00   0.00
   20     0.00   0.50   0.70   0.64   1.21   0.25   0.00   0.00   0.00   0.00   0.00   0.00   0.69   0.00   0.00   0.00   0.00   0.00   0.00
   10     0.00   0.50   0.50   0.25   0.63   0.00   0.00   0.00   0.00   0.00   0.00   0.00   0.50   0.00   0.00   0.00   0.00   0.00   0.00
    0     0.00   0.25   0.25   0.00   0.60   0.11   0.00   0.00   0.00   0.00   0.00   0.00   0.00   0.00   0.00   0.00   0.00   0.00   0.00
  -10     0.00   0.00   0.00   0.00   0.33   0.34   0.00   0.50   0.00   0.00   0.00   0.00   0.00   0.00   0.00   0.00   0.00   0.00   0.00
  -20     0.00   0.00   0.00   0.00   0.57   0.53   0.07   1.00   0.00   0.00   0.00   0.00   0.00   0.00   0.00   0.00   0.00   0.00   0.00
  -30     0.00   0.00   0.00   0.50   1.16   0.94   0.09   2.04   0.00   0.00   0.00   0.00   0.00   0.00   0.00   0.00   0.00   0.00   0.00
  -40     0.00   0.00   0.00   0.50   0.99   1.11   0.01   1.29   0.00   0.00   0.00   0.00   0.00   0.00   0.00   0.00   0.00   0.00   0.00
  -50     0.00   0.00   0.00   0.50   0.89   0.48   0.03   0.50   0.00   0.00   0.00   0.00   0.00   0.00   0.00   0.00   0.00   0.00   0.00
  -60     0.00   0.00   0.00   0.00   0.52   0.00   0.54   0.26   0.00   0.00   0.00   0.00   0.00   0.00   0.00   0.00   0.00   0.00   0.00
  -70     0.00   0.00   0.00   0.00   0.00   0.00   0.00   0.00   0.00   0.00   0.00   0.00   0.00   0.00   0.00   0.00   0.00   0.00   0.00
  -80     0.00   0.00   0.00   0.00   0.00   0.00   0.00   0.00   0.00   0.00   0.00   0.00   0.00   0.00   0.00   0.00   0.00   0.00   0.00
  -90     0.00   0.00   0.00   0.00   0.00   0.00   0.00   0.00   0.00   0.00   0.00   0.00   0.00   0.00   0.00   0.00   0.00   0.00   0.00
 -100     0.00   0.00   0.00   0.00   0.00   0.00   0.00   0.00   0.00   0.00   0.00   0.00   0.00   0.00   0.00   0.00   0.00   0.00   0.00
 -110     0.00   0.00   0.00   0.00   0.00   0.00   0.00   0.00   0.00   0.00   0.00   0.00   0.00   0.00   0.00   0.00   0.00   0.00   0.00
 -120     0.00   0.00   0.00   0.00   0.00   0.00   0.00   0.00   0.00   0.00   0.00   0.00   0.00   0.00   0.00   0.00   0.00   0.00   0.00
 -130     0.00   0.00   0.00   0.00   0.00   0.00   0.00   0.00   0.00   0.00   0.00   0.00   0.00   0.00   0.00   0.00   0.00   0.00   0.00
 -140     0.00   0.00   0.00   0.00   0.00   0.00   0.00   0.00   0.00   0.00   0.00   0.00   0.00   0.00   0.00   0.00   0.00   0.00   0.00
 -150     0.00   0.00   0.00   0.00   0.00   0.00   0.00   0.00   0.00   0.00   0.00   0.00   0.00   0.00   0.00   0.00   0.00   0.00   0.00
 -160     0.00   0.00   0.00   0.00   0.00   0.00   0.00   0.00   0.00   0.00   0.00   0.00   0.00   0.00   0.00   0.00   0.00   0.00   0.00
 -170     0.00   0.00   0.00   0.00   0.00   0.00   0.00   0.00   0.00   0.00   0.00   0.00   0.00   0.00   0.00   0.00   0.00   0.00   0.00
 -180     0.58   0.60   0.62   0.67   0.62   0.59   0.61   0.00   0.00   0.00   0.00   0.00   0.67   0.00   0.00   0.00   0.00   0.00   0.00
