#-----------------------------------------------------------------------------------------------------------------------------------------
#ps\ph  -180   -160   -140   -120   -100   -80  -60  -40  -20   0    20   40   60   80  100  120  140  160  180
#-----------------------------------------------------------------------------------------------------------------------------------------
  180     0.05  -0.09  -0.20  -0.34  -0.20  -0.30  -0.31   0.00   0.00   0.00   0.00   0.00   0.20   0.00   0.00   0.00   0.00   0.00   0.00
  170     0.04  -0.07  -0.12  -0.28  -0.17  -0.29  -0.28  -0.39   0.00   0.00   0.00   0.00   0.19   0.00   0.00   0.00   0.00   0.00   0.00
  160    -0.02  -0.12  -0.07  -0.24  -0.21  -0.31  -0.31  -0.36   0.00   0.00   0.00   0.00   0.18   0.00   0.00   0.00   0.00   0.00   0.00
  150    -0.01  -0.18  -0.09  -0.29  -0.31  -0.33  -0.37  -0.39   0.00   0.00   0.00   0.00   0.00   0.00   0.00   0.00   0.00   0.00   0.00
  140    -0.02  -0.14  -0.12  -0.31  -0.37  -0.40  -0.41  -0.48   0.00   0.00   0.00   0.00   0.00   0.00   0.00   0.00   0.00   0.00   0.00
  130     0.03  -0.07  -0.15  -0.32  -0.35  -0.42  -0.42  -0.59   0.00   0.00   0.00   0.00   0.00   0.00   0.00   0.00   0.00   0.00   0.00
  120     0.04  -0.01  -0.20  -0.33  -0.38  -0.43  -0.42  -0.68   0.00   0.00   0.00   0.00   0.00   0.00   0.00   0.00   0.00   0.00   0.00
  110     0.06   0.04  -0.26  -0.32  -0.43  -0.43  -0.43  -0.60   0.00   0.00   0.00   0.00   0.00   0.00   0.00   0.00   0.00   0.00   0.00
  100     0.06   0.04  -0.29  -0.31  -0.46  -0.41  -0.36  -0.41   0.00   0.00   0.00   0.00  -0.06   0.00   0.00   0.00   0.00   0.00   0.00
   90     0.02   0.01  -0.29  -0.30  -0.47  -0.41  -0.13  -0.22   0.00   0.00   0.00   0.00   0.00   0.00   0.00   0.00   0.00   0.00   0.00
   80    -0.03  -0.04  -0.27  -0.28  -0.45  -0.43  -0.14   0.00   0.00   0.00   0.00  -0.40  -0.08   0.00   0.00   0.00   0.00   0.00   0.00
   70    -0.04  -0.08  -0.24  -0.27  -0.43  -0.42  -0.45   0.00   0.00   0.00   0.00  -0.25   0.00   0.00   0.00   0.00   0.00   0.00   0.00
   60    -0.02  -0.09  -0.18  -0.27  -0.41  -0.39   0.00   0.00   0.00   0.00   0.00  -0.48  -0.15   0.00   0.00   0.00   0.00   0.00   0.00
   50    -0.03  -0.07  -0.09  -0.27  -0.40  -0.12   0.00   0.00   0.00   0.00   0.00  -0.31  -0.17   0.00   0.00   0.00   0.00   0.00   0.00
   40     0.00  -0.02   0.00  -0.24  -0.35   0.00   0.00   0.00   0.00   0.00   0.00  -0.43  -0.24   0.00   0.00   0.00   0.00   0.00   0.00
   30     0.00  -0.07   0.04   0.06  -0.24   0.00   0.00   0.00   0.00   0.00   0.00   0.00  -0.21   0.00   0.00   0.00   0.00   0.00   0.00
   20     0.00   0.00   0.00   0.10   0.07   0.00   0.00   0.00   0.00   0.00   0.00   0.00  -0.21   0.00   0.00   0.00   0.00   0.00   0.00
   10     0.00   0.00   0.00   0.00   0.12   0.00   0.00   0.00   0.00   0.00   0.00   0.00   0.00   0.00   0.00   0.00   0.00   0.00   0.00
    0     0.00   0.00   0.00   0.00   0.12   0.16   0.00   0.00   0.00   0.00   0.00   0.00   0.00   0.00   0.00   0.00   0.00   0.00   0.00
  -10     0.00   0.00   0.00   0.00   0.10   0.14   0.00   0.00   0.00   0.00   0.00   0.00   0.00   0.00   0.00   0.00   0.00   0.00   0.00
  -20     0.00   0.00   0.00   0.00   0.11   0.12   0.23   0.00   0.00   0.00   0.00   0.00   0.00   0.00   0.00   0.00   0.00   0.00   0.00
  -30     0.00   0.00   0.00   0.00  -0.10  -0.07   0.08   0.54   0.00   0.00   0.00   0.00   0.00   0.00   0.00   0.00   0.00   0.00   0.00
  -40     0.00   0.00   0.00   0.00  -0.18  -0.25  -0.02   0.32   0.00   0.00   0.00   0.00   0.00   0.00   0.00   0.00   0.00   0.00   0.00
  -50     0.00   0.00   0.00   0.00  -0.30  -0.14  -0.12   0.06   0.00   0.00   0.00   0.00   0.00   0.00   0.00   0.00   0.00   0.00   0.00
  -60     0.00   0.00   0.00   0.00  -0.09   0.00  -0.21  -0.11   0.00   0.00   0.00   0.00   0.00   0.00   0.00   0.00   0.00   0.00   0.00
  -70     0.00   0.00   0.00   0.00   0.00   0.00   0.00   0.00   0.00   0.00   0.00   0.00   0.00   0.00   0.00   0.00   0.00   0.00   0.00
  -80     0.00   0.00   0.00   0.00   0.00   0.00   0.00   0.00   0.00   0.00   0.00   0.00   0.00   0.00   0.00   0.00   0.00   0.00   0.00
  -90     0.00   0.00   0.00   0.00   0.00   0.00   0.00   0.00   0.00   0.00   0.00   0.00   0.00   0.00   0.00   0.00   0.00   0.00   0.00
 -100     0.00   0.00   0.00   0.00   0.00   0.00   0.00   0.00   0.00   0.00   0.00   0.00   0.00   0.00   0.00   0.00   0.00   0.00   0.00
 -110     0.00   0.00   0.00   0.00   0.00   0.00   0.00   0.00   0.00   0.00   0.00   0.00   0.00   0.00   0.00   0.00   0.00   0.00   0.00
 -120     0.00   0.00   0.00   0.00   0.00   0.00   0.00   0.00   0.00   0.00   0.00   0.00   0.00   0.00   0.00   0.00   0.00   0.00   0.00
 -130     0.00   0.00   0.00   0.00   0.00   0.00   0.00   0.00   0.00   0.00   0.00   0.00   0.00   0.00   0.00   0.00   0.00   0.00   0.00
 -140     0.00   0.00   0.00   0.00   0.00   0.00   0.00   0.00   0.00   0.00   0.00   0.00   0.00   0.00   0.00   0.00   0.00   0.00   0.00
 -150     0.00   0.00   0.00   0.00   0.00   0.00   0.00   0.00   0.00   0.00   0.00   0.00   0.00   0.00   0.00   0.00   0.00   0.00   0.00
 -160     0.00   0.00   0.00   0.00   0.00   0.00   0.00   0.00   0.00   0.00   0.00   0.00   0.00   0.00   0.00   0.00   0.00   0.00   0.00
 -170     0.00   0.00   0.00   0.00   0.00   0.00   0.00   0.00   0.00   0.00   0.00   0.00   0.00   0.00   0.00   0.00   0.00   0.00   0.00
 -180     0.05  -0.09  -0.20  -0.34  -0.20  -0.30  -0.31   0.00   0.00   0.00   0.00   0.00   0.20   0.00   0.00   0.00   0.00   0.00   0.00
  180    -0.50  -1.88  -2.88  -2.61  -2.19  -1.20  -0.83   0.68   0.00   0.00   0.00   0.00   1.83   0.00   0.00   0.00   0.00   0.00   0.00
  170    -0.50  -1.28  -2.58  -2.34  -1.84  -0.70  -0.22   0.68   0.00   0.00   0.00   0.00   2.02   0.00   0.00   0.00   0.00   0.00   0.00
  160    -0.50  -0.67  -2.27  -2.06  -1.50  -0.19   0.40  -0.04   0.00   0.00   0.00   0.00   2.22   0.00   0.00   0.00   0.00   0.00   0.00
  150     0.00   0.09  -1.75  -1.94  -1.25   0.11   0.42   0.46   0.00   0.00   0.00   0.00   2.40   0.00   0.00   0.00   0.00   0.00   0.00
  140     0.00   0.85  -1.24  -1.82  -0.99   0.40   0.44   0.97   0.00   0.00   0.00   0.00   2.58   0.00   0.00   0.00   0.00   0.00   0.00
  130     0.00   1.07  -1.08  -2.14  -1.17   0.22   0.03   1.06   0.00   0.00   0.00   0.00   2.62   0.00   0.00   0.00   0.00   0.00   0.00
  120     0.00   1.28  -0.93  -2.44  -1.34   0.05  -0.39   1.15   0.00   0.00   0.00   0.00   3.16   0.00   0.00   0.00   0.00   0.00   0.00
  110     0.00   0.72  -1.45  -3.03  -1.98  -0.66  -0.13   0.77   0.00   0.00   0.00   0.00   2.92   0.00   0.00   0.00   0.00   0.00   0.00
  100     0.00   0.16  -1.95  -3.61  -2.63  -1.35   0.12   0.38   0.00   0.00   0.00   0.00   2.67   0.00   0.00   0.00   0.00   0.00   0.00
   90     0.00  -0.60  -2.63  -3.96  -3.27  -2.10  -0.02   0.00   0.00   0.00   0.00   0.00   1.79   0.00   0.00   0.00   0.00   0.00   0.00
   80    -0.50  -1.36  -3.30  -4.32  -3.92  -2.84  -0.16   0.00   0.00   0.00   0.00   1.13   1.41   0.00   0.00   0.00   0.00   0.00   0.00
   70    -0.50  -1.75  -3.56  -4.16  -2.56  -2.98  -0.50   0.00   0.00   0.00   0.00   0.83   1.14   0.00   0.00   0.00   0.00   0.00   0.00
   60    -0.50  -2.13  -3.82  -4.00  -2.56  -3.10  -0.50   0.00   0.00   0.00   0.00   0.04   0.86   0.00   0.00   0.00   0.00   0.00   0.00
   50    -0.50  -1.92  -2.79  -3.12  -2.32  -1.50   0.00   0.00   0.00   0.00   0.00   0.61   0.94   0.00   0.00   0.00   0.00   0.00   0.00
   40     0.00  -1.72  -2.14  -2.22  -3.04  -1.00   0.00   0.00   0.00   0.00   0.00   0.69   1.02   0.00   0.00   0.00   0.00   0.00   0.00
   30     0.00  -0.50  -0.50  -1.50  -1.85  -0.50   0.00   0.00   0.00   0.00   0.00   0.00   0.00   0.00   0.00   0.00   0.00   0.00   0.00
   20     0.00   0.00   0.00  -1.00  -0.73   0.00   0.00   0.00   0.00   0.00   0.00   0.00   0.00   0.00   0.00   0.00   0.00   0.00   0.00
   10     0.00   0.00   0.00  -0.50  -0.50   0.00   0.00   0.00   0.00   0.00   0.00   0.00   0.00   0.00   0.00   0.00   0.00   0.00   0.00
    0     0.00   0.00   0.00   0.00   0.00   0.00   0.00   0.00   0.00   0.00   0.00   0.00   0.00   0.00   0.00   0.00   0.00   0.00   0.00
  -10     0.00   0.00   0.00   0.00   0.00   0.00   0.00   0.00   0.00   0.00   0.00   0.00   0.00   0.00   0.00   0.00   0.00   0.00   0.00
  -20     0.00   0.00   0.00   0.00   0.00   0.57   0.80   0.00   0.00   0.00   0.00   0.00   0.00   0.00   0.00   0.00   0.00   0.00   0.00
  -30     0.00   0.00   0.00   0.00   0.00   0.74   1.01   0.00   0.00   0.00   0.00   0.00   0.00   0.00   0.00   0.00   0.00   0.00   0.00
  -40     0.00   0.00   0.00   0.00   0.00   0.55   1.24   1.18   0.00   0.00   0.00   0.00   0.00   0.00   0.00   0.00   0.00   0.00   0.00
  -50     0.00   0.00   0.00   0.00   0.00   0.87   1.23   1.22   0.00   0.00   0.00   0.00   0.00   0.00   0.00   0.00   0.00   0.00   0.00
  -60     0.00   1.72   0.47   0.00   0.00   0.83   1.20   1.25   0.00   0.00   0.00   0.00   0.00   0.00   0.00   0.00   0.00   0.00   0.00
  -70     0.00   0.00   0.00   0.00   0.00   0.00   0.00   0.00   0.00   0.00   0.00   0.00   0.00   0.00   0.00   0.00   0.00   0.00   0.00
  -80     0.00   0.00   0.00   0.00   0.00   0.00   0.00   0.00   0.00   0.00   0.00   0.00   0.00   0.00   0.00   0.00   0.00   0.00   0.00
  -90     0.00   0.00   0.00   0.00   0.00   0.00   0.00   0.00   0.00   0.00   0.00   0.00   0.00   0.00   0.00   0.00   0.00   0.00   0.00
 -100     0.00   0.00   0.00   0.00   0.00   0.00   0.00   0.00   0.00   0.00   0.00   0.00   0.00   0.00   0.00   0.00   0.00   0.00   0.00
 -110     0.00   0.00   0.00   0.00   0.00   0.00   0.00   0.00   0.00   0.00   0.00   0.00   0.00   0.00   0.00   0.00   0.00   0.00   0.00
 -120     0.00   0.00   0.00   0.00   0.00   0.00   0.00   0.00   0.00   0.00   0.00   0.00   0.00   0.00   0.00   0.00   0.00   0.00   0.00
 -130     0.00   0.00   0.00   0.00   0.00   0.00   0.00   0.00   0.00   0.00   0.00   0.00   0.00   0.00   0.00   0.00   0.00   0.00   0.00
 -140     0.00   0.00   0.00   0.00   0.00   0.00   0.00   0.00   0.00   0.00   0.00   0.00   0.00   0.00   0.00   0.00   0.00   0.00   0.00
 -150     0.00   0.00   0.00   0.00   0.00   0.00   0.00   0.00   0.00   0.00   0.00   0.00   0.00   0.00   0.00   0.00   0.00   0.00   0.00
 -160     0.00   0.00   0.00   0.00   0.00   0.00   0.00   0.00   0.00   0.00   0.00   0.00   0.00   0.00   0.00   0.00   0.00   0.00   0.00
 -170     0.00   0.00   0.00   0.00   0.00   0.00   0.00   0.00   0.00   0.00   0.00   0.00   0.00   0.00   0.00   0.00   0.00   0.00   0.00
 -180    -0.50  -1.88  -2.88  -2.61  -2.19  -1.20  -0.83   0.68   0.00   0.00   0.00   0.00   1.83   0.00   0.00   0.00   0.00   0.00   0.00
  180     0.07  -0.09   0.08  -0.22   0.17   0.17   0.14   0.00   0.00   0.00   0.00   0.00   0.01   0.00   0.00   0.00   0.00   0.00   0.00
  170    -0.10  -0.04   0.02  -0.05   0.08   0.08   0.02  -0.02   0.00   0.00   0.00   0.00  -0.04   0.00   0.00   0.00   0.00   0.00   0.00
  160     0.06  -0.17  -0.14  -0.05  -0.09   0.06   0.12  -0.02   0.00   0.00   0.00   0.00  -0.10   0.00   0.00   0.00   0.00   0.00   0.00
  150     0.01  -0.19  -0.24  -0.18  -0.05   0.07   0.16   0.08   0.00   0.00   0.00   0.00   0.00   0.00   0.00   0.00   0.00   0.00   0.00
  140    -0.10  -0.14  -0.12  -0.16  -0.20  -0.02   0.01   0.18   0.00   0.00   0.00   0.00   0.00   0.00   0.00   0.00   0.00   0.00   0.00
  130    -0.17  -0.20  -0.28  -0.19  -0.16   0.06   0.16   0.20   0.00   0.00   0.00   0.00   0.00   0.00   0.00   0.00   0.00   0.00   0.00
  120    -0.06  -0.12  -0.03  -0.21  -0.14   0.12   0.20   0.31   0.00   0.00   0.00   0.00   0.00   0.00   0.00   0.00   0.00   0.00   0.00
  110    -0.10  -0.01  -0.07  -0.14  -0.11   0.12   0.30   0.55   0.00   0.00   0.00   0.00   0.00   0.00   0.00   0.00   0.00   0.00   0.00
  100     0.11   0.05  -0.06   0.04  -0.14   0.03   0.37   0.66   0.00   0.00   0.00   0.00  -0.44   0.00   0.00   0.00   0.00   0.00   0.00
   90     0.04   0.11   0.12   0.05   0.14   0.33   0.47   0.68   0.00   0.00   0.00   0.00   0.00   0.00   0.00   0.00   0.00   0.00   0.00
   80     0.10   0.18   0.30   0.20   0.24   0.49   0.41   0.00   0.00   0.00   0.00  -0.09   0.12   0.00   0.00   0.00   0.00   0.00   0.00
   70     0.00   0.09   0.21   0.30   0.26   0.52   0.47   0.00   0.00   0.00   0.00  -0.33   0.00   0.00   0.00   0.00   0.00   0.00   0.00
   60    -0.08   0.06   0.25   0.31   0.47   0.79   0.00   0.00   0.00   0.00   0.00  -0.11  -0.07   0.00   0.00   0.00   0.00   0.00   0.00
   50    -0.32  -0.03   0.09   0.39   0.54   0.43   0.00   0.00   0.00   0.00   0.00  -0.33  -0.29   0.00   0.00   0.00   0.00   0.00   0.00
   40     0.00  -0.18   0.07   0.44   0.63   0.00   0.00   0.00   0.00   0.00   0.00   0.12   0.01   0.00   0.00   0.00   0.00   0.00   0.00
   30     0.00  -0.28   0.06   0.19   0.60   0.00   0.00   0.00   0.00   0.00   0.00   0.00  -0.25   0.00   0.00   0.00   0.00   0.00   0.00
   20     0.00   0.00   0.00   0.16   0.28   0.00   0.00   0.00   0.00   0.00   0.00   0.00  -0.21   0.00   0.00   0.00   0.00   0.00   0.00
   10     0.00   0.00   0.00   0.00   0.25   0.00   0.00   0.00   0.00   0.00   0.00   0.00   0.00   0.00   0.00   0.00   0.00   0.00   0.00
    0     0.00   0.00   0.00   0.00   0.14   0.24   0.00   0.00   0.00   0.00   0.00   0.00   0.00   0.00   0.00   0.00   0.00   0.00   0.00
  -10     0.00   0.00   0.00   0.00   0.04   0.07   0.00   0.00   0.00   0.00   0.00   0.00   0.00   0.00   0.00   0.00   0.00   0.00   0.00
  -20     0.00   0.00   0.00   0.00  -0.04   0.04  -0.03   0.00   0.00   0.00   0.00   0.00   0.00   0.00   0.00   0.00   0.00   0.00   0.00
  -30     0.00   0.00   0.00   0.00  -0.33   0.00  -0.03   0.45   0.00   0.00   0.00   0.00   0.00   0.00   0.00   0.00   0.00   0.00   0.00
  -40     0.00   0.00   0.00   0.00  -0.46  -0.17   0.12   0.38   0.00   0.00   0.00   0.00   0.00   0.00   0.00   0.00   0.00   0.00   0.00
  -50     0.00   0.00   0.00   0.00  -0.55  -0.10  -0.07   0.16   0.00   0.00   0.00   0.00   0.00   0.00   0.00   0.00   0.00   0.00   0.00
  -60     0.00   0.00   0.00   0.00  -0.14   0.00  -0.17   0.02   0.00   0.00   0.00   0.00   0.00   0.00   0.00   0.00   0.00   0.00   0.00
  -70     0.00   0.00   0.00   0.00   0.00   0.00   0.00   0.00   0.00   0.00   0.00   0.00   0.00   0.00   0.00   0.00   0.00   0.00   0.00
  -80     0.00   0.00   0.00   0.00   0.00   0.00   0.00   0.00   0.00   0.00   0.00   0.00   0.00   0.00   0.00   0.00   0.00   0.00   0.00
  -90     0.00   0.00   0.00   0.00   0.00   0.00   0.00   0.00   0.00   0.00   0.00   0.00   0.00   0.00   0.00   0.00   0.00   0.00   0.00
 -100     0.00   0.00   0.00   0.00   0.00   0.00   0.00   0.00   0.00   0.00   0.00   0.00   0.00   0.00   0.00   0.00   0.00   0.00   0.00
 -110     0.00   0.00   0.00   0.00   0.00   0.00   0.00   0.00   0.00   0.00   0.00   0.00   0.00   0.00   0.00   0.00   0.00   0.00   0.00
 -120     0.00   0.00   0.00   0.00   0.00   0.00   0.00   0.00   0.00   0.00   0.00   0.00   0.00   0.00   0.00   0.00   0.00   0.00   0.00
 -130     0.00   0.00   0.00   0.00   0.00   0.00   0.00   0.00   0.00   0.00   0.00   0.00   0.00   0.00   0.00   0.00   0.00   0.00   0.00
 -140     0.00   0.00   0.00   0.00   0.00   0.00   0.00   0.00   0.00   0.00   0.00   0.00   0.00   0.00   0.00   0.00   0.00   0.00   0.00
 -150     0.00   0.00   0.00   0.00   0.00   0.00   0.00   0.00   0.00   0.00   0.00   0.00   0.00   0.00   0.00   0.00   0.00   0.00   0.00
 -160     0.00   0.00   0.00   0.00   0.00   0.00   0.00   0.00   0.00   0.00   0.00   0.00   0.00   0.00   0.00   0.00   0.00   0.00   0.00
 -170     0.00   0.00   0.00   0.00   0.00   0.00   0.00   0.00   0.00   0.00   0.00   0.00   0.00   0.00   0.00   0.00   0.00   0.00   0.00
 -180     0.07  -0.09   0.08  -0.22   0.17   0.17   0.14   0.00   0.00   0.00   0.00   0.00   0.01   0.00   0.00   0.00   0.00   0.00   0.00
