#-----------------------------------------------------------------------------------------------------------------------------------------
#ps\ph  -180   -160   -140   -120   -100   -80    -60    -40    -20     0      20     40     60     80    100    120    140    160    180
#-----------------------------------------------------------------------------------------------------------------------------------------
  180     1.21   0.54  -0.10  -0.25   0.38   0.90   0.35   0.00   0.00   0.00   0.00   0.00  -0.27   0.00   0.00   0.00   0.00   0.00   0.00
  170     1.23   0.47  -0.24  -0.29   0.15   0.79   0.49  -2.16   0.00   0.00   0.00   0.00  -0.47   0.00   0.00   0.00   0.00   0.00   0.00
  160     1.20   0.40  -0.36  -0.48  -0.04   0.72   0.68  -1.34   0.00   0.00   0.00   0.00  -0.67   0.00   0.00   0.00   0.00   0.00   0.00
  150     1.20   0.44  -0.36  -0.57  -0.15   0.65   0.91  -0.64   0.00   0.00   0.00   0.00  -0.50   0.00   0.00   0.00   0.00   0.00   0.00
  140     1.22   0.42  -0.36  -0.57  -0.17   0.65   1.15  -0.01   0.00   0.00   0.00   0.00  -0.50   0.00   0.00   0.00   0.00   0.00   0.00
  130     1.05   0.35  -0.35  -0.56  -0.18   0.68   1.38   0.57   0.00   0.00   0.00   0.00  -0.50   0.00   0.00   0.00   0.00   0.00   0.00
  120     0.96   0.26  -0.34  -0.53  -0.17   0.92   1.61   1.15   0.00   0.00   0.00   0.00  -0.50   0.00   0.00   0.00   0.00   0.00   0.00
  110     0.80   0.16  -0.33  -0.46  -0.07   1.03   1.86   1.73   0.00   0.00   0.00   0.00  -0.50   0.00   0.00   0.00   0.00   0.00   0.00
  100     0.66   0.10  -0.33  -0.33   0.14   1.17   2.03   2.23   0.00   0.00   0.00   0.00  -0.69   0.00   0.00   0.00   0.00   0.00   0.00
   90     0.57   0.09  -0.32  -0.18   0.43   1.48   1.21   2.09   0.00   0.00   0.00  -0.50  -0.50   0.00   0.00   0.00   0.00   0.00   0.00
   80     0.57   0.12  -0.32  -0.03   0.79   1.98   1.06   1.00   0.00   0.00   0.00  -0.28   0.05   0.00   0.00   0.00   0.00   0.00   0.00
   70     0.67   0.20  -0.30   0.08   1.14   2.69   1.48   0.50   0.00   0.00   0.00  -0.26   0.35   0.00   0.00   0.00   0.00   0.00   0.00
   60     0.81   0.34  -0.23   0.15   1.44   3.42   1.00   0.00   0.00   0.00   0.00  -0.17   0.03   0.00   0.00   0.00   0.00   0.00   0.00
   50     0.65   0.51  -0.12   0.19   1.55   1.62   0.50   0.00   0.00   0.00   0.00  -0.48   0.11   0.00   0.00   0.00   0.00   0.00   0.00
   40     0.25   0.64  -0.01   0.18   1.46   1.00   0.00   0.00   0.00   0.00   0.00  -0.16   0.25   0.00   0.00   0.00   0.00   0.00   0.00
   30     0.00   0.35   0.06   0.36   1.29   0.50   0.00   0.00   0.00   0.00   0.00   0.00  -0.27   0.00   0.00   0.00   0.00   0.00   0.00
   20     0.00   0.25   0.25   0.57   0.88   0.25   0.00   0.00   0.00   0.00   0.00   0.00  -0.20   0.00   0.00   0.00   0.00   0.00   0.00
   10     0.00   0.00   0.25   0.50   0.78   0.50   0.00   0.00   0.00   0.00   0.00   0.00   0.00   0.00   0.00   0.00   0.00   0.00   0.00
    0     0.00   0.00   0.00   0.25   0.63   1.11   0.25   0.00   0.00   0.00   0.00   0.00   0.00   0.00   0.00   0.00   0.00   0.00   0.00
  -10     0.00   0.00   0.00   0.00  -0.05   0.96   0.50   0.50   0.00   0.00   0.00   0.00   0.00   0.00   0.00   0.00   0.00   0.00   0.00
  -20     0.00   0.00   0.00  -0.50  -0.76   0.81   1.19   1.00   0.00   0.00   0.00   0.00   0.00   0.00   0.00   0.00   0.00   0.00   0.00
  -30     0.00   0.00   0.00  -0.50  -1.16   0.14   1.07   1.50   0.00   0.00   0.00   0.00   0.00   0.00   0.00   0.00   0.00   0.00   0.00
  -40     0.00   0.00   0.00  -0.50  -1.35  -0.24   1.30   1.06   0.00   0.00   0.00   0.00   0.00   0.00   0.00   0.00   0.00   0.00   0.00
  -50     0.00   0.00   0.00  -0.50  -1.46   0.39   0.87   0.66   0.00   0.00   0.00   0.00   0.00   0.00   0.00   0.00   0.00   0.00   0.00
  -60     0.00   0.00   0.00   0.00  -0.68   0.00   0.54   0.48   0.00   0.00   0.00   0.00   0.00   0.00   0.00   0.00   0.00   0.00   0.00
  -70     0.00   0.00   0.00   0.00   0.00   0.00   0.50   0.50   0.00   0.00   0.00   0.00   0.00   0.00   0.00   0.00   0.00   0.00   0.00
  -80     0.00   0.00   0.00   0.00   0.00   0.00   0.25   0.25   0.00   0.00   0.00   0.00   0.00   0.00   0.00   0.00   0.00   0.00   0.00
  -90     0.00   0.00   0.00   0.00   0.00   0.00   0.00   0.00   0.00   0.00   0.00   0.00   0.00   0.00   0.00   0.00   0.00   0.00   0.00
 -100     0.00   0.00   0.00   0.00   0.00   0.00   0.00   0.00   0.00   0.00   0.00   0.00   0.00   0.00   0.00   0.00   0.00   0.00   0.00
 -110     0.00   0.00   0.00   0.00   0.00   0.00   0.00   0.00   0.00   0.00   0.00   0.00   0.00   0.00   0.00   0.00   0.00   0.00   0.00
 -120     0.00   0.00   0.00   0.00   0.00   0.00   0.00   0.00   0.00   0.00   0.00   0.00   0.00   0.00   0.00   0.00   0.00   0.00   0.00
 -130     0.00   0.00   0.00   0.00   0.00   0.00   0.00   0.00   0.00   0.00   0.00   0.00   0.00   0.00   0.00   0.00   0.00   0.00   0.00
 -140     0.00   0.00   0.00   0.00   0.00   0.00   0.00   0.00   0.00   0.00   0.00   0.00   0.00   0.00   0.00   0.00   0.00   0.00   0.00
 -150     0.00   0.00   0.00   0.00   0.00   0.00   0.00   0.00   0.00   0.00   0.00   0.00   0.00   0.00   0.00   0.00   0.00   0.00   0.00
 -160     0.00   0.00   0.00   0.00   0.00   0.00   0.00   0.00   0.00   0.00   0.00   0.00   0.00   0.00   0.00   0.00   0.00   0.00   0.00
 -170     0.00   0.00   0.00   0.00   0.00   0.00   0.00   0.00   0.00   0.00   0.00   0.00   0.00   0.00   0.00   0.00   0.00   0.00   0.00
 -180     1.21   0.54  -0.10  -0.25   0.38   0.90   0.35   0.00   0.00   0.00   0.00   0.00  -0.27   0.00   0.00   0.00   0.00   0.00   0.00
  180     0.00  -0.02   0.52   0.94  -0.36  -2.14  -4.75  -3.46   0.00   0.00   0.00   0.00  -3.10   0.00   0.00   0.00   0.00   0.00   0.00
  170     0.00   0.38   0.81   1.41   0.53  -1.06  -3.43  -3.46   0.00   0.00   0.00   0.00  -2.58   0.00   0.00   0.00   0.00   0.00   0.00
  160     0.50   0.76   1.11   1.87   1.42   0.02  -2.11  -6.20   0.00   0.00   0.00   0.00  -2.06   0.00   0.00   0.00   0.00   0.00   0.00
  150     0.50   1.07   1.38   1.81   1.73   0.69  -1.66  -4.54   0.00   0.00   0.00   0.00  -1.34   0.00   0.00   0.00   0.00   0.00   0.00
  140     0.50   1.36   1.65   1.76   2.05   1.36  -1.20  -2.87   0.00   0.00   0.00   0.00  -0.62   0.00   0.00   0.00   0.00   0.00   0.00
  130     1.00   1.24   1.51   1.45   1.68   1.01  -1.80  -1.96   0.00   0.00   0.00   0.00  -1.18   0.00   0.00   0.00   0.00   0.00   0.00
  120     1.00   1.12   1.36   1.12   1.30   0.65  -2.40  -1.05   0.00   0.00   0.00   0.00  -1.74   0.00   0.00   0.00   0.00   0.00   0.00
  110     0.50   0.84   1.06   0.85   0.77  -0.17  -2.12  -1.12   0.00   0.00   0.00  -0.50  -2.40   0.00   0.00   0.00   0.00   0.00   0.00
  100     0.50   0.57   0.76   0.59   0.24  -0.99  -1.85  -1.20   0.00   0.00   0.00  -1.00  -3.05   0.00   0.00   0.00   0.00   0.00   0.00
   90     0.50   0.48   0.73   0.66   0.24  -0.94  -2.04   0.00   0.00   0.00   0.00  -1.50  -2.79   0.00   0.00   0.00   0.00   0.00   0.00
   80     0.50   0.40   0.69   0.73   0.26  -0.91  -2.23   0.00   0.00   0.00   0.00  -2.25  -2.52   0.00   0.00   0.00   0.00   0.00   0.00
   70     0.50   0.43   0.82   0.74   0.86  -0.07  -1.00   0.00   0.00   0.00   0.00  -1.94  -1.98   0.00   0.00   0.00   0.00   0.00   0.00
   60     0.50   0.47   0.95   0.76   0.98   0.77  -0.50   0.00   0.00   0.00   0.00  -1.62  -1.43   0.00   0.00   0.00   0.00   0.00   0.00
   50     0.50   0.37   0.64   0.64   0.81   0.50   0.00   0.00   0.00   0.00   0.00  -1.83  -1.30   0.00   0.00   0.00   0.00   0.00   0.00
   40     0.50   0.26   0.05   0.52   0.11   0.25   0.00   0.00   0.00   0.00   0.00  -2.04  -1.17   0.00   0.00   0.00   0.00   0.00   0.00
   30     0.25   0.00   0.25   0.50   0.03   0.00   0.00   0.00   0.00   0.00   0.00  -1.50  -0.50   0.00   0.00   0.00   0.00   0.00   0.00
   20     0.00   0.25   0.00   0.50  -0.18   0.00   0.00   0.00   0.00   0.00   0.00  -1.00   0.00   0.00   0.00   0.00   0.00   0.00   0.00
   10     0.00   0.00   0.00   0.25   0.00   0.00   0.00   0.00   0.00   0.00   0.00  -0.50   0.00   0.00   0.00   0.00   0.00   0.00   0.00
    0     0.00   0.00   0.00   0.00   0.00   0.00   0.00   0.00   0.00   0.00   0.00   0.00   0.00   0.00   0.00   0.00   0.00   0.00   0.00
  -10     0.00   0.00   0.00   0.00   0.00   0.00   0.00   0.00   0.00   0.00   0.00   0.00   0.00   0.00   0.00   0.00   0.00   0.00   0.00
  -20     0.00   0.00   0.00   0.00   0.00  -0.28  -1.26   0.00   0.00   0.00   0.00   0.00   0.00   0.00   0.00   0.00   0.00   0.00   0.00
  -30     0.00   0.00   0.00   0.00   0.50   0.44  -0.78   0.00   0.00   0.00   0.00   0.00   0.00   0.00   0.00   0.00   0.00   0.00   0.00
  -40     0.00   0.00   0.50   0.50   1.00   0.95   0.11  -1.56   0.00   0.00   0.00   0.00   0.00   0.00   0.00   0.00   0.00   0.00   0.00
  -50     0.00   0.00   0.00   0.50   1.00   0.23  -0.62  -1.39   0.00   0.00   0.00   0.00   0.00   0.00   0.00   0.00   0.00   0.00   0.00
  -60     0.00  -0.11  -0.67   0.00   0.00  -0.70  -1.34  -1.22   0.00   0.00   0.00   0.00   0.00   0.00   0.00   0.00   0.00   0.00   0.00
  -70     0.00   0.00   0.00   0.00   0.00   0.00   0.00   0.00   0.00   0.00   0.00   0.00   0.00   0.00   0.00   0.00   0.00   0.00   0.00
  -80     0.00   0.00   0.00   0.00   0.00   0.00   0.00   0.00   0.00   0.00   0.00   0.00   0.00   0.00   0.00   0.00   0.00   0.00   0.00
  -90     0.00   0.00   0.00   0.00   0.00   0.00   0.00   0.00   0.00   0.00   0.00   0.00   0.00   0.00   0.00   0.00   0.00   0.00   0.00
 -100     0.00   0.00   0.00   0.00   0.00   0.00   0.00   0.00   0.00   0.00   0.00   0.00   0.00   0.00   0.00   0.00   0.00   0.00   0.00
 -110     0.00   0.00   0.00   0.00   0.00   0.00   0.00   0.00   0.00   0.00   0.00   0.00   0.00   0.00   0.00   0.00   0.00   0.00   0.00
 -120     0.00   0.00   0.00   0.00   0.00   0.00   0.00   0.00   0.00   0.00   0.00   0.00   0.00   0.00   0.00   0.00   0.00   0.00   0.00
 -130     0.00   0.00   0.00   0.00   0.00   0.00   0.00   0.00   0.00   0.00   0.00   0.00   0.00   0.00   0.00   0.00   0.00   0.00   0.00
 -140     0.00   0.00   0.00   0.00   0.00   0.00   0.00   0.00   0.00   0.00   0.00   0.00   0.00   0.00   0.00   0.00   0.00   0.00   0.00
 -150     0.00   0.00   0.00   0.00   0.00   0.00   0.00  -0.50   0.00   0.00   0.00   0.00  -0.50   0.00   0.00   0.00   0.00   0.00   0.00
 -160     0.00   0.00   0.00   0.00   0.00   0.00  -0.50  -1.00   0.00   0.00   0.00   0.00  -1.00   0.00   0.00   0.00   0.00   0.00   0.00
 -170     0.00   0.00   0.00   0.00   0.00  -0.50  -1.50  -2.00   0.00   0.00   0.00   0.00  -2.00   0.00   0.00   0.00   0.00   0.00   0.00
 -180     0.00  -0.81  -0.45   0.10  -0.64  -1.44  -2.67  -3.46   0.00   0.00   0.00   0.00  -3.10   0.00   0.00   0.00   0.00   0.00   0.00
 -180     0.71   0.81   1.05   0.84   0.42  -0.49  -1.74  -1.50   0.00   0.00   0.00   0.00  -1.76   0.00   0.00   0.00   0.00   0.00   0.00
  180     0.11   0.25   0.23   0.45   0.36   0.40   0.45   0.33   0.00   0.00   0.00   0.00   0.01   0.00   0.00   0.00   0.00   0.00   0.00
  170     0.14   0.05   0.22   0.48   0.37   0.60   0.54   0.52   0.00   0.00   0.00   0.00   0.03   0.00   0.00   0.00   0.00   0.00   0.00
  160     0.04   0.24   0.33   0.33   0.45   0.38   0.41   0.45   0.00   0.00   0.00   0.00   0.04   0.00   0.00   0.00   0.00   0.00   0.00
  150     0.02   0.20   0.20   0.19   0.40   0.46   0.58   0.49   0.00   0.00   0.00   0.00   0.00   0.00   0.00   0.00   0.00   0.00   0.00
  140     0.05  -0.08   0.24   0.28   0.28   0.48   0.48   0.57   0.00   0.00   0.00   0.00   0.00   0.00   0.00   0.00   0.00   0.00   0.00
  130     0.04  -0.01   0.22   0.17   0.43   0.41   0.69   0.73   0.00   0.00   0.00   0.00   0.00   0.00   0.00   0.00   0.00   0.00   0.00
  120     0.00  -0.05   0.03   0.29   0.33   0.65   0.65   0.82   0.00   0.00   0.00   0.00   0.00   0.00   0.00   0.00   0.00   0.00   0.00
  110    -0.24   0.00  -0.04   0.19   0.38   0.64   0.61   0.79   0.00   0.00   0.00   0.00   0.41   0.00   0.00   0.00   0.00   0.00   0.00
  100    -0.17   0.04   0.23   0.26   0.48   0.59   0.62   0.98   0.00   0.00   0.00   0.00   0.40   0.00   0.00   0.00   0.00   0.00   0.00
   90    -0.12   0.03   0.03   0.26   0.34   0.76   0.59   0.81   0.00   0.00   0.00   0.44   0.43   0.00   0.00   0.00   0.00   0.00   0.00
   80    -0.10  -0.12   0.13   0.35   0.57   0.68   0.68   0.50   0.00   0.00   0.00   0.57   0.47   0.00   0.00   0.00   0.00   0.00   0.00
   70    -0.26   0.14   0.19   0.35   0.60   0.91   1.02   0.25   0.00   0.00   0.00   0.68   0.52   0.00   0.00   0.00   0.00   0.00   0.00
   60    -0.01   0.02   0.27   0.31   0.38   0.90   0.50   0.00   0.00   0.00   0.00   0.76   0.58   0.00   0.00   0.00   0.00   0.00   0.00
   50    -0.12  -0.10   0.23   0.45   0.71   0.12   0.25   0.00   0.00   0.00   0.00   0.87   0.61   0.00   0.00   0.00   0.00   0.00   0.00
   40     0.00  -0.10   0.00   0.34   0.86   0.00   0.00   0.00   0.00   0.00   0.00   0.45   0.28   0.00   0.00   0.00   0.00   0.00   0.00
   30     0.00  -0.14   0.05   0.01   0.64   0.00   0.00   0.00   0.00   0.00   0.00   0.00   0.29   0.00   0.00   0.00   0.00   0.00   0.00
   20     0.00   0.00   0.00   0.00   0.42   0.00   0.00   0.00   0.00   0.00   0.00   0.00   0.32   0.00   0.00   0.00   0.00   0.00   0.00
   10     0.00   0.00   0.00   0.00   0.15   0.18   0.00   0.00   0.00   0.00   0.00   0.00   0.00   0.00   0.00   0.00   0.00   0.00   0.00
    0     0.00   0.00   0.00   0.00   0.43   0.27   0.00   0.00   0.00   0.00   0.00   0.00   0.00   0.00   0.00   0.00   0.00   0.00   0.00
  -10     0.00   0.00   0.00   0.00   0.46   0.34   0.20   0.00   0.00   0.00   0.00   0.00   0.00   0.00   0.00   0.00   0.00   0.00   0.00
  -20     0.00   0.00   0.00   0.00   0.41   0.41   0.34   0.45   0.00   0.00   0.00   0.00   0.00   0.00   0.00   0.00   0.00   0.00   0.00
  -30     0.00   0.00   0.00   0.00   0.32   0.54   0.41   0.39   0.00   0.00   0.00   0.00   0.00   0.00   0.00   0.00   0.00   0.00   0.00
  -40     0.00   0.00   0.00   0.00   0.20   0.48   0.29   0.01   0.00   0.00   0.00   0.00   0.00   0.00   0.00   0.00   0.00   0.00   0.00
  -50     0.00   0.00   0.00   0.00   0.00   0.00   0.30  -0.21   0.00   0.00   0.00   0.00   0.00   0.00   0.00   0.00   0.00   0.00   0.00
  -60     0.00   0.00   0.00   0.00   0.00   0.00   0.12  -0.47   0.00   0.00   0.00   0.00   0.00   0.00   0.00   0.00   0.00   0.00   0.00
  -70     0.00   0.00   0.00   0.00   0.00   0.00   0.00   0.00   0.00   0.00   0.00   0.00   0.00   0.00   0.00   0.00   0.00   0.00   0.00
  -80     0.00   0.00   0.00   0.00   0.00   0.00   0.00   0.00   0.00   0.00   0.00   0.00   0.00   0.00   0.00   0.00   0.00   0.00   0.00
  -90     0.00   0.00   0.00   0.00   0.00   0.00   0.00   0.00   0.00   0.00   0.00   0.00   0.00   0.00   0.00   0.00   0.00   0.00   0.00
 -100     0.00   0.00   0.00   0.00   0.00   0.00   0.00   0.00   0.00   0.00   0.00   0.00   0.00   0.00   0.00   0.00   0.00   0.00   0.00
 -110     0.00   0.00   0.00   0.00   0.00   0.00   0.00   0.00   0.00   0.00   0.00   0.00   0.00   0.00   0.00   0.00   0.00   0.00   0.00
 -120     0.00   0.00   0.00   0.00   0.00   0.00   0.00   0.00   0.00   0.00   0.00   0.00   0.00   0.00   0.00   0.00   0.00   0.00   0.00
 -130     0.00   0.00   0.00   0.00   0.00   0.00   0.00   0.00   0.00   0.00   0.00   0.00   0.00   0.00   0.00   0.00   0.00   0.00   0.00
 -140     0.00   0.00   0.00   0.00   0.00   0.00   0.00   0.00   0.00   0.00   0.00   0.00   0.00   0.00   0.00   0.00   0.00   0.00   0.00
 -150     0.00   0.00   0.00   0.00   0.00   0.00   0.00   0.00   0.00   0.00   0.00   0.00   0.00   0.00   0.00   0.00   0.00   0.00   0.00
 -160     0.00   0.00   0.00   0.00   0.00   0.00   0.00   0.00   0.00   0.00   0.00   0.00   0.00   0.00   0.00   0.00   0.00   0.00   0.00
 -170    -0.01   0.06   0.14   0.00   0.20   0.27   0.28   0.00   0.00   0.00   0.00   0.00   0.00   0.00   0.00   0.00   0.00   0.00   0.00
 -180     0.14   0.21   0.17   0.36   0.20   0.15   0.12   0.00   0.00   0.00   0.00   0.00   0.01   0.00   0.00   0.00   0.00   0.00   0.00
