#-----------------------------------------------------------------------------------------------------------------------------------------
#ps\ph  -180   -160   -140   -120   -100   -80    -60    -40    -20     0      20     40     60     80    100    120    140    160    180
#-----------------------------------------------------------------------------------------------------------------------------------------
  180  -0.31  -0.15   0.08   0.00   0.10  -0.17  -0.25   0.00   0.00   0.00   0.00   0.00   0.00   0.00   0.00   0.00   0.00   0.00   0.00
  170  -0.33  -0.21  -0.01   0.07   0.08  -0.12  -0.13  -0.28   0.00   0.00   0.00   0.00   0.00   0.00   0.00   0.00   0.00   0.00   0.00
  160  -0.39  -0.23  -0.01   0.12   0.05  -0.11  -0.10  -0.17   0.00   0.00   0.00   0.00   0.00   0.00   0.00   0.00   0.00   0.00   0.00
  150  -0.29  -0.31   0.00   0.11   0.00  -0.21  -0.18  -0.18   0.00   0.00   0.00   0.00   0.00   0.00   0.00   0.00   0.00   0.00   0.00
  140  -0.25  -0.25   0.00   0.08  -0.07  -0.30  -0.28  -0.28   0.00   0.00   0.00   0.00   0.00   0.00   0.00   0.00   0.00   0.00   0.00
  130  -0.16  -0.16   0.00   0.04  -0.10  -0.30  -0.32  -0.40   0.00   0.00   0.00   0.00   0.00   0.00   0.00   0.00   0.00   0.00   0.00
  120  -0.20  -0.10  -0.02   0.01  -0.11  -0.29  -0.30  -0.47   0.00   0.00   0.00   0.00   0.00   0.00   0.00   0.00   0.00   0.00   0.00
  110  -0.19  -0.01  -0.05   0.03  -0.15  -0.29  -0.28  -0.44   0.00   0.00   0.00   0.00   0.00   0.00   0.00   0.00   0.00   0.00   0.00
  100  -0.17   0.06  -0.04   0.04  -0.16  -0.27  -0.26  -0.31   0.00   0.00   0.00   0.00  -0.13   0.00   0.00   0.00   0.00   0.00   0.00
   90  -0.14   0.08   0.00   0.04  -0.14  -0.23  -0.26  -0.09   0.00   0.00   0.00   0.00   0.00   0.00   0.00   0.00   0.00   0.00   0.00
   80  -0.10   0.07   0.04   0.05  -0.09  -0.18  -0.27   0.00   0.00   0.00   0.00  -0.40  -0.16   0.00   0.00   0.00   0.00   0.00   0.00
   70  -0.04   0.06   0.08   0.06  -0.04  -0.14  -0.31   0.00   0.00   0.00   0.00   0.00   0.00   0.00   0.00   0.00   0.00   0.00   0.00
   60   0.04   0.06   0.12   0.05  -0.01  -0.10   0.00   0.00   0.00   0.00   0.00  -0.36  -0.06   0.00   0.00   0.00   0.00   0.00   0.00
   50   0.00   0.09   0.18   0.05  -0.02  -0.06   0.00   0.00   0.00   0.00   0.00   0.00   0.00   0.00   0.00   0.00   0.00   0.00   0.00
   40   0.00   0.13   0.23   0.07  -0.02   0.00   0.00   0.00   0.00   0.00   0.00  -0.24  -0.09   0.00   0.00   0.00   0.00   0.00   0.00
   30   0.00   0.00   0.26   0.11   0.04   0.00   0.00   0.00   0.00   0.00   0.00   0.00   0.00   0.00   0.00   0.00   0.00   0.00   0.00
   20   0.00   0.00   0.00   0.19   0.14   0.00   0.00   0.00   0.00   0.00   0.00   0.00   0.00   0.00   0.00   0.00   0.00   0.00   0.00
   10   0.00   0.00   0.00   0.00   0.23   0.00   0.00   0.00   0.00   0.00   0.00   0.00   0.00   0.00   0.00   0.00   0.00   0.00   0.00
    0   0.00   0.00   0.00   0.00   0.24   0.32   0.00   0.00   0.00   0.00   0.00   0.00   0.00   0.00   0.00   0.00   0.00   0.00   0.00
  -10   0.00   0.00   0.00   0.00   0.21   0.29   0.00   0.00   0.00   0.00   0.00   0.00   0.00   0.00   0.00   0.00   0.00   0.00   0.00
  -20   0.00   0.00   0.00   0.00   0.22   0.23   0.45   0.00   0.00   0.00   0.00   0.00   0.00   0.00   0.00   0.00   0.00   0.00   0.00
  -30   0.00   0.00   0.00   0.00   0.18   0.07   0.16   0.51   0.00   0.00   0.00   0.00   0.00   0.00   0.00   0.00   0.00   0.00   0.00
  -40   0.00   0.00   0.00   0.00   0.02  -0.16  -0.06   0.21   0.00   0.00   0.00   0.00   0.00   0.00   0.00   0.00   0.00   0.00   0.00
  -50   0.00   0.00   0.00   0.00  -0.14  -0.29  -0.23  -0.08   0.00   0.00   0.00   0.00   0.00   0.00   0.00   0.00   0.00   0.00   0.00
  -60   0.00   0.00   0.00   0.00  -0.18   0.00  -0.38  -0.31   0.00   0.00   0.00   0.00   0.00   0.00   0.00   0.00   0.00   0.00   0.00
  -70   0.00   0.00   0.00   0.00   0.00   0.00   0.00   0.00   0.00   0.00   0.00   0.00   0.00   0.00   0.00   0.00   0.00   0.00   0.00
  -80   0.00   0.00   0.00   0.00   0.00   0.00   0.00   0.00   0.00   0.00   0.00   0.00   0.00   0.00   0.00   0.00   0.00   0.00   0.00
  -90   0.00   0.00   0.00   0.00   0.00   0.00   0.00   0.00   0.00   0.00   0.00   0.00   0.00   0.00   0.00   0.00   0.00   0.00   0.00
 -100   0.00   0.00   0.00   0.00   0.00   0.00   0.00   0.00   0.00   0.00   0.00   0.00   0.00   0.00   0.00   0.00   0.00   0.00   0.00
 -110   0.00   0.00   0.00   0.00   0.00   0.00   0.00   0.00   0.00   0.00   0.00   0.00   0.00   0.00   0.00   0.00   0.00   0.00   0.00
 -120   0.00   0.00   0.00   0.00   0.00   0.00   0.00   0.00   0.00   0.00   0.00   0.00   0.00   0.00   0.00   0.00   0.00   0.00   0.00
 -130   0.00   0.00   0.00   0.00   0.00   0.00   0.00   0.00   0.00   0.00   0.00   0.00   0.00   0.00   0.00   0.00   0.00   0.00   0.00
 -140   0.00   0.00   0.00   0.00   0.00   0.00   0.00   0.00   0.00   0.00   0.00   0.00   0.00   0.00   0.00   0.00   0.00   0.00   0.00
 -150   0.00   0.00   0.00   0.00   0.00   0.00   0.00   0.00   0.00   0.00   0.00   0.00   0.00   0.00   0.00   0.00   0.00   0.00   0.00
 -160   0.00   0.00   0.00   0.00   0.00   0.00   0.00   0.00   0.00   0.00   0.00   0.00   0.00   0.00   0.00   0.00   0.00   0.00   0.00
 -170   0.00   0.00   0.00   0.00   0.00   0.00   0.00   0.00   0.00   0.00   0.00   0.00   0.00   0.00   0.00   0.00   0.00   0.00   0.00
 -180  -0.31  -0.15   0.08   0.00   0.10  -0.17  -0.25   0.00   0.00   0.00   0.00   0.00   0.00   0.00   0.00   0.00   0.00   0.00   0.00
  180   0.00  -0.87  -1.69  -1.01  -0.78   0.21   0.51   1.36   0.00   0.00   0.00   0.00   3.66   0.00   0.00   0.00   0.00   0.00   0.00
  170   0.00  -0.27  -1.38  -0.67  -0.40   0.75   1.16   1.36   0.00   0.00   0.00   0.00   4.05   0.00   0.00   0.00   0.00   0.00   0.00
  160   0.00   0.33  -1.07  -0.33  -0.02   1.29   1.81   1.36   0.00   0.00   0.00   0.00   4.44   0.00   0.00   0.00   0.00   0.00   0.00
  150   0.00   1.13  -0.53  -0.38   0.25   1.61   1.48   1.88   0.00   0.00   0.00   0.00   4.80   0.00   0.00   0.00   0.00   0.00   0.00
  140   0.00   1.93   0.00  -0.44   0.53   1.92   1.15   2.40   0.00   0.00   0.00   0.00   5.17   0.00   0.00   0.00   0.00   0.00   0.00
  130   0.00   2.14   0.13  -1.05   0.33   1.70   0.33   2.45   0.00   0.00   0.00   0.00   5.25   0.00   0.00   0.00   0.00   0.00   0.00
  120   0.00   2.34   0.26  -1.65   0.12   1.47  -0.49   2.51   0.00   0.00   0.00   0.00   5.32   0.00   0.00   0.00   0.00   0.00   0.00
  110   0.00   1.72  -0.31  -2.33  -0.59   0.71   0.55   2.04   0.00   0.00   0.00   0.00   4.84   0.00   0.00   0.00   0.00   0.00   0.00
  100   0.00   1.09  -0.88  -3.01  -1.29  -0.05   1.59   1.57   0.00   0.00   0.00   0.00   4.35   0.00   0.00   0.00   0.00   0.00   0.00
   90   0.00   0.26  -1.61  -3.18  -2.00  -0.84   2.03   0.00   0.00   0.00   0.00   0.00   3.58   0.00   0.00   0.00   0.00   0.00   0.00
   80   0.00  -0.57  -2.33  -3.35  -2.71  -1.63   2.46   0.00   0.00   0.00   0.00   2.26   2.81   0.00   0.00   0.00   0.00   0.00   0.00
   70   0.00  -1.00  -2.61  -2.94   0.00  -1.82   0.00   0.00   0.00   0.00   0.00   1.66   2.27   0.00   0.00   0.00   0.00   0.00   0.00
   60   0.00  -1.42  -2.90  -2.53   0.00  -2.01   0.00   0.00   0.00   0.00   0.00   1.07   1.73   0.00   0.00   0.00   0.00   0.00   0.00
   50   0.00  -1.16  -2.59  -1.16   0.00   0.00   0.00   0.00   0.00   0.00   0.00   1.22   1.89   0.00   0.00   0.00   0.00   0.00   0.00
   40   0.00  -0.91  -2.28   0.22  -1.94   0.00   0.00   0.00   0.00   0.00   0.00   1.37   2.05   0.00   0.00   0.00   0.00   0.00   0.00
   30   0.00   0.00   0.00   0.00  -0.70   0.00   0.00   0.00   0.00   0.00   0.00   0.00   0.00   0.00   0.00   0.00   0.00   0.00   0.00
   20   0.00   0.00   0.00   0.00   0.54   0.00   0.00   0.00   0.00   0.00   0.00   0.00   0.00   0.00   0.00   0.00   0.00   0.00   0.00
   10   0.00   0.00   0.00   0.00   0.00   0.00   0.00   0.00   0.00   0.00   0.00   0.00   0.00   0.00   0.00   0.00   0.00   0.00   0.00
    0   0.00   0.00   0.00   0.00   0.00   0.00   0.00   0.00   0.00   0.00   0.00   0.00   0.00   0.00   0.00   0.00   0.00   0.00   0.00
  -10   0.00   0.00   0.00   0.00   0.00   0.00   0.00   0.00   0.00   0.00   0.00   0.00   0.00   0.00   0.00   0.00   0.00   0.00   0.00
  -20   0.00   0.00   0.00   0.00   0.00   1.15   1.59   0.00   0.00   0.00   0.00   0.00   0.00   0.00   0.00   0.00   0.00   0.00   0.00
  -30   0.00   0.00   0.00   0.00   0.00   1.48   2.03   0.00   0.00   0.00   0.00   0.00   0.00   0.00   0.00   0.00   0.00   0.00   0.00
  -40   0.00   0.00   0.00   0.00   0.00   1.82   2.46   2.32   0.00   0.00   0.00   0.00   0.00   0.00   0.00   0.00   0.00   0.00   0.00
  -50   0.00   0.00   0.00   0.00   0.00   1.74   2.45   2.35   0.00   0.00   0.00   0.00   0.00   0.00   0.00   0.00   0.00   0.00   0.00
  -60   0.00   2.86   0.95   0.00   0.00   1.66   2.43   2.38   0.00   0.00   0.00   0.00   0.00   0.00   0.00   0.00   0.00   0.00   0.00
  -70   0.00   0.00   0.00   0.00   0.00   0.00   0.00   0.00   0.00   0.00   0.00   0.00   0.00   0.00   0.00   0.00   0.00   0.00   0.00
  -80   0.00   0.00   0.00   0.00   0.00   0.00   0.00   0.00   0.00   0.00   0.00   0.00   0.00   0.00   0.00   0.00   0.00   0.00   0.00
  -90   0.00   0.00   0.00   0.00   0.00   0.00   0.00   0.00   0.00   0.00   0.00   0.00   0.00   0.00   0.00   0.00   0.00   0.00   0.00
 -100   0.00   0.00   0.00   0.00   0.00   0.00   0.00   0.00   0.00   0.00   0.00   0.00   0.00   0.00   0.00   0.00   0.00   0.00   0.00
 -110   0.00   0.00   0.00   0.00   0.00   0.00   0.00   0.00   0.00   0.00   0.00   0.00   0.00   0.00   0.00   0.00   0.00   0.00   0.00
 -120   0.00   0.00   0.00   0.00   0.00   0.00   0.00   0.00   0.00   0.00   0.00   0.00   0.00   0.00   0.00   0.00   0.00   0.00   0.00
 -130   0.00   0.00   0.00   0.00   0.00   0.00   0.00   0.00   0.00   0.00   0.00   0.00   0.00   0.00   0.00   0.00   0.00   0.00   0.00
 -140   0.00   0.00   0.00   0.00   0.00   0.00   0.00   0.00   0.00   0.00   0.00   0.00   0.00   0.00   0.00   0.00   0.00   0.00   0.00
 -150   0.00   0.00   0.00   0.00   0.00   0.00   0.00   0.00   0.00   0.00   0.00   0.00   0.00   0.00   0.00   0.00   0.00   0.00   0.00
 -160   0.00   0.00   0.00   0.00   0.00   0.00   0.00   0.00   0.00   0.00   0.00   0.00   0.00   0.00   0.00   0.00   0.00   0.00   0.00
 -170   0.00   0.00   0.00   0.00   0.00   0.00   0.00   0.00   0.00   0.00   0.00   0.00   0.00   0.00   0.00   0.00   0.00   0.00   0.00
 -180   0.00  -0.87  -1.69  -1.01  -0.78   0.21   0.51   1.36   0.00   0.00   0.00   0.00   3.66   0.00   0.00   0.00   0.00   0.00   0.00
  180   0.33   0.16   0.41   0.00   0.63   0.77   0.68   0.00   0.00   0.00   0.00   0.00   0.00   0.00   0.00   0.00   0.00   0.00   0.00
  170   0.15   0.11   0.39   0.35   0.55   0.62   0.69   0.36   0.00   0.00   0.00   0.00   0.00   0.00   0.00   0.00   0.00   0.00   0.00
  160   0.12   0.01   0.07   0.30   0.34   0.55   0.67   0.40   0.00   0.00   0.00   0.00   0.00   0.00   0.00   0.00   0.00   0.00   0.00
  150   0.10  -0.11  -0.16   0.14   0.35   0.62   0.83   0.57   0.00   0.00   0.00   0.00   0.00   0.00   0.00   0.00   0.00   0.00   0.00
  140   0.08   0.00   0.00   0.10   0.15   0.41   0.53   0.64   0.00   0.00   0.00   0.00   0.00   0.00   0.00   0.00   0.00   0.00   0.00
  130  -0.08  -0.10  -0.09  -0.19   0.08   0.52   0.75   0.91   0.00   0.00   0.00   0.00   0.00   0.00   0.00   0.00   0.00   0.00   0.00
  120   0.01  -0.06   0.05   0.05   0.07   0.44   0.89   1.05   0.00   0.00   0.00   0.00   0.00   0.00   0.00   0.00   0.00   0.00   0.00
  110  -0.12   0.21   0.02  -0.09   0.05   0.48   1.01   1.20   0.00   0.00   0.00   0.00   0.00   0.00   0.00   0.00   0.00   0.00   0.00
  100   0.34   0.10   0.09   0.11   0.03   0.35   0.98   1.36   0.00   0.00   0.00   0.00  -0.30   0.00   0.00   0.00   0.00   0.00   0.00
   90   0.14   0.16   0.18   0.17   0.18   0.46   0.93   1.32   0.00   0.00   0.00   0.00   0.00   0.00   0.00   0.00   0.00   0.00   0.00
   80   0.22   0.30   0.33   0.25   0.31   0.54   0.82   0.00   0.00   0.00   0.00   0.39   0.25   0.00   0.00   0.00   0.00   0.00   0.00
   70   0.25   0.32   0.35   0.40   0.31   0.47   0.69   0.00   0.00   0.00   0.00   0.00   0.00   0.00   0.00   0.00   0.00   0.00   0.00
   60   0.20   0.22   0.40   0.49   0.39   0.70   0.00   0.00   0.00   0.00   0.00   0.50   0.46   0.00   0.00   0.00   0.00   0.00   0.00
   50   0.00   0.22   0.27   0.48   0.52   0.67   0.00   0.00   0.00   0.00   0.00   0.00   0.00   0.00   0.00   0.00   0.00   0.00   0.00
   40   0.00   0.09   0.27   0.51   0.65   0.00   0.00   0.00   0.00   0.00   0.00   0.84   0.59   0.00   0.00   0.00   0.00   0.00   0.00
   30   0.00   0.00   0.34   0.38   0.57   0.00   0.00   0.00   0.00   0.00   0.00   0.00   0.00   0.00   0.00   0.00   0.00   0.00   0.00
   20   0.00   0.00   0.00   0.32   0.55   0.00   0.00   0.00   0.00   0.00   0.00   0.00   0.00   0.00   0.00   0.00   0.00   0.00   0.00
   10   0.00   0.00   0.00   0.00   0.50   0.00   0.00   0.00   0.00   0.00   0.00   0.00   0.00   0.00   0.00   0.00   0.00   0.00   0.00
    0   0.00   0.00   0.00   0.00   0.28   0.48   0.00   0.00   0.00   0.00   0.00   0.00   0.00   0.00   0.00   0.00   0.00   0.00   0.00
  -10   0.00   0.00   0.00   0.00   0.08   0.14   0.00   0.00   0.00   0.00   0.00   0.00   0.00   0.00   0.00   0.00   0.00   0.00   0.00
  -20   0.00   0.00   0.00   0.00  -0.08   0.07  -0.05   0.00   0.00   0.00   0.00   0.00   0.00   0.00   0.00   0.00   0.00   0.00   0.00
  -30   0.00   0.00   0.00   0.00  -0.10   0.01  -0.05  -0.05   0.00   0.00   0.00   0.00   0.00   0.00   0.00   0.00   0.00   0.00   0.00
  -40   0.00   0.00   0.00   0.00  -0.35  -0.09  -0.13  -0.09   0.00   0.00   0.00   0.00   0.00   0.00   0.00   0.00   0.00   0.00   0.00
  -50   0.00   0.00   0.00   0.00  -0.39  -0.19  -0.13  -0.15   0.00   0.00   0.00   0.00   0.00   0.00   0.00   0.00   0.00   0.00   0.00
  -60   0.00   0.00   0.00   0.00  -0.29   0.00  -0.20  -0.12   0.00   0.00   0.00   0.00   0.00   0.00   0.00   0.00   0.00   0.00   0.00
  -70   0.00   0.00   0.00   0.00   0.00   0.00   0.00   0.00   0.00   0.00   0.00   0.00   0.00   0.00   0.00   0.00   0.00   0.00   0.00
  -80   0.00   0.00   0.00   0.00   0.00   0.00   0.00   0.00   0.00   0.00   0.00   0.00   0.00   0.00   0.00   0.00   0.00   0.00   0.00
  -90   0.00   0.00   0.00   0.00   0.00   0.00   0.00   0.00   0.00   0.00   0.00   0.00   0.00   0.00   0.00   0.00   0.00   0.00   0.00
 -100   0.00   0.00   0.00   0.00   0.00   0.00   0.00   0.00   0.00   0.00   0.00   0.00   0.00   0.00   0.00   0.00   0.00   0.00   0.00
 -110   0.00   0.00   0.00   0.00   0.00   0.00   0.00   0.00   0.00   0.00   0.00   0.00   0.00   0.00   0.00   0.00   0.00   0.00   0.00
 -120   0.00   0.00   0.00   0.00   0.00   0.00   0.00   0.00   0.00   0.00   0.00   0.00   0.00   0.00   0.00   0.00   0.00   0.00   0.00
 -130   0.00   0.00   0.00   0.00   0.00   0.00   0.00   0.00   0.00   0.00   0.00   0.00   0.00   0.00   0.00   0.00   0.00   0.00   0.00
 -140   0.00   0.00   0.00   0.00   0.00   0.00   0.00   0.00   0.00   0.00   0.00   0.00   0.00   0.00   0.00   0.00   0.00   0.00   0.00
 -150   0.00   0.00   0.00   0.00   0.00   0.00   0.00   0.00   0.00   0.00   0.00   0.00   0.00   0.00   0.00   0.00   0.00   0.00   0.00
 -160   0.00   0.00   0.00   0.00   0.00   0.00   0.00   0.00   0.00   0.00   0.00   0.00   0.00   0.00   0.00   0.00   0.00   0.00   0.00
 -170   0.00   0.00   0.00   0.00   0.00   0.00   0.00   0.00   0.00   0.00   0.00   0.00   0.00   0.00   0.00   0.00   0.00   0.00   0.00
 -180   0.33   0.16   0.41   0.00   0.63   0.77   0.68   0.00   0.00   0.00   0.00   0.00   0.00   0.00   0.00   0.00   0.00   0.00   0.00
