#-----------------------------------------------------------------------------------------------------------------------------------------
#ps\ph  -180   -160   -140   -120   -100   -80    -60    -40    -20     0      20     40     60     80    100    120    140    160    180
#-----------------------------------------------------------------------------------------------------------------------------------------
  180   0.10   0.06  -0.03   0.00   0.10   0.23   0.39   0.00   0.00   0.00   0.00   0.00   0.00   0.00   0.00   0.00   0.00   0.00   0.00
  170   0.15   0.02  -0.04  -0.08   0.01   0.08   0.31  -0.20   0.00   0.00   0.00   0.00   0.00   0.00   0.00   0.00   0.00   0.00   0.00
  160   0.16   0.07  -0.04  -0.05  -0.03  -0.04   0.15  -0.15   0.00   0.00   0.00   0.00   0.00   0.00   0.00   0.00   0.00   0.00   0.00
  150   0.20   0.07  -0.02  -0.04  -0.04  -0.11  -0.01  -0.15   0.00   0.00   0.00   0.00   0.00   0.00   0.00   0.00   0.00   0.00   0.00
  140   0.20   0.07   0.00  -0.02  -0.04  -0.09  -0.11  -0.17   0.00   0.00   0.00   0.00   0.00   0.00   0.00   0.00   0.00   0.00   0.00
  130   0.22   0.08   0.03   0.00  -0.05  -0.03  -0.12  -0.20   0.00   0.00   0.00   0.00   0.00   0.00   0.00   0.00   0.00   0.00   0.00
  120   0.20   0.13   0.03   0.02  -0.05   0.01  -0.09  -0.20   0.00   0.00   0.00   0.00   0.00   0.00   0.00   0.00   0.00   0.00   0.00
  110   0.17   0.19   0.06   0.06   0.02   0.03  -0.05  -0.19   0.00   0.00   0.00   0.00   0.00   0.00   0.00   0.00   0.00   0.00   0.00
  100   0.18   0.20   0.10   0.10   0.13   0.03  -0.07  -0.22   0.00   0.00   0.00   0.00   0.05   0.00   0.00   0.00   0.00   0.00   0.00
   90   0.19   0.18   0.14   0.13   0.22   0.05  -0.14  -0.34   0.00   0.00   0.00   0.00   0.00   0.00   0.00   0.00   0.00   0.00   0.00
   80   0.22   0.19   0.17   0.17   0.28   0.07  -0.24   0.00   0.00   0.00   0.00   0.06   0.02   0.00   0.00   0.00   0.00   0.00   0.00
   70   0.28   0.24   0.25   0.25   0.31   0.04  -0.38   0.00   0.00   0.00   0.00   0.00   0.00   0.00   0.00   0.00   0.00   0.00   0.00
   60   0.33   0.32   0.35   0.34   0.32  -0.09   0.00   0.00   0.00   0.00   0.00   0.05  -0.07   0.00   0.00   0.00   0.00   0.00   0.00
   50   0.00   0.39   0.46   0.42   0.35  -0.27   0.00   0.00   0.00   0.00   0.00   0.00   0.00   0.00   0.00   0.00   0.00   0.00   0.00
   40   0.00   0.41   0.51   0.46   0.45   0.00   0.00   0.00   0.00   0.00   0.00   0.24   0.01   0.00   0.00   0.00   0.00   0.00   0.00
   30   0.00   0.00   0.43   0.42   0.67   0.00   0.00   0.00   0.00   0.00   0.00   0.00   0.00   0.00   0.00   0.00   0.00   0.00   0.00
   20   0.00   0.00   0.00   0.29   0.83   0.00   0.00   0.00   0.00   0.00   0.00   0.00   0.00   0.00   0.00   0.00   0.00   0.00   0.00
   10   0.00   0.00   0.00   0.00   0.66   0.00   0.00   0.00   0.00   0.00   0.00   0.00   0.00   0.00   0.00   0.00   0.00   0.00   0.00
    0   0.00   0.00   0.00   0.00   0.19   1.91   0.00   0.00   0.00   0.00   0.00   0.00   0.00   0.00   0.00   0.00   0.00   0.00   0.00
  -10   0.00   0.00   0.00   0.00  -0.23   1.24   0.00   0.00   0.00   0.00   0.00   0.00   0.00   0.00   0.00   0.00   0.00   0.00   0.00
  -20   0.00   0.00   0.00   0.00  -0.34   0.34   2.45   0.00   0.00   0.00   0.00   0.00   0.00   0.00   0.00   0.00   0.00   0.00   0.00
  -30   0.00   0.00   0.00   0.00  -0.25  -0.21   1.27   1.75   0.00   0.00   0.00   0.00   0.00   0.00   0.00   0.00   0.00   0.00   0.00
  -40   0.00   0.00   0.00   0.00  -0.17  -0.36   0.26   1.35   0.00   0.00   0.00   0.00   0.00   0.00   0.00   0.00   0.00   0.00   0.00
  -50   0.00   0.00   0.00   0.00  -0.12  -0.26  -0.15   0.46   0.00   0.00   0.00   0.00   0.00   0.00   0.00   0.00   0.00   0.00   0.00
  -60   0.00   0.00   0.00   0.00  -0.06   0.00  -0.21  -0.07   0.00   0.00   0.00   0.00   0.00   0.00   0.00   0.00   0.00   0.00   0.00
  -70   0.00   0.00   0.00   0.00   0.00   0.00   0.00   0.00   0.00   0.00   0.00   0.00   0.00   0.00   0.00   0.00   0.00   0.00   0.00
  -80   0.00   0.00   0.00   0.00   0.00   0.00   0.00   0.00   0.00   0.00   0.00   0.00   0.00   0.00   0.00   0.00   0.00   0.00   0.00
  -90   0.00   0.00   0.00   0.00   0.00   0.00   0.00   0.00   0.00   0.00   0.00   0.00   0.00   0.00   0.00   0.00   0.00   0.00   0.00
 -100   0.00   0.00   0.00   0.00   0.00   0.00   0.00   0.00   0.00   0.00   0.00   0.00   0.00   0.00   0.00   0.00   0.00   0.00   0.00
 -110   0.00   0.00   0.00   0.00   0.00   0.00   0.00   0.00   0.00   0.00   0.00   0.00   0.00   0.00   0.00   0.00   0.00   0.00   0.00
 -120   0.00   0.00   0.00   0.00   0.00   0.00   0.00   0.00   0.00   0.00   0.00   0.00   0.00   0.00   0.00   0.00   0.00   0.00   0.00
 -130   0.00   0.00   0.00   0.00   0.00   0.00   0.00   0.00   0.00   0.00   0.00   0.00   0.00   0.00   0.00   0.00   0.00   0.00   0.00
 -140   0.00   0.00   0.00   0.00   0.00   0.00   0.00   0.00   0.00   0.00   0.00   0.00   0.00   0.00   0.00   0.00   0.00   0.00   0.00
 -150   0.00   0.00   0.00   0.00   0.00   0.00   0.00   0.00   0.00   0.00   0.00   0.00   0.00   0.00   0.00   0.00   0.00   0.00   0.00
 -160   0.00   0.00   0.00   0.00   0.00   0.00   0.00   0.00   0.00   0.00   0.00   0.00   0.00   0.00   0.00   0.00   0.00   0.00   0.00
 -170   0.00   0.00   0.00   0.00   0.00   0.00   0.00   0.00   0.00   0.00   0.00   0.00   0.00   0.00   0.00   0.00   0.00   0.00   0.00
 -180   0.10   0.06  -0.03   0.00   0.10   0.23   0.39   0.00   0.00   0.00   0.00   0.00   0.00   0.00   0.00   0.00   0.00   0.00   0.00
  180   0.50   0.86  -0.73  -1.58  -2.18  -4.28  -2.76  -2.76   0.00   0.00   0.00   0.00  -6.68   0.00   0.00   0.00   0.00   0.00   0.00
  170   0.50   0.71  -0.56  -1.78  -2.38  -3.50  -3.06  -2.76   0.00   0.00   0.00   0.00  -7.00   0.00   0.00   0.00   0.00   0.00   0.00
  160   0.50   0.56  -0.39  -0.99  -1.57  -2.72  -3.36  -2.76   0.00   0.00   0.00   0.00  -7.31   0.00   0.00   0.00   0.00   0.00   0.00
  150   0.50   0.41  -0.19  -1.25  -1.76  -2.85  -3.71  -3.01   0.00   0.00   0.00   0.00  -7.43  -1.00   0.00   0.00   0.00   0.00   0.00
  140   0.50   0.27  -0.00  -1.50  -1.94  -2.98  -4.05  -3.27   0.00   0.00   0.00  -1.00  -7.56  -2.00   0.00   0.00   0.00   0.00   0.00
  130   0.00   0.64  -0.24  -1.71  -2.16  -3.12  -4.15  -3.36   0.00   0.00   0.00  -1.00  -7.57  -3.00   0.00   0.00   0.00   0.00   0.00
  120   0.00   0.81  -0.48  -1.92  -2.38  -3.27  -4.26  -3.46   0.00   0.00   0.00  -1.00  -7.57  -4.00   0.00   0.00   0.00   0.00   0.00
  110   0.00   0.57  -0.69  -1.93  -2.59  -4.45  -3.92  -3.50   0.00   0.00   0.00  -2.00  -7.76  -4.00   0.00   0.00   0.00   0.00   0.00
  100   0.00   0.32  -0.90  -2.93  -3.80  -4.63  -3.57  -3.55   0.00   0.00   0.00  -2.00  -7.94  -3.00   0.00   0.00   0.00   0.00   0.00
   90   0.00   0.32  -0.90  -2.82  -3.82  -4.70  -3.42  -2.00   0.00   0.00   0.00  -2.00  -8.07  -3.00   0.00   0.00   0.00   0.00   0.00
   80   0.00   0.32  -0.91  -2.71  -3.84  -4.76  -3.27  -1.00   0.00   0.00   0.00  -3.47  -8.20  -3.00   0.00   0.00   0.00   0.00   0.00
   70   0.00   0.41  -0.84  -2.65  -2.00  -3.65  -2.00   0.00   0.00   0.00   0.00  -3.48  -8.23  -3.00   0.00   0.00   0.00   0.00   0.00
   60   0.20   0.51  -0.77  -1.59  -1.00  -3.55  -1.00   0.00   0.00   0.00   0.00  -3.49  -8.27  -3.00   0.00   0.00   0.00   0.00   0.00
   50   0.20   0.47  -0.75  -0.79  -2.00  -2.00   0.00   0.00   0.00   0.00   0.00  -3.61  -8.18  -2.00   0.00   0.00   0.00   0.00   0.00
   40   0.10   0.42  -0.74   0.01  -2.56  -1.00   0.00   0.00   0.00   0.00   0.00  -3.73  -8.10  -2.00   0.00   0.00   0.00   0.00   0.00
   30   0.00   0.00   0.00   0.00  -1.80   0.00   0.00   0.00   0.00   0.00   0.00  -2.00  -6.00  -2.00   0.00   0.00   0.00   0.00   0.00
   20   0.00   0.00   0.00   0.00  -1.04   0.00   0.00   0.00   0.00   0.00   0.00  -2.00  -5.00  -1.00   0.00   0.00   0.00   0.00   0.00
   10   0.00   0.00   0.00   0.00   0.00   0.00   0.00   0.00   0.00   0.00   0.00  -1.00  -4.00   0.00   0.00   0.00   0.00   0.00   0.00
    0   0.00   0.00   0.00   0.00   0.00   0.00   0.00   0.00   0.00   0.00   0.00  -1.00  -3.00   0.00   0.00   0.00   0.00   0.00   0.00
  -10   0.00   0.00   0.00   0.00   0.00  -1.00  -1.00   0.00   0.00   0.00   0.00  -1.00  -2.00   0.00   0.00   0.00   0.00   0.00   0.00
  -20   0.00   0.00   0.00   0.00  -1.00  -2.85  -3.57   0.00   0.00   0.00   0.00   0.00  -1.00   0.00   0.00   0.00   0.00   0.00   0.00
  -30   0.00   0.00   0.00   0.00  -2.00  -2.75  -3.42  -1.00   0.00   0.00   0.00   0.00   0.00   0.00   0.00   0.00   0.00   0.00   0.00
  -40   0.00   0.00   0.00   0.00  -2.00  -2.65  -3.27  -2.97  -1.00   0.00   0.00   0.00   0.00   0.00   0.00   0.00   0.00   0.00   0.00
  -50   0.00   1.00   1.00   0.00  -2.00  -2.39  -2.96  -2.55  -1.00   0.00   0.00   0.00   0.00   0.00   0.00   0.00   0.00   0.00   0.00
  -60   1.00   2.60   1.20   0.00  -1.00  -2.13  -2.65  -2.13  -1.00   0.00   0.00   0.00   0.00   0.00   0.00   0.00   0.00   0.00   0.00
  -70   0.00   1.00   1.00   0.00   0.00  -1.00  -1.00  -1.00   0.00   0.00   0.00   0.00   0.00   0.00   0.00   0.00   0.00   0.00   0.00
  -80   0.00   0.00   0.00   0.00   0.00   0.00   0.00   0.00   0.00   0.00   0.00   0.00   0.00   0.00   0.00   0.00   0.00   0.00   0.00
  -90   0.00   0.00   0.00   0.00   0.00   0.00   0.00   0.00   0.00   0.00   0.00   0.00   0.00   0.00   0.00   0.00   0.00   0.00   0.00
 -100   0.00   0.00   0.00   0.00   0.00   0.00   0.00   0.00   0.00   0.00   0.00   0.00   0.00   0.00   0.00   0.00   0.00   0.00   0.00
 -110   0.00   0.00   0.00   0.00   0.00   0.00   0.00   0.00   0.00   0.00   0.00   0.00   0.00   0.00   0.00   0.00   0.00   0.00   0.00
 -120   0.00   0.00   0.00   0.00   0.00   0.00   0.00   0.00   0.00   0.00   0.00   0.00   0.00   0.00   0.00   0.00   0.00   0.00   0.00
 -130   0.00   0.00   0.00   0.00   0.00   0.00   0.00   0.00   0.00   0.00   0.00   0.00   0.00   0.00   0.00   0.00   0.00   0.00   0.00
 -140   0.00   0.00   0.00   0.00   0.00   0.00   0.00   0.00   0.00   0.00   0.00   0.00   0.00   0.00   0.00   0.00   0.00   0.00   0.00
 -150   0.00   0.00   0.00   0.00   0.00   0.00   0.00   0.00   0.00   0.00   0.00   0.00   0.00   0.00   0.00   0.00   0.00   0.00   0.00
 -160   0.00   0.00   0.00   0.00   0.00  -1.00   0.00   0.00   0.00   0.00   0.00   0.00   0.00   0.00   0.00   0.00   0.00   0.00   0.00
 -170   0.00   0.00   0.00  -1.00  -1.00  -2.00  -1.00  -1.00   0.00   0.00   0.00   0.00  -3.00   0.00   0.00   0.00   0.00   0.00   0.00
 -180   0.50   0.86  -0.73  -1.58  -2.18  -4.28  -2.76  -2.76   0.00   0.00   0.00   0.00  -6.68   0.00   0.00   0.00   0.00   0.00   0.00
  180   0.00  -0.05   0.02   0.00  -0.05  -0.02  -0.12   0.00   0.00   0.00   0.00   0.00   0.00   0.00   0.00   0.00   0.00   0.00   0.00
  170   0.08  -0.06   0.07   0.10  -0.10  -0.11  -0.26   0.11   0.00   0.00   0.00   0.00   0.00   0.00   0.00   0.00   0.00   0.00   0.00
  160  -0.01  -0.01   0.08  -0.05  -0.09  -0.11  -0.23  -0.18   0.00   0.00   0.00   0.00   0.00   0.00   0.00   0.00   0.00   0.00   0.00
  150  -0.01   0.00  -0.10  -0.10  -0.13  -0.09  -0.38  -0.50   0.00   0.00   0.00   0.00   0.00   0.00   0.00   0.00   0.00   0.00   0.00
  140  -0.05  -0.05   0.00  -0.10  -0.12  -0.26  -0.47  -0.93   0.00   0.00   0.00   0.00   0.00   0.00   0.00   0.00   0.00   0.00   0.00
  130  -0.02  -0.05  -0.13  -0.18  -0.11  -0.21  -0.50  -1.27   0.00   0.00   0.00   0.00   0.00   0.00   0.00   0.00   0.00   0.00   0.00
  120   0.00  -0.12  -0.12  -0.13  -0.16  -0.15  -0.43  -1.50   0.00   0.00   0.00   0.00   0.00   0.00   0.00   0.00   0.00   0.00   0.00
  110  -0.08  -0.15  -0.16  -0.20  -0.19  -0.07  -0.33  -1.50   0.00   0.00   0.00   0.00   0.00   0.00   0.00   0.00   0.00   0.00   0.00
  100   0.01  -0.10  -0.16  -0.19  -0.30  -0.08  -0.17  -1.26   0.00   0.00   0.00   0.00   0.02   0.00   0.00   0.00   0.00   0.00   0.00
   90   0.05  -0.04  -0.23  -0.26  -0.10   0.00  -0.13  -0.85   0.00   0.00   0.00   0.00   0.00   0.00   0.00   0.00   0.00   0.00   0.00
   80   0.16   0.00   0.04  -0.04  -0.10   0.04  -0.05   0.00   0.00   0.00   0.00  -0.04  -0.07   0.00   0.00   0.00   0.00   0.00   0.00
   70   0.20   0.23   0.17   0.15   0.05   0.14   0.15   0.00   0.00   0.00   0.00   0.00   0.00   0.00   0.00   0.00   0.00   0.00   0.00
   60   0.30   0.29   0.35   0.28   0.19   0.18   0.00   0.00   0.00   0.00   0.00  -0.28  -0.06   0.00   0.00   0.00   0.00   0.00   0.00
   50   0.00   0.40   0.46   0.40   0.44   0.32   0.00   0.00   0.00   0.00   0.00   0.00   0.00   0.00   0.00   0.00   0.00   0.00   0.00
   40   0.00   0.45   0.32   0.41   0.51   0.00   0.00   0.00   0.00   0.00   0.00  -0.49  -0.26   0.00   0.00   0.00   0.00   0.00   0.00
   30   0.00   0.00   0.39   0.37   0.48   0.00   0.00   0.00   0.00   0.00   0.00   0.00   0.00   0.00   0.00   0.00   0.00   0.00   0.00
   20   0.00   0.00   0.00   0.28   0.42   0.00   0.00   0.00   0.00   0.00   0.00   0.00   0.00   0.00   0.00   0.00   0.00   0.00   0.00
   10   0.00   0.00   0.00   0.00   0.26   0.00   0.00   0.00   0.00   0.00   0.00   0.00   0.00   0.00   0.00   0.00   0.00   0.00   0.00
    0   0.00   0.00   0.00   0.00   0.20   0.22   0.00   0.00   0.00   0.00   0.00   0.00   0.00   0.00   0.00   0.00   0.00   0.00   0.00
  -10   0.00   0.00   0.00   0.00   0.16   0.19   0.00   0.00   0.00   0.00   0.00   0.00   0.00   0.00   0.00   0.00   0.00   0.00   0.00
  -20   0.00   0.00   0.00   0.00   0.14   0.05   0.13   0.00   0.00   0.00   0.00   0.00   0.00   0.00   0.00   0.00   0.00   0.00   0.00
  -30   0.00   0.00   0.00   0.00   0.06   0.10   0.17   0.27   0.00   0.00   0.00   0.00   0.00   0.00   0.00   0.00   0.00   0.00   0.00
  -40   0.00   0.00   0.00   0.00   0.09   0.04   0.18   0.34   0.00   0.00   0.00   0.00   0.00   0.00   0.00   0.00   0.00   0.00   0.00
  -50   0.00   0.00   0.00   0.00   0.15  -0.03   0.06   0.27   0.00   0.00   0.00   0.00   0.00   0.00   0.00   0.00   0.00   0.00   0.00
  -60   0.00   0.00   0.00   0.00   0.04   0.00   0.02   0.11   0.00   0.00   0.00   0.00   0.00   0.00   0.00   0.00   0.00   0.00   0.00
  -70   0.00   0.00   0.00   0.00   0.00   0.00   0.00   0.00   0.00   0.00   0.00   0.00   0.00   0.00   0.00   0.00   0.00   0.00   0.00
  -80   0.00   0.00   0.00   0.00   0.00   0.00   0.00   0.00   0.00   0.00   0.00   0.00   0.00   0.00   0.00   0.00   0.00   0.00   0.00
  -90   0.00   0.00   0.00   0.00   0.00   0.00   0.00   0.00   0.00   0.00   0.00   0.00   0.00   0.00   0.00   0.00   0.00   0.00   0.00
 -100   0.00   0.00   0.00   0.00   0.00   0.00   0.00   0.00   0.00   0.00   0.00   0.00   0.00   0.00   0.00   0.00   0.00   0.00   0.00
 -110   0.00   0.00   0.00   0.00   0.00   0.00   0.00   0.00   0.00   0.00   0.00   0.00   0.00   0.00   0.00   0.00   0.00   0.00   0.00
 -120   0.00   0.00   0.00   0.00   0.00   0.00   0.00   0.00   0.00   0.00   0.00   0.00   0.00   0.00   0.00   0.00   0.00   0.00   0.00
 -130   0.00   0.00   0.00   0.00   0.00   0.00   0.00   0.00   0.00   0.00   0.00   0.00   0.00   0.00   0.00   0.00   0.00   0.00   0.00
 -140   0.00   0.00   0.00   0.00   0.00   0.00   0.00   0.00   0.00   0.00   0.00   0.00   0.00   0.00   0.00   0.00   0.00   0.00   0.00
 -150   0.00   0.00   0.00   0.00   0.00   0.00   0.00   0.00   0.00   0.00   0.00   0.00   0.00   0.00   0.00   0.00   0.00   0.00   0.00
 -160   0.00   0.00   0.00   0.00   0.00   0.00   0.00   0.00   0.00   0.00   0.00   0.00   0.00   0.00   0.00   0.00   0.00   0.00   0.00
 -170   0.00   0.00   0.00   0.00   0.00   0.00   0.00   0.00   0.00   0.00   0.00   0.00   0.00   0.00   0.00   0.00   0.00   0.00   0.00
 -180   0.00  -0.05   0.02   0.00  -0.05  -0.02  -0.12   0.00   0.00   0.00   0.00   0.00   0.00   0.00   0.00   0.00   0.00   0.00   0.00
