#-----------------------------------------------------------------------------------------------------------------------------------------
#ps\ph  -180   -160   -140   -120   -100   -80    -60    -40    -20     0      20     40     60     80    100    120    140    160    180
#-----------------------------------------------------------------------------------------------------------------------------------------
  180 153.60  -0.10  -0.15  -0.05   0.04   0.24   0.29   0.00   0.00   0.00   0.00  -0.02   0.06  -0.32  -0.63  -0.62  -0.36  -0.23
  170  -0.23  -0.17  -0.17  -0.09   0.00   0.22   0.27   0.00   0.00   0.00   0.00  -0.09   0.06  -0.25  -0.58  -0.64  -0.42  -0.25
  160  -0.25  -0.25  -0.19  -0.12  -0.04   0.21   0.26   0.26   0.00   0.00   0.00  -0.16   0.05  -0.19  -0.53  -0.65  -0.47  -0.28
  150  -0.28  -0.31  -0.25  -0.17  -0.07   0.18   0.20   0.21   0.00   0.00   0.00  -0.21  -0.04  -0.17  -0.49  -0.62  -0.50  -0.32
  140  -0.32  -0.37  -0.32  -0.21  -0.10   0.15   0.15   0.16   0.00   0.00   0.00  -0.26  -0.13  -0.15  -0.45  -0.59  -0.52  -0.37
  130  -0.37  -0.35  -0.37  -0.25  -0.13   0.09   0.10   0.11   0.00   0.00   0.00  -0.21  -0.18  -0.25  -0.48  -0.54  -0.48  -0.38
  120  -0.38  -0.34  -0.42  -0.30  -0.16   0.03   0.05   0.05   0.00   0.00   0.00  -0.17  -0.23  -0.34  -0.52  -0.49  -0.45  -0.39
  110  -0.39  -0.32  -0.41  -0.32  -0.19   0.01   0.03   0.00   0.00   0.00   0.00  -0.14  -0.21  -0.31  -0.48  -0.46  -0.37  -0.31
  100  -0.31  -0.31  -0.40  -0.34  -0.23  -0.01   0.01  -0.06   0.00   0.00   0.00  -0.10  -0.19  -0.28  -0.45  -0.43  -0.30  -0.22
   90  -0.22  -0.28  -0.39  -0.36  -0.22   0.00   0.07   0.00   0.00   0.00   0.00   0.00  -0.14  -0.28  -0.40  -0.35  -0.23  -0.20
   80  -0.20  -0.24  -0.37  -0.38  -0.21   0.01   0.12   0.00   0.00   0.00  -0.07   0.09  -0.09  -0.27  -0.36  -0.26  -0.15  -0.17
   70  -0.17  -0.23  -0.36  -0.38  -0.18   0.01   0.00   0.00   0.00   0.00  -0.08   0.12  -0.04  -0.26  -0.35  -0.22  -0.10  -0.15
   60  -0.15  -0.21  -0.35  -0.38  -0.15   0.01   0.00   0.00   0.00   0.00  -0.09   0.15   0.00  -0.25  -0.35  -0.18  -0.06  -0.13
   50  -0.13  -0.21   0.00  -0.36  -0.14   0.00   0.00   0.00   0.00   0.00  -0.25   0.12   0.08   0.00   0.00   0.00   0.00   0.00
   40   0.00  -0.22   0.00  -0.35  -0.14   0.00   0.00   0.00   0.00   0.00  -0.41   0.09   0.17   0.00   0.00   0.00   0.00   0.00
   30   0.00   0.00   0.00   0.00   0.00   0.00   0.00   0.00   0.00   0.00   0.00   0.00   0.29   0.00   0.00   0.00   0.00   0.00
   20   0.00   0.00   0.00   0.00   0.00   0.00   0.00   0.00   0.00   0.00   0.00   0.00   0.42   0.00   0.00   0.00   0.00   0.00
   10   0.00   0.00   0.00   0.00   0.00   0.00   0.00   0.00   0.00   0.00   0.00   0.00   0.00   0.00   0.00   0.00   0.00   0.00
    0   0.00   0.00   0.00   0.00   0.00   0.00   0.00   0.00   0.00   0.00   0.00   0.00   0.00   0.00   0.00   0.00   0.00   0.00
  -10   0.00   0.00   0.00   0.00   0.00   0.00   0.00   0.00   0.00   0.00   0.00   0.00   0.00   0.00   0.00   0.00   0.00   0.00
  -20   0.00   0.00   0.00   0.00   0.00   0.00   0.00   0.00   0.00   0.00   0.00   0.00   0.00   0.00   0.00   0.00   0.00   0.00
  -30   0.00   0.00   0.00   0.00   0.00   0.00   0.00   0.00   0.00   0.00   0.00   0.00   0.00   0.00   0.00   0.00   0.00   0.00
  -40   0.00   0.39   0.00   0.00   0.00   0.01  -0.01  -0.11   0.00   0.00   0.00   0.00   0.00   0.58   0.44   0.39   0.63   0.00
  -50   0.00   0.35   0.00   0.00   0.00   0.00   0.00  -0.10   0.00   0.00   0.00   0.00   0.00   0.42   0.50   0.47   0.59   0.00
  -60   0.00   0.31   0.00   0.00   0.00   0.00   0.01  -0.10   0.00   0.00   0.00   0.00   0.01   0.26   0.57   0.54   0.56   0.54
  -70   0.54   0.28   0.00   0.00   0.00   0.00   0.00  -0.08   0.00   0.00   0.00   0.00   0.34   0.12   0.24   0.20   0.56   0.52
  -80   0.52   0.25   0.00   0.00   0.00   0.00   0.00  -0.06   0.00   0.00   0.00   0.48   0.68  -0.01  -0.10  -0.14   0.56   0.51
  -90   0.51   0.22   0.00   0.00   0.00   0.00   0.00   0.00   0.00   0.00   0.00   0.27   0.60   0.05  -0.26  -0.14   0.43   0.44
 -100   0.44   0.19   0.05   0.00   0.00   0.00   0.00   0.00   0.00   0.00  -0.37   0.05   0.52   0.11  -0.43  -0.14   0.29   0.38
 -110   0.38   0.16   0.01   0.00   0.00   0.00   0.00   0.00   0.00   0.00  -0.37  -0.09   0.18  -0.11  -0.48  -0.24   0.19   0.28
 -120   0.28   0.13  -0.03   0.00   0.00   0.00   0.12   0.00   0.00   0.00  -0.37  -0.22  -0.16  -0.33  -0.54  -0.33   0.10   0.18
 -130   0.18   0.09  -0.04   0.00   0.00   0.00   0.14   0.00   0.00   0.00  -0.37  -0.22  -0.27  -0.47  -0.60  -0.40  -0.04   0.11
 -140   0.11   0.06  -0.05  -0.01   0.04   0.22   0.15   0.00   0.00   0.00  -0.37  -0.22  -0.38  -0.61  -0.65  -0.47  -0.18   0.05
 -150   0.05   0.01  -0.06  -0.01   0.05   0.25   0.18   0.00   0.00   0.00  -0.39  -0.16  -0.24  -0.55  -0.69  -0.50  -0.22  -0.01
 -160  -0.01  -0.03  -0.06  -0.01   0.06   0.27   0.22   0.00   0.00   0.00  -0.40  -0.10  -0.10  -0.49  -0.73  -0.54  -0.27  -0.07
 -170  -0.07  -0.07  -0.10  -0.03   0.05   0.25   0.25   0.00   0.00   0.00   0.00  -0.06  -0.02  -0.41  -0.68  -0.58  -0.32  -0.15
 -180  -0.15  -0.10  -0.15  -0.05   0.04   0.24   0.29   0.00   0.00   0.00   0.00  -0.02   0.06  -0.32  -0.63  -0.62  -0.36  -0.23
  180-142.43   0.33   0.87   1.11   0.81   0.31   0.01   0.00   0.00   0.00   0.00  -0.96  -1.08  -1.06  -0.91  -0.68  -0.42  -0.11
  170  -0.11   0.21   0.75   0.99   0.69   0.18  -0.14   0.00   0.00   0.00   0.00  -1.03  -1.15  -1.14  -1.00  -0.78  -0.52  -0.22
  160  -0.22   0.08   0.62   0.86   0.56   0.05  -0.29  -0.41   0.00   0.00   0.00  -1.10  -1.22  -1.22  -1.09  -0.88  -0.62  -0.33
  150  -0.33  -0.03   0.49   0.73   0.43  -0.07  -0.42  -0.56   0.00   0.00   0.00  -1.22  -1.32  -1.31  -1.19  -1.00  -0.74  -0.45
  140  -0.45  -0.15   0.36   0.60   0.30  -0.19  -0.55  -0.71   0.00   0.00   0.00  -1.35  -1.43  -1.41  -1.29  -1.11  -0.86  -0.57
  130  -0.57  -0.20   0.31   0.56   0.26  -0.23  -0.58  -0.75   0.00   0.00   0.00  -1.42  -1.50  -1.46  -1.33  -1.16  -0.92  -0.62
  120  -0.62  -0.25   0.27   0.51   0.23  -0.27  -0.61  -0.80   0.00   0.00   0.00  -1.49  -1.56  -1.51  -1.38  -1.21  -0.97  -0.67
  110  -0.67  -0.19   0.34   0.59   0.31  -0.17  -0.51  -0.69   0.00   0.00   0.00  -1.44  -1.53  -1.47  -1.33  -1.16  -0.93  -0.63
  100  -0.63  -0.14   0.40   0.67   0.40  -0.07  -0.41  -0.57   0.00   0.00   0.00  -1.38  -1.49  -1.43  -1.28  -1.10  -0.88  -0.58
   90  -0.58  -0.02   0.53   0.81   0.56   0.09  -0.23   0.00   0.00   0.00   0.00  -1.27  -1.38  -1.34  -1.18  -1.00  -0.76  -0.47
   80  -0.47   0.10   0.65   0.95   0.71   0.24  -0.05   0.00   0.00   0.00  -1.02  -1.17  -1.28  -1.24  -1.08  -0.89  -0.65  -0.35
   70  -0.35   0.19   0.75   1.05   0.82   0.37   0.00   0.00   0.00   0.00  -0.97  -1.10  -1.20  -1.17  -1.01  -0.81  -0.56  -0.25
   60  -0.25   0.29   0.85   1.15   0.93   0.49   0.00   0.00   0.00   0.00  -0.91  -1.03  -1.12  -1.09  -0.94  -0.73  -0.46  -0.15
   50  -0.15   0.34   0.00   1.18   0.94   0.00   0.00   0.00   0.00   0.00  -0.87  -1.00  -1.08   0.00   0.00   0.00   0.00   0.00
   40   0.00   0.39   0.00   1.20   0.96   0.00   0.00   0.00   0.00   0.00  -0.82  -0.97  -1.04   0.00   0.00   0.00   0.00   0.00
   30   0.00   0.00   0.00   0.00   0.00   0.00   0.00   0.00   0.00   0.00   0.00   0.00  -1.01   0.00   0.00   0.00   0.00   0.00
   20   0.00   0.00   0.00   0.00   0.00   0.00   0.00   0.00   0.00   0.00   0.00   0.00  -0.98   0.00   0.00   0.00   0.00   0.00
   10   0.00   0.00   0.00   0.00   0.00   0.00   0.00   0.00   0.00   0.00   0.00   0.00   0.00   0.00   0.00   0.00   0.00   0.00
    0   0.00   0.00   0.00   0.00   0.00   0.00   0.00   0.00   0.00   0.00   0.00   0.00   0.00   0.00   0.00   0.00   0.00   0.00
  -10   0.00   0.00   0.00   0.00   0.00   0.00   0.00   0.00   0.00   0.00   0.00   0.00   0.00   0.00   0.00   0.00   0.00   0.00
  -20   0.00   0.00   0.00   0.00   0.00   0.00   0.00   0.00   0.00   0.00   0.00   0.00   0.00   0.00   0.00   0.00   0.00   0.00
  -30   0.00   0.00   0.00   0.00   0.00   0.00   0.00   0.00   0.00   0.00   0.00   0.00   0.00   0.00   0.00   0.00   0.00   0.00
  -40   0.00   0.48   0.00   0.00   0.00   0.39   0.00  -0.20   0.00   0.00   0.00   0.00   0.00  -0.78  -0.68  -0.52  -0.28   0.00
  -50   0.00   0.47   0.00   0.00   0.00   0.00   0.00  -0.21   0.00   0.00   0.00   0.00   0.00  -0.81  -0.71  -0.56  -0.31   0.00
  -60   0.00   0.46   0.00   0.00   0.00   0.00   0.00  -0.23   0.00   0.00   0.00   0.00  -0.87  -0.85  -0.74  -0.59  -0.35  -0.01
  -70  -0.01   0.46   0.00   0.00   0.00   0.00   0.00  -0.19   0.00   0.00   0.00   0.00  -0.88  -0.87  -0.76  -0.59  -0.37  -0.01
  -80  -0.01   0.46   0.00   0.00   0.00   0.00   0.00  -0.15   0.00   0.00   0.00  -0.81  -0.89  -0.89  -0.79  -0.60  -0.38  -0.02
  -90  -0.02   0.47   0.00   0.00   0.00   0.00   0.00   0.00   0.00   0.00   0.00  -0.81  -0.88  -0.89  -0.80  -0.60  -0.36   0.00
 -100   0.00   0.48   1.04   0.00   0.00   0.00   0.00   0.00   0.00   0.00  -0.79  -0.82  -0.88  -0.90  -0.80  -0.60  -0.33   0.02
 -110   0.02   0.50   1.06   0.00   0.00   0.00   0.00   0.00   0.00   0.00  -0.77  -0.84  -0.89  -0.90  -0.79  -0.57  -0.30   0.05
 -120   0.05   0.53   1.07   0.00   0.00   0.00   0.57   0.00   0.00   0.00  -0.75  -0.86  -0.90  -0.90  -0.78  -0.55  -0.27   0.08
 -130   0.08   0.54   1.07   0.00   0.00   0.00   0.58   0.00   0.00   0.00  -0.74  -0.88  -0.93  -0.92  -0.78  -0.55  -0.26   0.09
 -140   0.09   0.55   1.07   1.32   1.07   0.70   0.59   0.00   0.00   0.00  -0.73  -0.91  -0.96  -0.93  -0.78  -0.55  -0.26   0.09
 -150   0.09   0.51   1.05   1.28   1.01   0.61   0.46   0.00   0.00   0.00  -0.70  -0.93  -0.99  -0.95  -0.81  -0.57  -0.28   0.06
 -160   0.06   0.48   1.02   1.25   0.96   0.52   0.33   0.00   0.00   0.00  -0.68  -0.94  -1.01  -0.98  -0.83  -0.59  -0.30   0.04
 -170   0.04   0.41   0.94   1.18   0.88   0.42   0.17   0.00   0.00   0.00   0.00  -0.95  -1.05  -1.02  -0.87  -0.63  -0.36  -0.04
 -180  -0.04   0.33   0.87   1.11   0.81   0.31   0.01   0.00   0.00   0.00   0.00  -0.96  -1.08  -1.06  -0.91  -0.68  -0.42  -0.11
  180  -4.21  -3.81  -3.83  -3.86  -3.90  -3.93  -3.94   0.00   0.00   0.00   0.00  -3.66  -3.69  -3.75  -3.77  -3.82  -3.79  -3.78
  170  -3.78  -3.84  -3.85  -3.88  -3.90  -3.92  -3.95   0.00   0.00   0.00   0.00  -3.73  -3.73  -3.77  -3.80  -3.84  -3.79  -3.80
  160  -3.80  -3.87  -3.86  -3.90  -3.90  -3.92  -3.96  -3.92   0.00   0.00   0.00  -3.79  -3.78  -3.79  -3.83  -3.86  -3.79  -3.83
  150  -3.83  -3.85  -3.87  -3.89  -3.91  -3.93  -3.94  -3.94   0.00   0.00   0.00  -3.83  -3.82  -3.82  -3.84  -3.85  -3.80  -3.85
  140  -3.85  -3.82  -3.88  -3.88  -3.92  -3.94  -3.91  -3.96   0.00   0.00   0.00  -3.87  -3.85  -3.85  -3.84  -3.85  -3.82  -3.87
  130  -3.87  -3.82  -3.85  -3.88  -3.91  -3.91  -3.92  -3.93   0.00   0.00   0.00  -3.90  -3.86  -3.86  -3.85  -3.85  -3.82  -3.86
  120  -3.86  -3.83  -3.83  -3.87  -3.91  -3.88  -3.94  -3.90   0.00   0.00   0.00  -3.93  -3.88  -3.87  -3.86  -3.84  -3.83  -3.85
  110  -3.85  -3.81  -3.82  -3.85  -3.87  -3.86  -3.91  -3.91   0.00   0.00   0.00  -3.92  -3.89  -3.86  -3.85  -3.83  -3.83  -3.82
  100  -3.82  -3.80  -3.82  -3.84  -3.83  -3.84  -3.87  -3.91   0.00   0.00   0.00  -3.92  -3.90  -3.86  -3.85  -3.82  -3.83  -3.79
   90  -3.79  -3.79  -3.81  -3.82  -3.79  -3.83  -3.86   0.00   0.00   0.00   0.00  -3.91  -3.89  -3.85  -3.85  -3.82  -3.82  -3.79
   80  -3.79  -3.78  -3.80  -3.80  -3.75  -3.82  -3.86   0.00   0.00   0.00  -3.91  -3.89  -3.88  -3.85  -3.84  -3.81  -3.81  -3.78
   70  -3.78  -3.77  -3.78  -3.78  -3.74  -3.75   0.00   0.00   0.00   0.00  -3.92  -3.90  -3.88  -3.84  -3.83  -3.80  -3.82  -3.79
   60  -3.79  -3.76  -3.75  -3.76  -3.73  -3.68   0.00   0.00   0.00   0.00  -3.94  -3.90  -3.89  -3.83  -3.82  -3.79  -3.82  -3.80
   50  -3.80  -3.76   0.00  -3.73  -3.70   0.00   0.00   0.00   0.00   0.00  -3.94  -3.94  -3.92   0.00   0.00   0.00   0.00   0.00
   40   0.00  -3.76   0.00  -3.71  -3.67   0.00   0.00   0.00   0.00   0.00  -3.93  -3.99  -3.95   0.00   0.00   0.00   0.00   0.00
   30   0.00   0.00   0.00   0.00   0.00   0.00   0.00   0.00   0.00   0.00   0.00   0.00  -3.97   0.00   0.00   0.00   0.00   0.00
   20   0.00   0.00   0.00   0.00   0.00   0.00   0.00   0.00   0.00   0.00   0.00   0.00  -3.98   0.00   0.00   0.00   0.00   0.00
   10   0.00   0.00   0.00   0.00   0.00   0.00   0.00   0.00   0.00   0.00   0.00   0.00   0.00   0.00   0.00   0.00   0.00   0.00
    0   0.00   0.00   0.00   0.00   0.00   0.00   0.00   0.00   0.00   0.00   0.00   0.00   0.00   0.00   0.00   0.00   0.00   0.00
  -10   0.00   0.00   0.00   0.00   0.00   0.00   0.00   0.00   0.00   0.00   0.00   0.00   0.00   0.00   0.00   0.00   0.00   0.00
  -20   0.00   0.00   0.00   0.00   0.00   0.00   0.00   0.00   0.00   0.00   0.00   0.00   0.00   0.00   0.00   0.00   0.00   0.00
  -30   0.00   0.00   0.00   0.00   0.00   0.00   0.00   0.00   0.00   0.00   0.00   0.00   0.00   0.00   0.00   0.00   0.00   0.00
  -40   0.00  -3.93   0.00   0.00   0.00   0.52  -1.93  -2.05   0.00   0.00   0.00   0.00   0.00  -3.95  -3.95  -3.93  -3.95   0.00
  -50   0.00  -3.92   0.00   0.00   0.00   0.00   0.00  -2.04   0.00   0.00   0.00   0.00   0.00  -3.94  -3.92  -3.91  -3.91   0.00
  -60   0.00  -3.92   0.00   0.00   0.00   0.00   1.93  -2.04   0.00   0.00   0.00   0.00  -3.98  -3.93  -3.89  -3.89  -3.88  -3.92
  -70  -3.92  -3.90   0.00   0.00   0.00   0.00   0.00  -1.51   0.00   0.00   0.00   0.00  -3.91  -3.91  -3.87  -3.85  -3.86  -3.88
  -80  -3.88  -3.87   0.00   0.00   0.00   0.00   0.00  -0.98   0.00   0.00   0.00  -3.55  -3.84  -3.89  -3.86  -3.81  -3.85  -3.84
  -90  -3.84  -3.85   0.00   0.00   0.00   0.00   0.00   0.00   0.00   0.00   0.00  -3.25  -3.75  -3.85  -3.86  -3.81  -3.82  -3.83
 -100  -3.83  -3.84  -3.85   0.00   0.00   0.00   0.00   0.00   0.00   0.00  -0.35  -2.95  -3.65  -3.82  -3.86  -3.81  -3.80  -3.82
 -110  -3.82  -3.83  -3.84   0.00   0.00   0.00   0.00   0.00   0.00   0.00  -1.40  -2.91  -3.55  -3.77  -3.83  -3.82  -3.80  -3.82
 -120  -3.82  -3.82  -3.82   0.00   0.00   0.00  -3.95   0.00   0.00   0.00  -2.45  -2.86  -3.45  -3.71  -3.80  -3.83  -3.80  -3.82
 -130  -3.82  -3.82  -3.82   0.00   0.00   0.00  -3.94   0.00   0.00   0.00  -2.88  -3.04  -3.46  -3.71  -3.79  -3.81  -3.82  -3.82
 -140  -3.82  -3.83  -3.83  -3.86  -3.91  -3.93  -3.93   0.00   0.00   0.00  -3.31  -3.22  -3.47  -3.70  -3.79  -3.80  -3.84  -3.81
 -150  -3.81  -3.82  -3.83  -3.85  -3.91  -3.95  -3.92   0.00   0.00   0.00  -3.44  -3.34  -3.52  -3.70  -3.77  -3.81  -3.82  -3.80
 -160  -3.80  -3.82  -3.83  -3.84  -3.90  -3.96  -3.92   0.00   0.00   0.00  -3.56  -3.46  -3.56  -3.70  -3.75  -3.82  -3.80  -3.80
 -170  -3.80  -3.82  -3.83  -3.85  -3.90  -3.95  -3.93   0.00   0.00   0.00   0.00  -3.56  -3.63  -3.73  -3.76  -3.82  -3.79  -3.79
 -180  -3.79  -3.81  -3.83  -3.86  -3.90  -3.93  -3.94   0.00   0.00   0.00   0.00  -3.66  -3.69  -3.75  -3.77  -3.82  -3.79  -3.78
