#-----------------------------------------------------------------------------------------------------------------------------------------
#ps\ph  -180   -160   -140   -120   -100   -80    -60    -40    -20     0      20     40     60     80    100    120    140    160    180
#-----------------------------------------------------------------------------------------------------------------------------------------
  180  -2.00  -1.00  -1.93  -0.11  -1.68  -0.88  -0.95  -1.00   0.00   0.00   0.00   0.00  -3.27   0.00   0.00   0.00   0.00   0.00   0.00
  170  -3.00  -2.00  -2.59  -1.66  -2.44  -0.62  -1.11  -2.00   0.00   0.00   0.00  -1.00  -3.45   0.00   0.00   0.00   0.00   0.00   0.00
  160  -4.00  -3.00  -3.24  -2.21  -3.19  -1.36  -1.27  -3.00   0.00   0.00   0.00  -1.00  -3.63   0.00   0.00   0.00   0.00   0.00   0.00
  150  -5.00  -4.00  -4.98  -3.91  -4.91  -2.06  -2.11  -4.00   0.00   0.00   0.00  -2.00  -3.85   0.00   0.00   0.00   0.00   0.00   0.00
  140  -6.00  -5.00  -5.55  -4.61  -5.64  -3.75  -3.95  -5.00   0.00   0.00   0.00  -2.00  -4.08   0.00   0.00   0.00   0.00   0.00   0.00
  130  -7.00  -5.00  -6.52  -5.34  -6.27  -4.41  -4.66  -6.00   0.00   0.00   0.00  -3.00  -4.29   0.00   0.00   0.00   0.00   0.00   0.00
  120  -6.00  -5.00  -7.31  -6.06  -7.90  -5.08  -5.36  -7.00   0.00   0.00   0.00  -3.00  -4.50  -1.00   0.00   0.00   0.00   0.00   0.00
  110  -6.00  -6.00  -7.05  -7.87  -7.50  -6.72  -6.98  -7.00   0.00   0.00   0.00  -4.00  -4.75  -2.00   0.00   0.00   0.00   0.00   0.00
  100  -6.00  -6.00  -6.79  -7.69  -7.09  -7.36  -7.61  -7.00   0.00   0.00   0.00  -6.16  -5.00  -3.00   0.00   0.00   0.00   0.00   0.00
   90  -5.00  -6.00  -6.58  -7.38  -7.83  -7.11  -7.34  -7.00   0.00   0.00  -1.00  -6.37  -5.14  -3.00   0.00   0.00   0.00   0.00   0.00
   80  -5.00  -5.00  -6.36  -7.08  -7.56  -7.86  -7.08  -7.00   0.00   0.00  -2.00  -6.58  -5.28  -3.00   0.00   0.00   0.00   0.00   0.00
   70  -5.00  -5.00  -6.00  -6.19  -6.91  -6.00  -7.00  -7.00   0.00   0.00  -5.00  -6.78  -5.37  -3.00   0.00   0.00   0.00   0.00   0.00
   60  -5.00  -5.00  -6.00  -5.29  -6.25  -5.00  -6.00  -7.00   0.00   0.00  -7.45  -6.98  -5.45  -3.00   0.00   0.00   0.00   0.00   0.00
   50  -5.00  -5.00  -5.00  -4.52  -5.00  -4.00  -5.00  -6.00   0.00   0.00  -5.00  -7.09  -5.65  -2.00   0.00   0.00   0.00   0.00   0.00
   40  -3.00  -5.00  -5.43  -3.75  -4.00  -3.00  -4.00  -5.00   0.00   0.00  -3.00  -7.21  -5.85  -1.00   0.00   0.00   0.00   0.00   0.00
   30  -1.00  -2.00  -3.00  -1.00  -4.00  -2.00  -2.00  -3.00   0.00   0.00  -1.00  -5.00  -3.00   0.00   0.00   0.00   0.00   0.00   0.00
   20   0.00  -1.00  -1.00   0.00  -3.58  -1.00  -1.00  -1.00   0.00   0.00   0.00  -2.00  -1.00   0.00   0.00   0.00   0.00   0.00   0.00
   10   0.00   0.00   0.00   0.00  -2.75   0.00   0.00   0.00   0.00   0.00   0.00   0.00   0.00   0.00   0.00   0.00   0.00   0.00   0.00
    0   0.00   0.00   0.00   0.00  -1.93   1.00   1.00   0.00   0.00   0.00   0.00   0.00   0.00   0.00   0.00   0.00   0.00   0.00   0.00
  -10   0.00   0.00   0.00   0.00   0.00   2.00   2.00   0.00   0.00   0.00   0.00   0.00   0.00   0.00   0.00   0.00   0.00   0.00   0.00
  -20   0.00   0.00   0.00   0.00   0.00   2.00   2.00   0.00   0.00   0.00   0.00   0.00   0.00   0.00   0.00   0.00   0.00   0.00   0.00
  -30   0.00   0.00   0.00   0.00   0.00   2.00   2.00  -2.00   0.00   0.00   0.00   0.00   0.00   0.00   0.00   0.00   0.00   0.00   0.00
  -40   0.00   0.00   0.00   0.00   0.00   1.26   1.01  -1.00   0.00   0.00   0.00   0.00   0.00   0.00   0.00   0.00   0.00   0.00   0.00
  -50   0.00   0.00   0.00   0.00   0.00   0.00   1.00  -1.00   0.00   0.00   0.00   0.00   0.00   0.00   0.00   0.00   0.00   0.00   0.00
  -60   0.00   0.00   0.00   0.00   0.00   0.00   1.02  -1.00   0.00   0.00   0.00   0.00   0.00   0.00   0.00   0.00   0.00   0.00   0.00
  -70   0.00   0.00   0.00   0.00   0.00   0.00   0.00   0.00   0.00   0.00   0.00   0.00   0.00   0.00   0.00   0.00   0.00   0.00   0.00
  -80   0.00   0.00   0.00   0.00   0.00   0.00   0.00   0.00   0.00   0.00   0.00   0.00   0.00   0.00   0.00   0.00   0.00   0.00   0.00
  -90   0.00   0.00   0.00   0.00   0.00   0.00   0.00   0.00   0.00   0.00   0.00   0.00   0.00   0.00   0.00   0.00   0.00   0.00   0.00
 -100   0.00   0.00   0.00   0.00   0.00   0.00   0.00   0.00   0.00   0.00   0.00   0.00   0.00   0.00   0.00   0.00   0.00   0.00   0.00
 -110   0.00   0.00   0.00   0.00   0.00   0.00   0.00   0.00   0.00   0.00   0.00   0.00   0.00   0.00   0.00   0.00   0.00   0.00   0.00
 -120   0.00   0.00   0.00   0.00   0.00   0.00   0.00   0.00   0.00   0.00   0.00   0.00   0.00   0.00   0.00   0.00   0.00   0.00   0.00
 -130   0.00   0.00   0.00   0.00   0.00   0.00   0.00   0.00   0.00   0.00   0.00   0.00   0.00   0.00   0.00   0.00   0.00   0.00   0.00
 -140   0.00   0.00   0.00   0.00   0.00   0.00   0.00   0.00   0.00   0.00   0.00   0.00   0.00   0.00   0.00   0.00   0.00   0.00   0.00
 -150   0.00   0.00   0.00   0.00   0.00   0.00   0.00   0.00   0.00   0.00   0.00   0.00   0.00   0.00   0.00   0.00   0.00   0.00   0.00
 -160   0.00   0.00   0.00   0.00   0.00   0.00   0.00   0.00   0.00   0.00   0.00   0.00   0.00   0.00   0.00   0.00   0.00   0.00   0.00
 -170   0.00   0.00   0.00   0.00   0.00   0.00   0.00   0.00   0.00   0.00   0.00   0.00   0.00   0.00   0.00   0.00   0.00   0.00   0.00
 -180  -2.00  -1.00  -1.93  -0.11  -1.68  -0.88  -0.95  -1.00   0.00   0.00   0.00   0.00  -3.27   0.00   0.00   0.00   0.00   0.00   0.00
  180   0.36   1.51   3.36   3.94   2.22  -1.21  -5.62   0.00   0.00   0.00   0.00   0.00  -5.46  -0.63   3.28   4.65   3.65   1.43   0.36
  170   0.74   0.95   2.47   3.35   2.50  -0.04  -3.84   0.00   0.00   0.00   0.00   0.00  -6.23  -1.34   3.16   5.38   4.91   2.61   0.74
  160   1.11   0.39   1.58   2.76   2.78   1.12  -2.06  -7.39   0.00   0.00   0.00   0.00  -6.99  -2.06   3.05   6.12   6.17   3.79   1.11
  150   1.47   0.54   1.46   2.62   2.99   2.01  -0.28  -4.91   0.00   0.00   0.00   0.00  -7.68  -2.19   2.97   6.22   6.47   4.17   1.47
  140   1.82   0.69   1.34   2.48   3.19   2.90   1.51  -2.44   0.00   0.00   0.00   0.00  -8.36  -2.33   2.88   6.33   6.78   4.55   1.82
  130   1.38   0.66   1.55   2.78   3.32   2.92   1.91  -0.93   0.00   0.00   0.00   0.00  -8.70  -2.69   2.48   5.76   5.96   3.81   1.38
  120   0.94   0.62   1.76   3.07   3.45   2.95   2.31   0.58   0.00   0.00   0.00   0.00  -9.04  -3.05   2.08   5.19   5.14   3.07   0.94
  110   0.08   0.35   1.97   3.42   3.59   2.63   1.56   0.33   0.00   0.00   0.00   0.00  -8.58  -3.31   1.45   4.16   3.85   1.82   0.08
  100  -0.78   0.08   2.19   3.78   3.72   2.31   0.81   0.08   0.00   0.00   0.00   0.00  -8.12  -3.56   0.82   3.14   2.56   0.56  -0.78
   90  -1.31   0.10   2.61   4.45   4.46   2.93   0.54   0.00   0.00   0.00   0.00   0.00  -7.11  -3.47   0.28   2.26   1.50  -0.42  -1.31
   80  -1.85   0.11   3.04   5.12   5.19   3.55   0.27   0.00   0.00   0.00   0.00  -6.72  -6.09  -3.37  -0.26   1.38   0.44  -1.40  -1.85
   70  -1.60   0.76   3.89   6.07   6.40   5.57   0.00   0.00   0.00   0.00   0.00  -5.23  -4.97  -2.96  -0.32   1.16   0.25  -1.46  -1.60
   60  -1.35   1.41   4.74   7.02   7.61   7.59   0.00   0.00   0.00   0.00   0.00  -3.75  -3.85  -2.54  -0.38   0.93   0.06  -1.52  -1.35
   50   0.00   2.19   0.00   7.50   8.30   0.00   0.00   0.00   0.00   0.00   0.00  -2.96  -3.01  -2.00   0.00   0.00   0.00   0.00   0.00
   40   0.00   2.98   0.00   7.99   8.98   0.00   0.00   0.00   0.00   0.00   0.00  -2.17  -2.17  -1.45   0.00   0.00   0.00   0.00   0.00
   30   0.00   0.00   0.00   0.00   0.00   0.00   0.00   0.00   0.00   0.00   0.00   0.00   0.00  -0.81   0.00   0.00   0.00   0.00   0.00
   20   0.00   0.00   0.00   0.00   0.00   0.00   0.00   0.00   0.00   0.00   0.00   0.00   0.00  -0.18   0.00   0.00   0.00   0.00   0.00
   10   0.00   0.00   0.00   0.00   0.00   0.00   0.00   0.00   0.00   0.00   0.00   0.00   0.00   0.00   0.00   0.00   0.00   0.00   0.00
    0   0.00   0.00   0.00   0.00   0.00   0.00   0.00   0.00   0.00   0.00   0.00   0.00   0.00   0.00   0.00   0.00   0.00   0.00   0.00
  -10   0.00   0.00   0.00   0.00   0.00   0.00   0.00   0.00   0.00   0.00   0.00   0.00   0.00   0.00   0.00   0.00   0.00   0.00   0.00
  -20   0.00   0.00   0.00   0.00   0.00   0.00   0.00   0.00   0.00   0.00   0.00   0.00   0.00   0.00   0.00   0.00   0.00   0.00   0.00
  -30   0.00   0.00   0.00   0.00   0.00   0.00   0.00   0.00   0.00   0.00   0.00   0.00   0.00   0.00   0.00   0.00   0.00   0.00   0.00
  -40   0.00   0.65   0.00   0.00   0.00   0.63   1.42   2.28   0.00   0.00   0.00   0.00   0.00   0.00   7.11   6.92   5.56   2.59   0.00
  -50   0.00  -0.51   0.00   0.00   0.00   0.00   0.00   0.72   0.00   0.00   0.00   0.00   0.00   0.00   6.97   6.22   4.38   1.38   0.00
  -60  -1.89  -1.67   0.00   0.00   0.00   0.00  -1.43  -0.84   0.00   0.00   0.00   0.00   0.00   7.85   6.83   5.51   3.20   0.17  -1.89
  -70  -2.44  -1.79   0.00   0.00   0.00   0.00   0.00  -2.75   0.00   0.00   0.00   0.00   0.00   6.01   6.03   4.86   2.18  -0.72  -2.44
  -80  -2.98  -1.92   0.00   0.00   0.00   0.00   0.00  -4.66   0.00   0.00   0.00   0.00   3.14   4.17   5.24   4.21   1.16  -1.62  -2.98
  -90  -2.44  -1.04   0.00   0.00   0.00   0.00   0.00   0.00   0.00   0.00   0.00   0.00   4.22   4.12   4.72   3.80   1.16  -1.49  -2.44
 -100  -1.90  -0.16   2.29   0.00   0.00   0.00   0.00   0.00   0.00   0.00   0.00   3.37   5.29   4.06   4.19   3.39   1.16  -1.35  -1.90
 -110  -0.81   1.22   3.58   0.00   0.00   0.00   0.00   0.00   0.00   0.00   0.00   3.22   5.53   4.69   4.19   3.22   1.20  -0.76  -0.81
 -120   0.27   2.61   4.87   0.00   0.00   0.00  -9.46   0.00   0.00   0.00   0.00   3.08   5.78   5.31   4.19   3.04   1.24  -0.17   0.27
 -130   0.92   3.47   5.63   0.00   0.00   0.00  -9.04   0.00   0.00   0.00   0.00   1.07   4.71   5.11   4.22   2.96   1.14   0.04   0.92
 -140   1.57   4.32   6.39   5.82   2.54  -2.66  -8.62   0.00   0.00   0.00   0.00  -0.93   3.63   4.91   4.26   2.88   1.04   0.25   1.57
 -150   1.30   3.96   6.08   5.60   2.44  -2.44  -7.89   0.00   0.00   0.00   0.00  -3.92   1.29   3.72   4.07   3.11   1.28   0.26   1.30
 -160   1.04   3.60   5.77   5.39   2.34  -2.23  -7.16   0.00   0.00   0.00   0.00  -6.91  -1.05   2.53   3.89   3.34   1.52   0.27   1.04
 -170   0.70   2.55   4.56   4.66   2.28  -1.72  -6.39   0.00   0.00   0.00   0.00   0.00  -3.25   0.95   3.59   4.00   2.58   0.85   0.70
 -180   0.36   1.51   3.36   3.94   2.22  -1.21  -5.62   0.00   0.00   0.00   0.00   0.00  -5.46  -0.63   3.28   4.65   3.65   1.43   0.36
  180   2.00   2.00   2.10   1.27   0.10  -1.79  -3.69  -2.00   0.00   0.00   0.00   0.00  -1.36   0.00   0.00   0.00   0.00   0.00   0.00
  170   2.00   2.00   2.62   1.77   0.64  -1.06  -2.80  -1.00   0.00   0.00   0.00  -1.00  -1.42   0.00   0.00   0.00   0.00   0.00   0.00
  160   2.00   2.00   3.15   2.27   1.17  -0.32  -1.91  -1.00   0.00   0.00   0.00  -1.00  -1.47   0.00   0.00   0.00   0.00   0.00   0.00
  150   2.00   3.00   4.65   3.88   3.08   1.91   0.53   0.00   0.00   0.00   0.00   0.00   0.17   0.00   0.00   0.00   0.00   0.00   0.00
  140   3.00   5.00   6.15   5.49   4.98   4.15   2.97   1.00   0.00   0.00   0.00   1.00   1.81   0.00   0.00   0.00   0.00   0.00   0.00
  130   5.00   7.00   7.30   6.71   6.67   6.80   6.80   3.00   0.00   0.00   0.00   2.00   3.17   0.00   0.00   0.00   0.00   0.00   0.00
  120   7.00   8.00   8.44   7.94   8.37   9.45  10.64   5.00   0.00   0.00   1.00   3.00   4.53   0.00   0.00   0.00   0.00   0.00   0.00
  110   8.00   8.00   8.42   7.77   8.63  11.24  15.17   9.00   0.00   0.00   3.00   4.00   4.33   0.00   0.00   0.00   0.00   0.00   0.00
  100   7.00   8.00   8.41   7.61   8.89  13.03  19.71  12.00   0.00   0.00   2.00   5.08   4.14   0.00   0.00   0.00   0.00   0.00   0.00
   90   5.00   7.00   7.02   6.49   7.77  12.80  22.70  11.00   0.00   0.00   1.00   3.59   3.07   0.00   0.00   0.00   0.00   0.00   0.00
   80   4.00   5.00   5.63   5.37   6.64  12.57  22.70   9.00   0.00   0.00   0.00   2.10   2.00   0.00   0.00   0.00   0.00   0.00   0.00
   70   3.00   4.00   4.00   4.17   5.42  10.00  18.00   7.00   0.00   0.00   1.00  -0.30   0.46   0.00   0.00   0.00   0.00   0.00   0.00
   60   2.00   3.00   3.00   2.98   4.21   7.00  10.00   5.00   0.00   0.00   3.14  -2.70  -1.08   0.00   0.00   0.00   0.00   0.00   0.00
   50   1.00   2.00   3.00   2.58   3.00   5.00   6.00   3.00   0.00   0.00   1.00  -1.79  -1.90   0.00   0.00   0.00   0.00   0.00   0.00
   40   0.00   1.00   2.61   2.18   2.00   3.00   4.00   2.00   0.00   0.00   0.00  -0.87  -2.72   0.00   0.00   0.00   0.00   0.00   0.00
   30   0.00   0.00   1.00   1.00   1.00   4.00   2.00   1.00   0.00   0.00   0.00   0.00   0.00   0.00   0.00   0.00   0.00   0.00   0.00
   20   0.00   0.00   0.00   0.00   4.03   5.00   1.00   0.00   0.00   0.00   0.00   0.00   0.00   0.00   0.00   0.00   0.00   0.00   0.00
   10   0.00   0.00   0.00   0.00   4.37   6.00   0.00   0.00   0.00   0.00   0.00   0.00   0.00   0.00   0.00   0.00   0.00   0.00   0.00
    0   0.00   0.00   0.00   0.00   4.71   5.00   0.00   0.00   0.00   0.00   0.00   0.00   0.00   0.00   0.00   0.00   0.00   0.00   0.00
  -10   0.00   0.00   0.00   0.00   5.00   5.00   0.00   0.00   0.00   0.00   0.00   0.00   0.00   0.00   0.00   0.00   0.00   0.00   0.00
  -20   0.00   0.00   0.00   0.00   4.00   4.00   0.00   0.00   0.00   0.00   0.00   0.00   0.00   0.00   0.00   0.00   0.00   0.00   0.00
  -30   0.00   0.00   0.00   0.00   4.00   3.00   0.00   0.00   0.00   0.00   0.00   0.00   0.00   0.00   0.00   0.00   0.00   0.00   0.00
  -40   0.00   0.00   0.00   0.00   2.00   0.15   1.37   0.00   0.00   0.00   0.00   0.00   0.00   0.00   0.00   0.00   0.00   0.00   0.00
  -50   0.00   0.00   0.00   0.00  -1.00  -1.00   0.00   0.00   0.00   0.00   0.00   0.00   0.00   0.00   0.00   0.00   0.00   0.00   0.00
  -60   0.00   0.00   0.00   0.00  -1.00  -1.00  -1.37   0.00   0.00   0.00   0.00   0.00   0.00   0.00   0.00   0.00   0.00   0.00   0.00
  -70   0.00   0.00   0.00   0.00   0.00   0.00   0.00   0.00   0.00   0.00   0.00   0.00   0.00   0.00   0.00   0.00   0.00   0.00   0.00
  -80   0.00   0.00   0.00   0.00   0.00   0.00   0.00   0.00   0.00   0.00   0.00   0.00   0.00   0.00   0.00   0.00   0.00   0.00   0.00
  -90   0.00   0.00   0.00   0.00   0.00   0.00   0.00   0.00   0.00   0.00   0.00   0.00   0.00   0.00   0.00   0.00   0.00   0.00   0.00
 -100   0.00   0.00   0.00   0.00   0.00   0.00   0.00   0.00   0.00   0.00   0.00   0.00   0.00   0.00   0.00   0.00   0.00   0.00   0.00
 -110   0.00   0.00   0.00   0.00   0.00   0.00   0.00   0.00   0.00   0.00   0.00   0.00   0.00   0.00   0.00   0.00   0.00   0.00   0.00
 -120   0.00   0.00   0.00   0.00   0.00   0.00   0.00   0.00   0.00   0.00   0.00   0.00   0.00   0.00   0.00   0.00   0.00   0.00   0.00
 -130   0.00   0.00   0.00   0.00   0.00   0.00   0.00   0.00   0.00   0.00   0.00   0.00   0.00   0.00   0.00   0.00   0.00   0.00   0.00
 -140   0.00   0.00   0.00   0.00   0.00   0.00   0.00   0.00   0.00   0.00   0.00   0.00   0.00   0.00   0.00   0.00   0.00   0.00   0.00
 -150   0.00   0.00   0.00   0.00   0.00   0.00   0.00   0.00   0.00   0.00   0.00   0.00   0.00   0.00   0.00   0.00   0.00   0.00   0.00
 -160   0.00   0.00   0.00   0.00   0.00   0.00   0.00   0.00   0.00   0.00   0.00   0.00   0.00   0.00   0.00   0.00   0.00   0.00   0.00
 -170   0.00   0.00   0.00   0.00   0.00   0.00  -1.00   0.00   0.00   0.00   0.00   0.00   0.00   0.00   0.00   0.00   0.00   0.00   0.00
 -180   2.00   2.00   2.10   1.27   0.10  -1.79  -3.69  -2.00   0.00   0.00   0.00   0.00  -1.36   0.00   0.00   0.00   0.00   0.00   0.00
