#-----------------------------------------------------------------------------------------------------------------------------------------
#ps\ph  -180   -160   -140   -120   -100   -80    -60    -40    -20     0      20     40     60     80    100    120    140    160    180
#-----------------------------------------------------------------------------------------------------------------------------------------
  180   1.03   0.28  -0.48  -0.50  -0.07   0.43  -0.18   0.00   0.00   0.00   0.00   0.00  -0.53   0.00   0.00   0.00   0.00   0.00   0.00
  170   1.00   0.23  -0.62  -0.60  -0.26   0.41  -0.03  -2.75   0.00   0.00   0.00   0.00  -0.93   0.00   0.00   0.00   0.00   0.00   0.00
  160   1.00   0.21  -0.68  -0.76  -0.43   0.42   0.22  -1.87   0.00   0.00   0.00   0.00  -1.33   0.00   0.00   0.00   0.00   0.00   0.00
  150   1.00   0.19  -0.70  -0.87  -0.50   0.34   0.52  -1.15   0.00   0.00   0.00   0.00  -1.00   0.00   0.00   0.00   0.00   0.00   0.00
  140   0.94   0.13  -0.72  -0.89  -0.48   0.35   0.79  -0.53   0.00   0.00   0.00   0.00  -1.00   0.00   0.00   0.00   0.00   0.00   0.00
  130   0.80   0.02  -0.73  -0.88  -0.49   0.37   1.02   0.06   0.00   0.00   0.00   0.00  -1.00   0.00   0.00   0.00   0.00   0.00   0.00
  120   0.58  -0.13  -0.74  -0.86  -0.52   0.80   1.24   0.69   0.00   0.00   0.00   0.00  -1.00   0.00   0.00   0.00   0.00   0.00   0.00
  110   0.33  -0.27  -0.75  -0.80  -0.43   0.93   1.50   1.32   0.00   0.00   0.00   0.00  -1.00   0.00   0.00   0.00   0.00   0.00   0.00
  100   0.11  -0.38  -0.78  -0.72  -0.22   1.06   1.64   1.76   0.00   0.00   0.00   0.00  -1.64   0.00   0.00   0.00   0.00   0.00   0.00
   90  -0.02  -0.45  -0.85  -0.63   0.10   1.50   0.00   2.04   0.00   0.00   0.00  -1.00  -1.00   0.00   0.00   0.00   0.00   0.00   0.00
   80  -0.04  -0.49  -0.98  -0.57   0.46   2.21   0.00   1.00   0.00   0.00   0.00  -1.23  -0.50   0.00   0.00   0.00   0.00   0.00   0.00
   70   0.04  -0.49  -1.11  -0.59   0.79   3.14   1.37   0.50   0.00   0.00   0.00  -1.12   0.00   0.00   0.00   0.00   0.00   0.00   0.00
   60   0.17  -0.44  -1.20  -0.64   1.04   3.87   1.00   0.00   0.00   0.00   0.00  -1.02  -0.86   0.00   0.00   0.00   0.00   0.00   0.00
   50   0.29  -0.35  -1.20  -0.73   1.07  -0.39   0.50   0.00   0.00   0.00   0.00  -0.97  -0.77   0.00   0.00   0.00   0.00   0.00   0.00
   40   0.00  -0.27  -1.12  -0.82   0.88   0.00   0.00   0.00   0.00   0.00   0.00  -0.91  -0.68   0.00   0.00   0.00   0.00   0.00   0.00
   30   0.00  -0.29  -1.04  -0.50   0.66   0.00   0.00   0.00   0.00   0.00   0.00   0.00  -0.54   0.00   0.00   0.00   0.00   0.00   0.00
   20   0.00   0.00  -0.50   0.00   0.00   0.00   0.00   0.00   0.00   0.00   0.00   0.00  -0.39   0.00   0.00   0.00   0.00   0.00   0.00
   10   0.00   0.00   0.00   0.00   0.00   0.00   0.00   0.00   0.00   0.00   0.00   0.00   0.00   0.00   0.00   0.00   0.00   0.00   0.00
    0   0.00   0.00   0.00   0.00   0.00   0.00   0.00   0.00   0.00   0.00   0.00   0.00   0.00   0.00   0.00   0.00   0.00   0.00   0.00
  -10   0.00   0.00   0.00   0.00  -1.00   0.00   0.00   0.50   0.00   0.00   0.00   0.00   0.00   0.00   0.00   0.00   0.00   0.00   0.00
  -20   0.00   0.00   0.00  -1.00  -2.00   0.00   0.00   1.00   0.00   0.00   0.00   0.00   0.00   0.00   0.00   0.00   0.00   0.00   0.00
  -30   0.00   0.00   0.00  -1.00  -2.39  -1.00   0.00   1.44   0.00   0.00   0.00   0.00   0.00   0.00   0.00   0.00   0.00   0.00   0.00
  -40   0.00   0.00   0.00  -1.00  -2.48  -1.49   0.67   0.54   0.00   0.00   0.00   0.00   0.00   0.00   0.00   0.00   0.00   0.00   0.00
  -50   0.00   0.00   0.00  -1.00  -2.56   0.00   0.00  -0.25   0.00   0.00   0.00   0.00   0.00   0.00   0.00   0.00   0.00   0.00   0.00
  -60   0.00   0.00   0.00   0.00  -1.00   0.00  -0.49  -0.59   0.00   0.00   0.00   0.00   0.00   0.00   0.00   0.00   0.00   0.00   0.00
  -70   0.00   0.00   0.00   0.00   0.00   0.00   0.00   0.00   0.00   0.00   0.00   0.00   0.00   0.00   0.00   0.00   0.00   0.00   0.00
  -80   0.00   0.00   0.00   0.00   0.00   0.00   0.00   0.00   0.00   0.00   0.00   0.00   0.00   0.00   0.00   0.00   0.00   0.00   0.00
  -90   0.00   0.00   0.00   0.00   0.00   0.00   0.00   0.00   0.00   0.00   0.00   0.00   0.00   0.00   0.00   0.00   0.00   0.00   0.00
 -100   0.00   0.00   0.00   0.00   0.00   0.00   0.00   0.00   0.00   0.00   0.00   0.00   0.00   0.00   0.00   0.00   0.00   0.00   0.00
 -110   0.00   0.00   0.00   0.00   0.00   0.00   0.00   0.00   0.00   0.00   0.00   0.00   0.00   0.00   0.00   0.00   0.00   0.00   0.00
 -120   0.00   0.00   0.00   0.00   0.00   0.00   0.00   0.00   0.00   0.00   0.00   0.00   0.00   0.00   0.00   0.00   0.00   0.00   0.00
 -130   0.00   0.00   0.00   0.00   0.00   0.00   0.00   0.00   0.00   0.00   0.00   0.00   0.00   0.00   0.00   0.00   0.00   0.00   0.00
 -140   0.00   0.00   0.00   0.00   0.00   0.00   0.00   0.00   0.00   0.00   0.00   0.00   0.00   0.00   0.00   0.00   0.00   0.00   0.00
 -150   0.00   0.00   0.00   0.00   0.00   0.00   0.00   0.00   0.00   0.00   0.00   0.00   0.00   0.00   0.00   0.00   0.00   0.00   0.00
 -160   0.00   0.00   0.00   0.00   0.00   0.00   0.00   0.00   0.00   0.00   0.00   0.00   0.00   0.00   0.00   0.00   0.00   0.00   0.00
 -170   0.00   0.00   0.00   0.00   0.00   0.00   0.00   0.00   0.00   0.00   0.00   0.00   0.00   0.00   0.00   0.00   0.00   0.00   0.00
 -180   1.03   0.28  -0.48  -0.50  -0.07   0.43  -0.18   0.00   0.00   0.00   0.00   0.00  -0.53   0.00   0.00   0.00   0.00   0.00   0.00
  180   2.39   2.71   3.19   2.95   1.92  -0.14  -2.89   0.00   0.00   0.00   0.00   0.00  -1.84   1.15   3.10   3.89   3.57   2.82   2.39
  170   2.70   2.80   3.33   3.27   2.47   0.59  -2.08   0.00   0.00   0.00   0.00   0.00  -1.26   1.15   2.96   3.91   3.86   3.27   2.70
  160   3.01   2.89   3.46   3.58   3.01   1.33  -1.27  -5.67   0.00   0.00   0.00   0.00  -0.68   1.15   2.81   3.93   4.16   3.71   3.01
  150   3.46   3.20   3.51   3.69   3.19   1.87  -0.26  -4.08   0.00   0.00   0.00   0.00   0.43   1.72   2.94   3.94   4.28   4.04   3.46
  140   3.91   3.51   3.56   3.79   3.38   2.40   0.75  -2.49   0.00   0.00   0.00   0.00   1.54   2.28   3.07   3.94   4.40   4.37   3.91
  130   4.03   3.56   3.60   3.52   3.15   2.16   0.89  -1.29   0.00   0.00   0.00   0.00   0.25   2.23   2.91   3.57   4.12   4.34   4.03
  120   4.15   3.61   3.65   3.25   2.93   1.92   1.03  -0.10   0.00   0.00   0.00   0.00  -1.03   2.19   2.74   3.20   3.83   4.32   4.15
  110   3.91   3.57   3.46   3.03   2.59   1.32   0.13   0.03   0.00   0.00   0.00   0.00  -1.98   1.44   2.41   2.84   3.43   4.03   3.91
  100   3.67   3.53   3.26   2.80   2.24   0.72  -0.77   0.15   0.00   0.00   0.00   0.00  -2.93   0.68   2.07   2.47   3.03   3.75   3.67
   90   3.55   3.55   3.39   2.95   2.32   0.72  -1.95   0.00   0.00   0.00   0.00   0.00  -2.06   0.66   1.87   2.25   2.73   3.52   3.55
   80   3.43   3.57   3.52   3.09   2.40   0.72  -3.13   0.00   0.00   0.00   0.00  -0.55  -1.19   0.64   1.67   2.02   2.43   3.28   3.43
   70   3.33   3.59   3.73   3.31   2.76   1.74   0.00   0.00   0.00   0.00   0.00   0.12   0.04   1.45   2.15   2.16   2.42   3.09   3.33
   60   3.23   3.61   3.94   3.53   3.12   2.76   0.00   0.00   0.00   0.00   0.00   0.80   1.27   2.26   2.64   2.30   2.41   2.89   3.23
   50   0.00   3.33   0.00   3.48   2.87   0.00   0.00   0.00   0.00   0.00   0.00   0.19   1.68   2.78   0.00   0.00   0.00   0.00   0.00
   40   0.00   3.04   0.00   3.44   2.62   0.00   0.00   0.00   0.00   0.00   0.00  -0.42   2.09   3.30   0.00   0.00   0.00   0.00   0.00
   30   0.00   0.00   0.00   0.00   0.00   0.00   0.00   0.00   0.00   0.00   0.00   0.00   0.00   3.13   0.00   0.00   0.00   0.00   0.00
   20   0.00   0.00   0.00   0.00   0.00   0.00   0.00   0.00   0.00   0.00   0.00   0.00   0.00   2.96   0.00   0.00   0.00   0.00   0.00
   10   0.00   0.00   0.00   0.00   0.00   0.00   0.00   0.00   0.00   0.00   0.00   0.00   0.00   0.00   0.00   0.00   0.00   0.00   0.00
    0   0.00   0.00   0.00   0.00   0.00   0.00   0.00   0.00   0.00   0.00   0.00   0.00   0.00   0.00   0.00   0.00   0.00   0.00   0.00
  -10   0.00   0.00   0.00   0.00   0.00   0.00   0.00   0.00   0.00   0.00   0.00   0.00   0.00   0.00   0.00   0.00   0.00   0.00   0.00
  -20   0.00   0.00   0.00   0.00   0.00   0.00   0.00   0.00   0.00   0.00   0.00   0.00   0.00   0.00   0.00   0.00   0.00   0.00   0.00
  -30   0.00   0.00   0.00   0.00   0.00   0.00   0.00   0.00   0.00   0.00   0.00   0.00   0.00   0.00   0.00   0.00   0.00   0.00   0.00
  -40   0.00   1.76   0.00   0.00   0.00   1.41   0.52  -0.81   0.00   0.00   0.00   0.00   0.00   0.00   3.63   4.06   3.89   3.39   0.00
  -50   0.00   2.08   0.00   0.00   0.00   0.00   0.00  -0.38   0.00   0.00   0.00   0.00   0.00   0.00   3.84   4.08   3.93   3.60   0.00
  -60   3.16   2.40   0.00   0.00   0.00   0.00  -0.52   0.05   0.00   0.00   0.00   0.00   0.00   3.98   4.05   4.10   3.96   3.82   3.16
  -70   3.14   2.48   0.00   0.00   0.00   0.00   0.00  -1.05   0.00   0.00   0.00   0.00   0.00   2.78   3.59   3.67   3.67   3.69   3.14
  -80   3.12   2.57   0.00   0.00   0.00   0.00   0.00  -2.15   0.00   0.00   0.00   0.00  -2.63   1.59   3.13   3.24   3.38   3.57   3.12
  -90   3.37   2.85   0.00   0.00   0.00   0.00   0.00   0.00   0.00   0.00   0.00   0.00  -1.19   1.25   2.84   3.16   3.38   3.58   3.37
 -100   3.62   3.14   2.29   0.00   0.00   0.00   0.00   0.00   0.00   0.00   0.00   2.02   0.25   0.92   2.56   3.09   3.38   3.59   3.62
 -110   3.78   3.48   2.75   0.00   0.00   0.00   0.00   0.00   0.00   0.00   0.00   1.76   1.45   1.72   2.91   3.28   3.50   3.67   3.78
 -120   3.95   3.82   3.21   0.00   0.00   0.00  -2.30   0.00   0.00   0.00   0.00   1.49   2.64   2.53   3.27   3.47   3.63   3.75   3.95
 -130   3.85   3.97   3.33   0.00   0.00   0.00  -1.23   0.00   0.00   0.00   0.00  -0.09   2.54   3.06   3.62   3.75   3.60   3.64   3.85
 -140   3.76   4.12   3.44   2.87   2.03   0.82  -0.16   0.00   0.00   0.00   0.00  -1.66   2.44   3.60   3.96   4.04   3.57   3.53   3.76
 -150   3.40   3.78   3.46   2.84   1.87   0.38  -1.08   0.00   0.00   0.00   0.00  -3.25   1.18   3.15   3.87   3.98   3.54   3.25   3.40
 -160   3.03   3.43   3.47   2.82   1.72  -0.05  -2.00   0.00   0.00   0.00   0.00  -4.83  -0.08   2.71   3.79   3.92   3.51   2.97   3.03
 -170   2.71   3.07   3.33   2.88   1.82  -0.09  -2.44   0.00   0.00   0.00   0.00   0.00  -0.96   1.93   3.44   3.91   3.54   2.90   2.71
 -180   2.39   2.71   3.19   2.95   1.92  -0.14  -2.89   0.00   0.00   0.00   0.00   0.00  -1.84   1.15   3.10   3.89   3.57   2.82   2.39
  180   0.29   0.43   0.35   0.73   0.40   0.31   0.24   0.00   0.00   0.00   0.00   0.00   0.01   0.00   0.00   0.00   0.00   0.00   0.00
  170   0.30   0.23   0.53   0.81   0.45   0.66   0.50   0.21   0.00   0.00   0.00   0.00   0.05   0.00   0.00   0.00   0.00   0.00   0.00
  160   0.18   0.38   0.66   0.60   0.61   0.62   0.41   0.23   0.00   0.00   0.00   0.00   0.08   0.00   0.00   0.00   0.00   0.00   0.00
  150   0.21   0.39   0.41   0.39   0.76   0.61   0.53   0.42   0.00   0.00   0.00   0.00   0.00   0.00   0.00   0.00   0.00   0.00   0.00
  140   0.19   0.05   0.51   0.47   0.58   0.68   0.64   0.57   0.00   0.00   0.00   0.00   0.00   0.00   0.00   0.00   0.00   0.00   0.00
  130   0.24   0.16   0.48   0.47   0.76   0.75   0.96   0.65   0.00   0.00   0.00   0.00   0.00   0.00   0.00   0.00   0.00   0.00   0.00
  120   0.06   0.10   0.15   0.64   0.55   0.98   0.94   0.98   0.00   0.00   0.00   0.00   0.00   0.00   0.00   0.00   0.00   0.00   0.00
  110  -0.27   0.26   0.29   0.46   0.73   1.13   0.96   1.09   0.00   0.00   0.00   0.00   0.00   0.00   0.00   0.00   0.00   0.00   0.00
  100  -0.18   0.15   0.44   0.52   1.04   1.28   1.16   1.39   0.00   0.00   0.00   0.00   0.01   0.00   0.00   0.00   0.00   0.00   0.00
   90  -0.12   0.10   0.26   0.69   0.75   1.43   1.00   1.63   0.00   0.00   0.00   0.00   0.10   0.00   0.00   0.00   0.00   0.00   0.00
   80  -0.14   0.01   0.37   0.72   1.02   1.46   1.00   1.00   0.00   0.00   0.00   0.23   0.20   0.00   0.00   0.00   0.00   0.00   0.00
   70  -0.29   0.33   0.46   0.84   1.34   1.89   2.05   0.50   0.00   0.00   0.00   0.37   0.30   0.00   0.00   0.00   0.00   0.00   0.00
   60  -0.03   0.13   0.50   0.82   1.18   1.79   1.00   0.00   0.00   0.00   0.00   0.52   0.44   0.00   0.00   0.00   0.00   0.00   0.00
   50  -0.24  -0.07   0.50   0.85   1.44   0.23   0.50   0.00   0.00   0.00   0.00   0.71   0.50   0.00   0.00   0.00   0.00   0.00   0.00
   40   0.00  -0.19   0.18   0.76   1.60   0.00   0.00   0.00   0.00   0.00   0.00   0.90   0.56   0.00   0.00   0.00   0.00   0.00   0.00
   30   0.00  -0.29   0.10   0.00   1.11   0.00   0.00   0.00   0.00   0.00   0.00   0.00   0.59   0.00   0.00   0.00   0.00   0.00   0.00
   20   0.00   0.00   0.00   0.00   0.50   0.00   0.00   0.00   0.00   0.00   0.00   0.00   0.63   0.00   0.00   0.00   0.00   0.00   0.00
   10   0.00   0.00   0.00   0.00   0.00   0.00   0.00   0.00   0.00   0.00   0.00   0.00   0.00   0.00   0.00   0.00   0.00   0.00   0.00
    0   0.00   0.00   0.00   0.00   0.00   0.00   0.00   0.00   0.00   0.00   0.00   0.00   0.00   0.00   0.00   0.00   0.00   0.00   0.00
  -10   0.00   0.00   0.00   0.00   0.00   0.00   0.00   0.00   0.00   0.00   0.00   0.00   0.00   0.00   0.00   0.00   0.00   0.00   0.00
  -20   0.00   0.00   0.00   0.00   0.00   0.00   0.00   0.00   0.00   0.00   0.00   0.00   0.00   0.00   0.00   0.00   0.00   0.00   0.00
  -30   0.00   0.00   0.00   0.00   0.03   0.13   0.00  -0.01   0.00   0.00   0.00   0.00   0.00   0.00   0.00   0.00   0.00   0.00   0.00
  -40   0.00   0.00   0.00   0.00  -0.09   0.28  -0.08  -0.77   0.00   0.00   0.00   0.00   0.00   0.00   0.00   0.00   0.00   0.00   0.00
  -50   0.00   0.00   0.00   0.00  -0.43   0.00   0.00  -1.03   0.00   0.00   0.00   0.00   0.00   0.00   0.00   0.00   0.00   0.00   0.00
  -60   0.00   0.00   0.00   0.00   0.00   0.00   0.23  -0.94   0.00   0.00   0.00   0.00   0.00   0.00   0.00   0.00   0.00   0.00   0.00
  -70   0.00   0.00   0.00   0.00   0.00   0.00   0.00   0.00   0.00   0.00   0.00   0.00   0.00   0.00   0.00   0.00   0.00   0.00   0.00
  -80   0.00   0.00   0.00   0.00   0.00   0.00   0.00   0.00   0.00   0.00   0.00   0.00   0.00   0.00   0.00   0.00   0.00   0.00   0.00
  -90   0.00   0.00   0.00   0.00   0.00   0.00   0.00   0.00   0.00   0.00   0.00   0.00   0.00   0.00   0.00   0.00   0.00   0.00   0.00
 -100   0.00   0.00   0.00   0.00   0.00   0.00   0.00   0.00   0.00   0.00   0.00   0.00   0.00   0.00   0.00   0.00   0.00   0.00   0.00
 -110   0.00   0.00   0.00   0.00   0.00   0.00   0.00   0.00   0.00   0.00   0.00   0.00   0.00   0.00   0.00   0.00   0.00   0.00   0.00
 -120   0.00   0.00   0.00   0.00   0.00   0.00   0.00   0.00   0.00   0.00   0.00   0.00   0.00   0.00   0.00   0.00   0.00   0.00   0.00
 -130   0.00   0.00   0.00   0.00   0.00   0.00   0.00   0.00   0.00   0.00   0.00   0.00   0.00   0.00   0.00   0.00   0.00   0.00   0.00
 -140   0.00   0.00   0.00   0.00   0.00   0.00   0.00   0.00   0.00   0.00   0.00   0.00   0.00   0.00   0.00   0.00   0.00   0.00   0.00
 -150   0.00   0.00   0.00   0.00   0.00   0.00   0.00   0.00   0.00   0.00   0.00   0.00   0.00   0.00   0.00   0.00   0.00   0.00   0.00
 -160   0.00   0.00   0.00   0.00   0.00   0.00   0.00   0.00   0.00   0.00   0.00   0.00   0.00   0.00   0.00   0.00   0.00   0.00   0.00
 -170   0.00   0.00   0.00   0.00   0.00   0.00   0.00   0.00   0.00   0.00   0.00   0.00   0.00   0.00   0.00   0.00   0.00   0.00   0.00
 -180   0.29   0.43   0.35   0.73   0.40   0.31   0.24   0.00   0.00   0.00   0.00   0.00   0.01   0.00   0.00   0.00   0.00   0.00   0.00
