#-----------------------------------------------------------------------------------------------------------------------------------------
#ps\ph  -180   -160   -140   -120   -100   -80  -60  -40  -20   0    20   40   60   80  100  120  140  160  180
#-----------------------------------------------------------------------------------------------------------------------------------------
  180     0.05  -0.09  -0.20  -0.34  -0.20  -0.30  -0.31   0.00   0.00   0.00   0.00   0.00   0.20   0.00   0.00   0.00   0.00   0.00   0.00
  170     0.04  -0.07  -0.12  -0.28  -0.17  -0.29  -0.28  -0.39   0.00   0.00   0.00   0.00   0.19   0.00   0.00   0.00   0.00   0.00   0.00
  160    -0.02  -0.12  -0.07  -0.24  -0.21  -0.31  -0.31  -0.36   0.00   0.00   0.00   0.00   0.18   0.00   0.00   0.00   0.00   0.00   0.00
  150    -0.01  -0.18  -0.09  -0.29  -0.31  -0.33  -0.37  -0.39   0.00   0.00   0.00   0.00   0.00   0.00   0.00   0.00   0.00   0.00   0.00
  140    -0.02  -0.14  -0.12  -0.31  -0.37  -0.40  -0.41  -0.48   0.00   0.00   0.00   0.00   0.00   0.00   0.00   0.00   0.00   0.00   0.00
  130     0.03  -0.07  -0.15  -0.32  -0.35  -0.42  -0.42  -0.59   0.00   0.00   0.00   0.00   0.00   0.00   0.00   0.00   0.00   0.00   0.00
  120     0.04  -0.01  -0.20  -0.33  -0.38  -0.43  -0.42  -0.68   0.00   0.00   0.00   0.00   0.00   0.00   0.00   0.00   0.00   0.00   0.00
  110     0.06   0.04  -0.26  -0.32  -0.43  -0.43  -0.43  -0.60   0.00   0.00   0.00   0.00   0.00   0.00   0.00   0.00   0.00   0.00   0.00
  100     0.06   0.04  -0.29  -0.31  -0.46  -0.41  -0.36  -0.41   0.00   0.00   0.00   0.00  -0.06   0.00   0.00   0.00   0.00   0.00   0.00
   90     0.02   0.01  -0.29  -0.30  -0.47  -0.41  -0.13  -0.22   0.00   0.00   0.00   0.00   0.00   0.00   0.00   0.00   0.00   0.00   0.00
   80    -0.03  -0.04  -0.27  -0.28  -0.45  -0.43  -0.14   0.00   0.00   0.00   0.00  -0.40  -0.08   0.00   0.00   0.00   0.00   0.00   0.00
   70    -0.04  -0.08  -0.24  -0.27  -0.43  -0.42  -0.45   0.00   0.00   0.00   0.00  -0.25   0.00   0.00   0.00   0.00   0.00   0.00   0.00
   60    -0.02  -0.09  -0.18  -0.27  -0.41  -0.39   0.00   0.00   0.00   0.00   0.00  -0.48  -0.15   0.00   0.00   0.00   0.00   0.00   0.00
   50    -0.03  -0.07  -0.09  -0.27  -0.40  -0.12   0.00   0.00   0.00   0.00   0.00  -0.31  -0.17   0.00   0.00   0.00   0.00   0.00   0.00
   40     0.00  -0.02   0.00  -0.24  -0.35   0.00   0.00   0.00   0.00   0.00   0.00  -0.43  -0.24   0.00   0.00   0.00   0.00   0.00   0.00
   30     0.00  -0.07   0.04   0.06  -0.24   0.00   0.00   0.00   0.00   0.00   0.00   0.00  -0.21   0.00   0.00   0.00   0.00   0.00   0.00
   20     0.00   0.00   0.00   0.10   0.07   0.00   0.00   0.00   0.00   0.00   0.00   0.00  -0.21   0.00   0.00   0.00   0.00   0.00   0.00
   10     0.00   0.00   0.00   0.00   0.12   0.00   0.00   0.00   0.00   0.00   0.00   0.00   0.00   0.00   0.00   0.00   0.00   0.00   0.00
    0     0.00   0.00   0.00   0.00   0.12   0.16   0.00   0.00   0.00   0.00   0.00   0.00   0.00   0.00   0.00   0.00   0.00   0.00   0.00
  -10     0.00   0.00   0.00   0.00   0.10   0.14   0.00   0.00   0.00   0.00   0.00   0.00   0.00   0.00   0.00   0.00   0.00   0.00   0.00
  -20     0.00   0.00   0.00   0.00   0.11   0.12   0.23   0.00   0.00   0.00   0.00   0.00   0.00   0.00   0.00   0.00   0.00   0.00   0.00
  -30     0.00   0.00   0.00   0.00  -0.10  -0.07   0.08   0.54   0.00   0.00   0.00   0.00   0.00   0.00   0.00   0.00   0.00   0.00   0.00
  -40     0.00   0.00   0.00   0.00  -0.18  -0.25  -0.02   0.32   0.00   0.00   0.00   0.00   0.00   0.00   0.00   0.00   0.00   0.00   0.00
  -50     0.00   0.00   0.00   0.00  -0.30  -0.14  -0.12   0.06   0.00   0.00   0.00   0.00   0.00   0.00   0.00   0.00   0.00   0.00   0.00
  -60     0.00   0.00   0.00   0.00  -0.09   0.00  -0.21  -0.11   0.00   0.00   0.00   0.00   0.00   0.00   0.00   0.00   0.00   0.00   0.00
  -70     0.00   0.00   0.00   0.00   0.00   0.00   0.00   0.00   0.00   0.00   0.00   0.00   0.00   0.00   0.00   0.00   0.00   0.00   0.00
  -80     0.00   0.00   0.00   0.00   0.00   0.00   0.00   0.00   0.00   0.00   0.00   0.00   0.00   0.00   0.00   0.00   0.00   0.00   0.00
  -90     0.00   0.00   0.00   0.00   0.00   0.00   0.00   0.00   0.00   0.00   0.00   0.00   0.00   0.00   0.00   0.00   0.00   0.00   0.00
 -100     0.00   0.00   0.00   0.00   0.00   0.00   0.00   0.00   0.00   0.00   0.00   0.00   0.00   0.00   0.00   0.00   0.00   0.00   0.00
 -110     0.00   0.00   0.00   0.00   0.00   0.00   0.00   0.00   0.00   0.00   0.00   0.00   0.00   0.00   0.00   0.00   0.00   0.00   0.00
 -120     0.00   0.00   0.00   0.00   0.00   0.00   0.00   0.00   0.00   0.00   0.00   0.00   0.00   0.00   0.00   0.00   0.00   0.00   0.00
 -130     0.00   0.00   0.00   0.00   0.00   0.00   0.00   0.00   0.00   0.00   0.00   0.00   0.00   0.00   0.00   0.00   0.00   0.00   0.00
 -140     0.00   0.00   0.00   0.00   0.00   0.00   0.00   0.00   0.00   0.00   0.00   0.00   0.00   0.00   0.00   0.00   0.00   0.00   0.00
 -150     0.00   0.00   0.00   0.00   0.00   0.00   0.00   0.00   0.00   0.00   0.00   0.00   0.00   0.00   0.00   0.00   0.00   0.00   0.00
 -160     0.00   0.00   0.00   0.00   0.00   0.00   0.00   0.00   0.00   0.00   0.00   0.00   0.00   0.00   0.00   0.00   0.00   0.00   0.00
 -170     0.00   0.00   0.00   0.00   0.00   0.00   0.00   0.00   0.00   0.00   0.00   0.00   0.00   0.00   0.00   0.00   0.00   0.00   0.00
 -180     0.05  -0.09  -0.20  -0.34  -0.20  -0.30  -0.31   0.00   0.00   0.00   0.00   0.00   0.20   0.00   0.00   0.00   0.00   0.00   0.00
  180    -0.93  -1.67  -2.95  -2.38  -3.34  -2.38  -1.73   0.00   0.00   0.00   0.00   0.00  -1.15  -1.54  -2.12  -2.33  -1.95  -1.33  -1.01
  170    -0.34  -1.35  -2.73  -3.53  -3.01  -1.92  -1.23  -0.11   0.00   0.00   0.00   0.00  -1.09  -1.50  -2.00  -2.15  -1.73  -1.10  -0.83
  160     0.33  -0.88  -2.48  -3.30  -2.74  -1.52  -0.72  -0.80   0.00   0.00   0.00   0.00  -1.03  -1.45  -1.90  -1.98  -1.50  -0.88  -0.65
  150     1.19  -0.11  -1.90  -2.86  -2.35  -1.05  -0.15  -0.18   0.00   0.00   0.00   0.00  -0.84  -1.30  -1.74  -1.75  -1.22  -0.55  -0.28
  140     1.91   0.60  -1.34  -2.46  -2.06  -0.72   0.31   0.34   0.00   0.00   0.00   0.00  -0.65  -1.17  -1.57  -1.53  -0.94  -0.23   0.09
  130     2.35   1.14  -0.84  -2.06  -1.82  -0.50   0.62   0.76   0.00   0.00   0.00   0.00  -0.41  -0.97  -1.39  -1.31  -0.69   0.03   0.37
  120     2.53   1.43  -0.56  -1.86  -1.75  -0.43   0.82   1.01   0.00   0.00   0.00   0.00  -0.19  -0.78  -1.20  -1.08  -0.44   0.29   0.66
  110     2.44   1.36  -0.56  -1.93  -1.89  -0.57   0.78   1.12   0.00   0.00   0.00   0.00   0.09  -0.58  -1.01  -0.90  -0.28   0.45   0.82
  100     2.21   1.14  -0.72  -2.10  -2.12  -0.85   0.65   1.16   0.00   0.00   0.00   0.00   1.88  -0.39  -0.83  -0.71  -0.11   0.60   0.98
   90     1.81   0.75  -1.05  -2.39  -2.42  -1.21   0.32  -0.01   0.00   0.00   0.00   0.00   0.47  -0.25  -0.74  -0.64  -0.04   0.68   1.03
   80     1.49   0.46  -1.30  -2.60  -2.59  -1.47   0.08   0.00   0.00   0.00   0.00   1.17   1.27  -0.11  -0.65  -0.56   0.02   0.76   1.07
   70     1.16   0.15  -1.57  -2.78  -2.67  -1.59  -0.93   0.00   0.00   0.00   0.00   0.61   0.47  -0.20  -0.74  -0.69  -0.10   0.68   0.98
   60     1.01   0.02  -1.69  -2.79  -2.58  -1.50   0.00   0.00   0.00   0.00   0.00   0.33   0.59  -0.28  -0.83  -0.81  -0.21   0.59   0.90
   50     0.00  -0.12  -1.29  -2.77  -2.48  -1.21   0.00   0.00   0.00   0.00   0.00   0.18   0.10  -0.48   0.00   0.00   0.00   0.00   0.00
   40     0.00  -0.17  -1.06  -2.67  -2.31   0.00   0.00   0.00   0.00   0.00   0.00   0.07   0.26  -0.68   0.00   0.00   0.00   0.00   0.00
   30     0.00   0.00  -0.85  -1.31  -1.09   0.00   0.00   0.00   0.00   0.00   0.00   0.00   0.00  -0.89   0.00   0.00   0.00   0.00   0.00
   20     0.00   0.00   0.00  -1.14  -0.93   0.00   0.00   0.00   0.00   0.00   0.00   0.00   0.00  -1.10   0.00   0.00   0.00   0.00   0.00
   10     0.00   0.00   0.00   0.00  -0.81   0.00   0.00   0.00   0.00   0.00   0.00   0.00   0.00   0.00   0.00   0.00   0.00   0.00   0.00
    0     0.00   0.00   0.00   0.00  -0.69  -0.20   0.00   0.00   0.00   0.00   0.00   0.00   0.00   0.00   0.00   0.00   0.00   0.00   0.00
  -10     0.00   0.00   0.00   0.00  -0.60  -0.10   0.00   0.00   0.00   0.00   0.00   0.00   0.00   0.00   0.00   0.00   0.00   0.00   0.00
  -20     0.00   0.00   0.00   0.00  -0.52   0.06   0.42   0.00   0.00   0.00   0.00   0.00   0.00   0.00   0.00   0.00   0.00   0.00   0.00
  -30     0.00   0.00   0.00   0.00  -0.34   0.28   0.68   0.70   0.00   0.00   0.00   0.00   0.00   0.00   0.00   0.00   0.00   0.00   0.00
  -40     0.00  -0.18   0.00   0.00  -0.17  -0.41   0.55   0.81   0.00   0.00   0.00   0.00   0.00   0.00  -0.88  -1.15  -0.79  -0.17   0.00
  -50     0.00   0.09   0.00   0.00  -0.14   0.38   0.83   1.07   0.00   0.00   0.00   0.00   0.00   0.00  -0.75  -1.00  -0.63   0.01   0.00
  -60     0.62   0.36   0.00   0.00  -0.33   0.00   0.97   1.19   0.00   0.00   0.00   0.00   0.00  -0.03  -0.62  -0.85  -0.47   0.20   0.62
  -70     0.73   0.45   0.00   0.00   0.00   0.00   0.00   0.59   0.00   0.00   0.00   0.00   0.00  -0.01  -0.62  -0.79  -0.39   0.32   0.73
  -80     0.84   0.54   0.00   0.00   0.00   0.00   0.00   0.79   0.00   0.00   0.00   0.00   0.81   0.01  -0.61  -0.72  -0.30   0.42   0.84
  -90     0.83   0.51   0.00   0.00   0.00   0.00   0.00   0.00   0.00   0.00   0.00   0.00   0.72  -0.05  -0.69  -0.78  -0.30   0.45   0.83
 -100     0.83   0.47  -0.32   0.00   0.00   0.00   0.00   0.00   0.00   0.00   0.00   0.86   0.65  -0.10  -0.77  -0.83  -0.30   0.46   0.83
 -110     0.71   0.36  -0.44   0.00   0.00   0.00   0.00   0.00   0.00   0.00   0.00   0.60   0.41  -0.28  -0.95  -1.04  -0.48   0.31   0.71
 -120     0.60   0.25  -0.56   0.00   0.00   0.00  -0.33   0.00   0.00   0.00   0.00   0.33   0.16  -0.47  -1.14  -1.25  -0.66   0.17   0.60
 -130     0.34   0.05  -0.72   0.00   0.00   0.00  -0.57   0.00   0.00   0.00   0.00   0.02  -0.10  -0.70  -1.39  -1.54  -0.98  -0.14   0.34
 -140     0.09  -0.15  -0.89  -1.60  -1.75  -1.34  -0.82   0.00   0.00   0.00   0.00  -0.29  -0.36  -0.94  -1.63  -1.84  -1.30  -0.43   0.09
 -150    -0.25  -0.46  -1.15  -1.81  -1.90  -1.49  -1.00   0.00   0.00   0.00   0.00  -0.59  -0.60  -1.12  -1.82  -2.07  -1.59  -0.78  -0.25
 -160    -0.59  -0.76  -1.42  -2.03  -2.04  -1.63  -1.18   0.00   0.00   0.00   0.00  -0.89  -0.83  -1.31  -2.01  -2.29  -1.88  -1.12  -0.59
 -170    -0.80  -1.01  -1.66  -2.21  -2.13  -1.67  -1.23   0.00   0.00   0.00   0.00   0.00  -0.99  -1.43  -2.06  -2.31  -1.91  -1.23  -0.80
 -180    -1.01  -1.26  -1.90  -2.38  -2.23  -1.71  -1.29   0.00   0.00   0.00   0.00   0.00  -1.15  -1.54  -2.12  -2.33  -1.95  -1.33  -1.01
  180     0.07  -0.09   0.08  -0.22   0.17   0.17   0.14   0.00   0.00   0.00   0.00   0.00   0.01   0.00   0.00   0.00   0.00   0.00   0.00
  170    -0.10  -0.04   0.02  -0.05   0.08   0.08   0.02  -0.02   0.00   0.00   0.00   0.00  -0.04   0.00   0.00   0.00   0.00   0.00   0.00
  160     0.06  -0.17  -0.14  -0.05  -0.09   0.06   0.12  -0.02   0.00   0.00   0.00   0.00  -0.10   0.00   0.00   0.00   0.00   0.00   0.00
  150     0.01  -0.19  -0.24  -0.18  -0.05   0.07   0.16   0.08   0.00   0.00   0.00   0.00   0.00   0.00   0.00   0.00   0.00   0.00   0.00
  140    -0.10  -0.14  -0.12  -0.16  -0.20  -0.02   0.01   0.18   0.00   0.00   0.00   0.00   0.00   0.00   0.00   0.00   0.00   0.00   0.00
  130    -0.17  -0.20  -0.28  -0.19  -0.16   0.06   0.16   0.20   0.00   0.00   0.00   0.00   0.00   0.00   0.00   0.00   0.00   0.00   0.00
  120    -0.06  -0.12  -0.03  -0.21  -0.14   0.12   0.20   0.31   0.00   0.00   0.00   0.00   0.00   0.00   0.00   0.00   0.00   0.00   0.00
  110    -0.10  -0.01  -0.07  -0.14  -0.11   0.12   0.30   0.55   0.00   0.00   0.00   0.00   0.00   0.00   0.00   0.00   0.00   0.00   0.00
  100     0.11   0.05  -0.06   0.04  -0.14   0.03   0.37   0.66   0.00   0.00   0.00   0.00  -0.44   0.00   0.00   0.00   0.00   0.00   0.00
   90     0.04   0.11   0.12   0.05   0.14   0.33   0.47   0.68   0.00   0.00   0.00   0.00   0.00   0.00   0.00   0.00   0.00   0.00   0.00
   80     0.10   0.18   0.30   0.20   0.24   0.49   0.41   0.00   0.00   0.00   0.00  -0.09   0.12   0.00   0.00   0.00   0.00   0.00   0.00
   70     0.00   0.09   0.21   0.30   0.26   0.52   0.47   0.00   0.00   0.00   0.00  -0.33   0.00   0.00   0.00   0.00   0.00   0.00   0.00
   60    -0.08   0.06   0.25   0.31   0.47   0.79   0.00   0.00   0.00   0.00   0.00  -0.11  -0.07   0.00   0.00   0.00   0.00   0.00   0.00
   50    -0.32  -0.03   0.09   0.39   0.54   0.43   0.00   0.00   0.00   0.00   0.00  -0.33  -0.29   0.00   0.00   0.00   0.00   0.00   0.00
   40     0.00  -0.18   0.07   0.44   0.63   0.00   0.00   0.00   0.00   0.00   0.00   0.12   0.01   0.00   0.00   0.00   0.00   0.00   0.00
   30     0.00  -0.28   0.06   0.19   0.60   0.00   0.00   0.00   0.00   0.00   0.00   0.00  -0.25   0.00   0.00   0.00   0.00   0.00   0.00
   20     0.00   0.00   0.00   0.16   0.28   0.00   0.00   0.00   0.00   0.00   0.00   0.00  -0.21   0.00   0.00   0.00   0.00   0.00   0.00
   10     0.00   0.00   0.00   0.00   0.25   0.00   0.00   0.00   0.00   0.00   0.00   0.00   0.00   0.00   0.00   0.00   0.00   0.00   0.00
    0     0.00   0.00   0.00   0.00   0.14   0.24   0.00   0.00   0.00   0.00   0.00   0.00   0.00   0.00   0.00   0.00   0.00   0.00   0.00
  -10     0.00   0.00   0.00   0.00   0.04   0.07   0.00   0.00   0.00   0.00   0.00   0.00   0.00   0.00   0.00   0.00   0.00   0.00   0.00
  -20     0.00   0.00   0.00   0.00  -0.04   0.04  -0.03   0.00   0.00   0.00   0.00   0.00   0.00   0.00   0.00   0.00   0.00   0.00   0.00
  -30     0.00   0.00   0.00   0.00  -0.33   0.00  -0.03   0.45   0.00   0.00   0.00   0.00   0.00   0.00   0.00   0.00   0.00   0.00   0.00
  -40     0.00   0.00   0.00   0.00  -0.46  -0.17   0.12   0.38   0.00   0.00   0.00   0.00   0.00   0.00   0.00   0.00   0.00   0.00   0.00
  -50     0.00   0.00   0.00   0.00  -0.55  -0.10  -0.07   0.16   0.00   0.00   0.00   0.00   0.00   0.00   0.00   0.00   0.00   0.00   0.00
  -60     0.00   0.00   0.00   0.00  -0.14   0.00  -0.17   0.02   0.00   0.00   0.00   0.00   0.00   0.00   0.00   0.00   0.00   0.00   0.00
  -70     0.00   0.00   0.00   0.00   0.00   0.00   0.00   0.00   0.00   0.00   0.00   0.00   0.00   0.00   0.00   0.00   0.00   0.00   0.00
  -80     0.00   0.00   0.00   0.00   0.00   0.00   0.00   0.00   0.00   0.00   0.00   0.00   0.00   0.00   0.00   0.00   0.00   0.00   0.00
  -90     0.00   0.00   0.00   0.00   0.00   0.00   0.00   0.00   0.00   0.00   0.00   0.00   0.00   0.00   0.00   0.00   0.00   0.00   0.00
 -100     0.00   0.00   0.00   0.00   0.00   0.00   0.00   0.00   0.00   0.00   0.00   0.00   0.00   0.00   0.00   0.00   0.00   0.00   0.00
 -110     0.00   0.00   0.00   0.00   0.00   0.00   0.00   0.00   0.00   0.00   0.00   0.00   0.00   0.00   0.00   0.00   0.00   0.00   0.00
 -120     0.00   0.00   0.00   0.00   0.00   0.00   0.00   0.00   0.00   0.00   0.00   0.00   0.00   0.00   0.00   0.00   0.00   0.00   0.00
 -130     0.00   0.00   0.00   0.00   0.00   0.00   0.00   0.00   0.00   0.00   0.00   0.00   0.00   0.00   0.00   0.00   0.00   0.00   0.00
 -140     0.00   0.00   0.00   0.00   0.00   0.00   0.00   0.00   0.00   0.00   0.00   0.00   0.00   0.00   0.00   0.00   0.00   0.00   0.00
 -150     0.00   0.00   0.00   0.00   0.00   0.00   0.00   0.00   0.00   0.00   0.00   0.00   0.00   0.00   0.00   0.00   0.00   0.00   0.00
 -160     0.00   0.00   0.00   0.00   0.00   0.00   0.00   0.00   0.00   0.00   0.00   0.00   0.00   0.00   0.00   0.00   0.00   0.00   0.00
 -170     0.00   0.00   0.00   0.00   0.00   0.00   0.00   0.00   0.00   0.00   0.00   0.00   0.00   0.00   0.00   0.00   0.00   0.00   0.00
 -180     0.07  -0.09   0.08  -0.22   0.17   0.17   0.14   0.00   0.00   0.00   0.00   0.00   0.01   0.00   0.00   0.00   0.00   0.00   0.00
