#-----------------------------------------------------------------------------------------------------------------------------------------
#ps\ph  -180   -160   -140   -120   -100   -80    -60    -40    -20     0      20     40     60     80    100    120    140    160    180
#-----------------------------------------------------------------------------------------------------------------------------------------
  180     4.05   3.80   3.29   3.79   4.04   3.94   3.22   2.75   0.00   0.00   0.00   0.00   1.47   0.00   0.00   0.00   0.00   0.00   0.00
  170     3.55   3.86   3.20   3.62   4.01   3.90   3.45   3.00   0.00   0.00   0.00   0.50   1.48   0.00   0.00   0.00   0.00   0.00   0.00
  160     3.65   3.42   3.09   3.47   3.97   3.87   3.67   3.00   0.00   0.00   0.00   0.50   1.49   0.00   0.00   0.00   0.00   0.00   0.00
  150     3.65   3.52   2.98   3.39   3.92   3.82   3.73   3.25   0.00   0.00   0.00   1.00   1.62   0.00   0.00   0.00   0.00   0.00   0.00
  140     3.65   3.63   2.87   3.31   3.88   3.75   3.78   3.40   0.00   0.00   0.00   1.00   1.75   0.00   0.00   0.00   0.00   0.00   0.00
  130     3.65   3.64   2.77   3.22   3.73   3.71   3.72   3.50   0.00   0.00   0.00   1.50   1.95   0.00   0.00   0.00   0.00   0.00   0.00
  120     3.15   3.65   2.67   3.12   3.59   3.66   3.66   3.75   0.00   0.00   0.00   1.50   2.14   0.50   0.00   0.00   0.00   0.00   0.00
  110     3.15   3.15   2.61   3.07   3.46   3.60   3.60   3.25   0.00   0.00   0.00   2.00   2.37   1.00   0.00   0.00   0.00   0.00   0.00
  100     3.15   3.15   2.54   3.02   3.31   3.55   3.55   3.50   0.00   0.00   0.00   3.08   2.60   1.50   0.00   0.00   0.00   0.00   0.00
   90     2.65   3.21   2.46   2.95   3.33   3.56   3.56   3.50   0.00   0.00   0.50   3.19   2.72   1.50   0.00   0.00   0.00   0.00   0.00
   80     2.65   2.76   2.39   2.90   3.34   3.58   3.58   3.00   0.00   0.00   1.00   3.52   2.85   1.50   0.00   0.00   0.00   0.00   0.00
   70     2.65   2.75   2.19   2.42   3.00   2.73   3.50   3.00   0.00   0.00   2.50   3.81   3.06   1.50   0.00   0.00   0.00   0.00   0.00
   60     2.65   2.73   2.19   2.94   2.64   2.31   3.00   2.50   0.00   0.00   3.73   4.10   3.25   1.50   0.00   0.00   0.00   0.00   0.00
   50     2.65   2.70   2.66   2.48   2.92   2.00   2.50   2.50   0.00   0.00   2.50   4.32   3.43   1.00   0.00   0.00   0.00   0.00   0.00
   40     1.50   2.67   2.84   2.02   2.33   1.50   2.00   2.00   0.00   0.00   1.50   4.55   3.60   1.50   0.00   0.00   0.00   0.00   0.00
   30     0.50   1.00   1.50   0.60   2.23   1.00   1.00   1.50   0.00   0.00   0.50   2.50   2.40   2.00   0.00   0.00   0.00   0.00   0.00
   20     0.00   0.50   0.50   0.07   1.91   0.50   0.50   0.50   0.00   0.00   0.00   1.00   2.61   2.00   0.00   0.00   0.00   0.00   0.00
   10     0.00   0.00   0.00   0.00   1.38   0.00   0.00   0.00   0.00   0.00   0.00   2.00   3.00   2.00   0.00   0.00   0.00   0.00   0.00
    0     0.00   0.00   0.00   0.00   0.96   0.00   0.00   0.00   0.00   0.00   0.00   2.00   4.00   3.00   0.00   0.00   0.00   0.00   0.00
  -10     0.00   0.00   0.00   0.00   0.00   0.00   0.00   0.00   0.00   0.00   0.00   3.00   5.00   3.00   0.00   0.00   0.00   0.00   0.00
  -20     0.00   0.00   0.00   0.00   0.01   0.22   0.34   0.33   0.00   0.00   0.00   3.00   5.00   4.00   0.00   0.00   0.00   0.00   0.00
  -30     0.00   0.00   0.00   0.00   0.10   0.06   0.26   0.72   0.00   0.00   0.00   3.00   5.00   4.00   0.00   0.00   0.00   0.00   0.00
  -40     0.00   0.00   0.00   0.00   0.13   0.15   0.38   0.32   0.00   0.00   0.00   4.00   5.00   4.00   0.00   0.00   0.00   0.00   0.00
  -50     0.00   2.00   2.00   1.00   0.14   0.07   0.04   0.36   0.00   0.00   0.00   4.00   5.00   5.00   0.00   0.00   0.00   0.00   0.00
  -60     0.00   2.25   2.00   1.05   0.09   0.05   0.54   0.42   0.00   0.00   0.00   5.00   5.00   5.00   0.00   0.00   0.00   0.00   0.00
  -70     0.00   2.00   2.00   1.00   0.00   0.00   0.00   0.00   0.00   0.00   0.00   5.00   5.00   5.00   0.00   0.00   0.00   0.00   0.00
  -80     0.00   0.00   0.00   0.00   0.00   0.00   0.00   0.00   0.00   0.00   0.00   6.00   5.00   6.00   0.00   0.00   0.00   0.00   0.00
  -90     0.00   0.00   0.00   0.00   0.00   0.00   0.00   0.00   0.00   0.00   0.00   6.00   5.00   6.00   0.00   0.00   0.00   0.00   0.00
 -100     0.00   0.00   0.00   0.00   0.00   0.00   0.00   0.00   0.00   0.00   0.00   7.00   7.00   7.00   0.00   0.00   0.00   0.00   0.00
 -110     0.00   0.00   0.00   0.00   0.00   0.00   0.00   0.00   0.00   0.00   0.00   7.00   7.00   7.00   0.00   0.00   0.00   0.00   0.00
 -120     0.00   0.00   0.00   0.00   0.00   0.00   0.00   0.00   0.00   0.00   0.00   7.00   7.00   7.00   0.00   0.00   0.00   0.00   0.00
 -130     0.00   0.00   0.00   0.00   0.00   0.00   0.00   0.00   0.00   0.00   0.00   7.00   7.00   7.00   0.00   0.00   0.00   0.00   0.00
 -140     0.00   0.00   0.00   0.00   0.00   0.00   0.00   0.00   0.00   0.00   0.00   7.00   7.00   7.00   0.00   0.00   0.00   0.00   0.00
 -150     0.00   0.00   0.00   0.00   0.00   0.00   0.00   0.00   0.00   0.00   0.00   7.00   7.00   7.00   0.00   0.00   0.00   0.00   0.00
 -160     0.00   0.00   0.00   0.00   0.00   0.00   0.00   0.00   0.00   0.00   0.00   7.00   7.00   7.00   0.00   0.00   0.00   0.00   0.00
 -170     0.00   0.00   0.00   0.00   0.00   0.00   0.00   0.00   0.00   0.00   0.00   7.00   7.00   7.00   0.00   0.00   0.00   0.00   0.00
 -180     4.05   3.80   3.29   3.79   4.04   3.94   3.22   2.75   0.00   0.00   0.00   0.00   1.47   0.00   0.00   0.00   0.00   0.00   0.00
  180     0.07   0.97   2.88   3.54   1.96  -1.52  -3.99  -1.00   0.00   0.00   0.00   0.00  -1.90  -1.27   0.42   0.88   1.03  -0.96  -1.08
  170     0.11   0.43   1.96   2.93   2.23  -0.32  -2.19  -3.00   0.00   0.00   0.00   0.00  -2.68  -1.94   1.33   2.56   3.22   2.07   0.28
  160     0.46  -0.11   1.02   2.32   2.50   0.89  -0.38  -4.68   0.00   0.00   0.00   0.00  -3.44  -2.62   2.24   3.25   4.41   3.17   0.62
  150     0.80  -0.02   0.85   2.10   2.59   1.70   0.57  -3.21   0.00   0.00   0.00   0.00  -4.12  -2.79   2.19   3.39   4.71   3.57   0.95
  140     1.12   0.07   0.67   1.88   2.67   2.51   1.23  -1.75   0.00   0.00   0.00   0.00  -4.81  -2.98   2.12   3.54   5.01   3.96   1.27
  130     1.05   0.01   0.83   2.05   2.68   2.42   1.55  -0.28   0.00   0.00   0.00   0.00  -5.14  -3.32   1.73   3.97   4.25   3.25   0.86
  120     0.65  -0.05   0.98   2.23   2.69   2.33   1.88   0.19   0.00   0.00   0.00   0.00  -5.48  -3.66   1.33   3.42   3.51   2.55   0.46
  110     0.03  -0.33   1.16   2.54   2.80   1.96   1.02  -0.15   0.00   0.00   0.00   0.00  -5.92  -2.80   0.78   2.48   3.33   1.38  -0.37
  100    -0.80  -0.59   1.34   2.86   2.91   1.59   0.18  -0.49   0.00   0.00   0.00   0.00  -5.36  -2.94   0.23   2.54   2.16   0.21  -1.20
   90    -1.47  -0.58   1.72   3.45   3.56   2.10  -0.15  -0.50   0.00   0.00   0.00   0.00  -4.35  -2.82  -0.24   1.71   1.15  -0.73  -1.70
   80    -1.97  -0.57   2.12   4.04   4.22   2.59  -0.48   0.00   0.00   0.00   0.00   0.20  -1.32  -0.69   0.71   0.88   0.14  -1.67  -2.20
   70    -2.08   0.02   2.86   4.83   5.19   4.42   0.52   0.00   0.00   0.00   0.00  -1.32  -1.24  -0.30   0.82   0.62  -0.09  -1.74  -1.99
   60    -1.86   0.60   3.61   5.62   6.15   4.25   1.66   0.00   0.00   0.00   0.00  -0.83  -1.17   0.92   0.91   0.36  -0.31  -1.81  -1.78
   50    -1.10   1.33   1.51   6.01   5.52   3.00   1.00   0.00   0.00   0.00   0.00  -0.12  -0.36   0.44   0.50   1.00   0.00   0.00   0.00
   40    -1.00   2.06   1.78   6.41   5.88   2.50   0.50   0.00   0.00   0.00   0.00  -0.40  -0.55   0.96   1.00   1.00   0.00   0.00   0.00
   30    -0.50   0.50   1.00   5.15   4.50   2.00   0.00   0.00   0.00   0.00   0.00  -0.50  -0.50   0.37   2.00   2.00   0.00   0.00   0.00
   20     0.00   1.00   0.50   4.89   3.00   1.50   0.00   0.00   0.00   0.00   0.00   0.00   2.00   0.38   1.00   2.00   0.00   0.00   0.00
   10     0.00   1.00  -3.00   3.00   2.50  -1.00   0.00   0.00   0.00   0.00   0.00   0.00   0.00   0.50   1.00   1.50  -1.00   0.00   0.00
    0     0.00   1.00   1.00  -1.50   1.00  -1.00   0.00   0.00   0.00   0.00   0.00   0.00   0.00   1.00   0.50   1.00  -1.00   0.00   0.00
  -10     0.00   1.00   1.00   1.00  -1.00  -1.50  -0.50   0.00   0.00   0.00   0.00   0.00   0.00   3.00   0.00   1.50   0.50   0.00   0.00
  -20     0.00   0.00   0.00   0.00  -1.00  -1.94  -1.26  -0.50   0.00   0.00   0.00   0.00   0.00   3.00   3.50   2.22   1.00   0.00   0.00
  -30     0.00   0.00   0.00   0.00  -1.00  -1.00  -1.42  -1.00   0.00   0.00   0.00   0.00   0.00   2.50   3.00   0.41   1.50   0.50   0.00
  -40     0.00   0.33   0.00   0.00  -0.36  -0.76  -0.86  -0.75   0.00   0.00   0.00   0.00   0.00   1.00   3.12   3.05   4.81   2.09   0.00
  -50     0.00  -0.76   0.00   0.00  -0.45  -1.23  -1.75  -1.68   0.00   0.00   0.00   0.00   0.00   1.50   2.90   3.49   3.92   1.14  -0.50
  -60    -1.44  -1.82  -0.33  -0.04  -0.54  -1.39  -2.65  -2.60   0.00   0.00   0.00   0.00   0.00   1.53   2.68   2.92   3.03   0.18  -1.88
  -70    -2.16  -1.83  -0.21   0.11  -0.48  -0.59  -2.44  -3.14   0.00   0.00   0.00   0.00  -0.50   2.23   1.83   2.23   2.14  -0.54  -2.26
  -80    -2.53  -1.84  -0.09   0.26  -0.43   1.79  -2.96  -3.69   0.00   0.00   0.00   0.00   0.32   2.44   1.98   2.54   1.26  -1.28  -2.63
  -90    -2.37  -1.00   0.39   0.64  -0.25   1.87  -2.52   0.00   0.00   0.00   0.00   0.50   0.16   2.27   0.44   2.06   1.06  -1.27  -2.19
 -100    -1.92  -0.15   2.00   1.02  -0.07   1.96  -2.07   0.00   0.00   0.00   0.00   0.65   0.29   2.11   0.91   1.58   0.86  -1.25  -1.75
 -110    -1.20   1.05   3.17   1.41   0.17   1.92  -2.36   0.00   0.00   0.00   0.00   1.87   1.30   1.68   0.91   1.37   0.78  -0.86  -0.85
 -120    -0.32   2.26   4.34   1.80   0.40   0.88  -3.38   0.00   0.00   0.00   0.00   2.09   4.42   2.23   0.91   0.15   0.71  -0.59  -0.03
 -130     0.36   3.00   5.03   2.05   0.52   0.88  -3.03   0.00   0.00   0.00   0.00   2.56   3.62   0.28   1.00   0.08   0.59  -0.53  -0.56
 -140     0.89   3.73   5.71   5.21   1.91   0.88  -3.68   0.00   0.00   0.00   0.00   1.21   3.02   0.33   1.11   0.00   0.48  -0.49  -1.09
 -150     0.96   3.38   5.45   5.04   1.91   0.91  -3.07   0.00   0.00   0.00   0.00   0.85   1.04  -0.42  -0.01   0.27   0.73  -0.49  -0.82
 -160     0.70   3.02   5.18   7.87   1.91  -0.75  -3.47   0.00   0.00   0.00   0.00   0.50   0.95  -1.50  -1.92   0.55   0.98  -0.49  -0.56
 -170     0.39   1.99   4.03   4.20   1.93  -1.13  -3.73   0.00   0.00   0.00   0.00   0.00  -0.92  -2.11  -1.67   0.21   1.00  -1.39  -1.24
 -180     0.07   0.97   2.88   3.54   1.96  -1.52  -3.99   0.00   0.00   0.00   0.00   0.00  -1.90  -2.27  -4.42   0.88   1.03  -2.96  -1.08
  180    -1.00  -0.54  -0.65  -1.32  -2.31  -3.88   1.90   3.00   0.00   0.00   0.00  -0.50  -4.30  -1.00   0.00  -1.00  -2.00  -1.00   0.00
  170    -0.50  -0.46  -0.27  -0.97  -1.85  -3.32   1.09   3.50   0.00   0.00   0.00  -2.00  -4.36  -2.50   2.00  -1.00  -2.00  -1.00   0.00
  160     0.00  -0.38   0.11  -0.62  -1.41  -2.75   0.27   3.50   0.00   0.00   0.00  -3.00  -4.42  -2.00   2.00  -1.00  -2.00  -1.00   0.00
  150     0.50   0.91   1.60   0.91   0.29  -0.64   0.92   2.50   0.00   0.00   0.00  -2.00  -2.65  -1.50   2.00  -1.00  -2.00  -1.00   0.00
  140     1.50   2.69   3.08   2.44   1.98   1.49   0.43   2.00   0.00   0.00   0.00  -1.00  -0.88  -1.00   2.00   0.00  -2.00  -1.00   0.00
  130     3.00   4.32   4.19   3.52   3.52   2.90   3.99   1.50   0.00   0.00   0.00   0.50   0.56  -0.50   3.00   0.00   0.00   0.00   0.00
  120     4.50   5.45   5.30   4.62   5.06   3.32   4.56   4.00   0.00   0.00   0.50   1.50   2.00   0.00   3.00   0.00   0.00   0.00   0.00
  110     5.50   5.43   5.28   4.43   5.16   4.86   5.78   7.50   0.00   0.00   1.50   2.00   1.86   0.00   3.00   0.00   0.00   0.00   0.00
  100     5.00   5.42   5.25   4.25   5.25   5.38   6.01   6.50   0.00   0.00   1.00   2.54   1.73   0.00   1.00   0.00   0.00   0.00   0.00
   90     3.50   4.42   4.05   3.10   3.96   6.89   6.82   5.50   0.00   0.00   0.50   1.29   0.71   0.00   0.00   0.00   0.00   0.00   0.00
   80     2.50   2.94   2.84   1.94   2.67   5.40   6.14   4.50   0.00   0.00   0.00  -0.18  -0.30  -0.50   0.00   0.00   0.00   0.00   0.00
   70     1.50   1.65   1.41   0.84   1.30   4.10   5.00   3.50   0.00   0.00  -0.50  -1.65  -1.77  -1.00   0.00   0.00   0.00   0.00   0.00
   60     0.50   0.36   0.28  -0.25  -0.06   3.58   4.00   2.50   0.00   0.00  -0.93  -2.12  -1.23  -1.50   0.00   0.00   0.00   0.00   0.00
   50    -0.50  -0.60  -0.06  -0.48  -0.54   2.50   3.00   1.50   0.00   0.00  -1.00  -2.59  -1.13  -1.00   0.00   0.00   0.00   0.00   0.00
   40     0.00  -1.56  -0.60  -0.71  -0.92   1.50   2.00   1.00   0.00   0.00  -0.50  -1.06  -2.02  -0.50   0.00   0.00   0.00   0.00   0.00
   30     0.00   0.00   0.50  -1.12  -1.15   0.50   1.00   0.50   0.00   0.00   0.00  -0.50  -1.02  -1.00  -1.00   0.00   0.00   0.00   0.00
   20     0.00   0.00   0.00  -1.44   0.63   0.00   0.50   0.00   0.00   0.00   0.00  -0.00  -0.39  -3.00  -2.00   0.00   0.00   0.00   0.00
   10     0.00   0.00   0.00  -0.50   1.69   0.50  -0.50   0.00   0.00   0.00   0.00   0.00   1.00  -3.00  -2.00   0.00   0.00   0.00   0.00
    0     0.00   0.00   0.00   0.00   1.35   1.00  -1.00  -0.50   0.00   0.00   0.00   1.00  -2.00  -2.00  -2.00   0.00   0.00   0.00   0.00
  -10     0.00   0.00   0.00   1.00   1.50   1.50  -1.50  -1.00   0.00   0.00   0.00   0.00  -2.00  -2.00  -2.00   0.00   0.00   0.00   0.00
  -20     0.00   0.00   0.00   2.50   1.26   1.10  -1.08  -1.50  -0.50   0.00   0.00   0.00  -1.00  -2.00  -2.00   0.00   0.00   0.00   0.00
  -30     0.00  -0.50   0.50   3.00   1.75   1.35  -1.54  -1.93  -1.00   0.00   0.00   0.00   0.00   0.00   0.00   0.00   0.00   0.00   0.00
  -40    -0.50  -1.50   1.50   3.50   2.26   1.72  -1.38  -1.26  -1.00   0.00   0.00   0.00   0.00   0.00   0.00   0.00   0.00   0.00   0.00
  -50    -1.00  -1.50   1.50   3.00   1.25   1.61  -1.09  -1.63  -1.00   0.00   0.00   0.00   0.00   0.00   0.00   0.00   0.00   0.00   0.00
  -60    -1.00  -1.50   1.50   3.50   1.46   1.78  -1.68  -1.25  -1.00   0.00   0.00   0.00   0.00   0.00   0.00   0.00   0.00   0.00   0.00
  -70    -1.50  -1.50   1.50   3.50   1.50   2.00  -1.00  -1.00  -1.00   0.00   0.00   0.00   0.00   0.00   0.00   0.00   0.00   0.00   0.00
  -80    -0.50  -1.00   1.00   4.00   2.50   2.50  -0.50  -1.00  -0.50   0.00   0.00   0.00   0.00   0.00   0.00   0.00   0.00   0.00   0.00
  -90     0.00   0.00   0.00   5.00   3.00   3.00   0.00   0.00   0.00   0.00   0.00   0.00   0.00   0.00   0.00   0.00   0.00   0.00   0.00
 -100     0.00   0.00   0.00   5.00   4.00   4.00   0.00   0.00   0.00   0.00   0.00   0.00   0.00   0.00   0.00   0.00   0.00   0.00   0.00
 -110     0.00   0.00   0.00   5.00   5.00   5.00   0.00   0.00   0.00   0.00   0.00   0.00   0.00   0.00   0.00   0.00   0.00   0.00   0.00
 -120     0.00   0.00   0.00   5.00   5.00   5.00   0.00   0.00   0.00   0.00   0.00   0.00   0.00   0.00   0.00   0.00   0.00   0.00   0.00
 -130     0.00   0.00   0.00   5.00   5.00   5.00   0.00   0.00   0.00   0.00   0.00   0.00   0.00   0.00   0.00   0.00   0.00   0.00   0.00
 -140     0.00   0.00   0.00   5.00   5.00   5.00   0.00   0.00   0.00   0.00   0.00   0.00   0.00   0.00   0.00   0.00   0.00   0.00   0.00
 -150     0.00   0.00   0.00   5.00   5.00   5.00   0.00   0.00   0.00   0.00   0.00   0.00   0.00   0.00   0.00   0.00   0.00   0.00   0.00
 -160     0.00   0.00   0.00   5.00   5.00   5.00   0.00   0.00   0.00   0.00   0.00   0.00   0.00   0.00   0.00   0.00   0.00   0.00   0.00
 -170     0.00   0.00   0.00   5.00   5.00   5.00   0.00   0.00   0.00   0.00   0.00   0.00   0.00   0.00   0.00   0.00   0.00   0.00   0.00
 -180    -1.00  -0.54  -0.65  -1.32  -2.31  -3.88  -5.90   3.00   0.00   0.00   0.00  -0.50  -4.30  -1.00   0.00  -1.00  -2.00  -1.00   0.00
