#-----------------------------------------------------------------------------------------------------------------------------------------
#ps\ph  -180   -160   -140   -120   -100   -80    -60    -40    -20     0      20     40     60     80    100    120    140    160    180
#-----------------------------------------------------------------------------------------------------------------------------------------
  180     1.21   0.54  -0.10  -0.25   0.38   0.90   0.35   0.00   0.00   0.00   0.00   0.00  -0.27   0.00   0.00   0.00   0.00   0.00   0.00
  170     1.23   0.47  -0.24  -0.29   0.15   0.79   0.49  -2.16   0.00   0.00   0.00   0.00  -0.47   0.00   0.00   0.00   0.00   0.00   0.00
  160     1.20   0.40  -0.36  -0.48  -0.04   0.72   0.68  -1.34   0.00   0.00   0.00   0.00  -0.67   0.00   0.00   0.00   0.00   0.00   0.00
  150     1.20   0.44  -0.36  -0.57  -0.15   0.65   0.91  -0.64   0.00   0.00   0.00   0.00  -0.50   0.00   0.00   0.00   0.00   0.00   0.00
  140     1.22   0.42  -0.36  -0.57  -0.17   0.65   1.15  -0.01   0.00   0.00   0.00   0.00  -0.50   0.00   0.00   0.00   0.00   0.00   0.00
  130     1.05   0.35  -0.35  -0.56  -0.18   0.68   1.38   0.57   0.00   0.00   0.00   0.00  -0.50   0.00   0.00   0.00   0.00   0.00   0.00
  120     0.96   0.26  -0.34  -0.53  -0.17   0.92   1.61   1.15   0.00   0.00   0.00   0.00  -0.50   0.00   0.00   0.00   0.00   0.00   0.00
  110     0.80   0.16  -0.33  -0.46  -0.07   1.03   1.86   1.73   0.00   0.00   0.00   0.00  -0.50   0.00   0.00   0.00   0.00   0.00   0.00
  100     0.66   0.10  -0.33  -0.33   0.14   1.17   2.03   2.23   0.00   0.00   0.00   0.00  -0.69   0.00   0.00   0.00   0.00   0.00   0.00
   90     0.57   0.09  -0.32  -0.18   0.43   1.48   1.21   2.09   0.00   0.00   0.00  -0.50  -0.50   0.00   0.00   0.00   0.00   0.00   0.00
   80     0.57   0.12  -0.32  -0.03   0.79   1.98   1.06   1.00   0.00   0.00   0.00  -0.28   0.05   0.00   0.00   0.00   0.00   0.00   0.00
   70     0.67   0.20  -0.30   0.08   1.14   2.69   1.48   0.50   0.00   0.00   0.00  -0.26   0.35   0.00   0.00   0.00   0.00   0.00   0.00
   60     0.81   0.34  -0.23   0.15   1.44   3.42   1.00   0.00   0.00   0.00   0.00  -0.17   0.03   0.00   0.00   0.00   0.00   0.00   0.00
   50     0.65   0.51  -0.12   0.19   1.55   1.62   0.50   0.00   0.00   0.00   0.00  -0.48   0.11   0.00   0.00   0.00   0.00   0.00   0.00
   40     0.25   0.64  -0.01   0.18   1.46   1.00   0.00   0.00   0.00   0.00   0.00  -0.16   0.25   0.00   0.00   0.00   0.00   0.00   0.00
   30     0.00   0.35   0.06   0.36   1.29   0.50   0.00   0.00   0.00   0.00   0.00   0.00  -0.27   0.00   0.00   0.00   0.00   0.00   0.00
   20     0.00   0.25   0.25   0.57   0.88   0.25   0.00   0.00   0.00   0.00   0.00   0.00  -0.20   0.00   0.00   0.00   0.00   0.00   0.00
   10     0.00   0.00   0.25   0.50   0.78   0.50   0.00   0.00   0.00   0.00   0.00   0.00   0.00   0.00   0.00   0.00   0.00   0.00   0.00
    0     0.00   0.00   0.00   0.25   0.63   1.11   0.25   0.00   0.00   0.00   0.00   0.00   0.00   0.00   0.00   0.00   0.00   0.00   0.00
  -10     0.00   0.00   0.00   0.00  -0.05   0.96   0.50   0.50   0.00   0.00   0.00   0.00   0.00   0.00   0.00   0.00   0.00   0.00   0.00
  -20     0.00   0.00   0.00  -0.50  -0.76   0.81   1.19   1.00   0.00   0.00   0.00   0.00   0.00   0.00   0.00   0.00   0.00   0.00   0.00
  -30     0.00   0.00   0.00  -0.50  -1.16   0.14   1.07   1.50   0.00   0.00   0.00   0.00   0.00   0.00   0.00   0.00   0.00   0.00   0.00
  -40     0.00   0.00   0.00  -0.50  -1.35  -0.24   1.30   1.06   0.00   0.00   0.00   0.00   0.00   0.00   0.00   0.00   0.00   0.00   0.00
  -50     0.00   0.00   0.00  -0.50  -1.46   0.39   0.87   0.66   0.00   0.00   0.00   0.00   0.00   0.00   0.00   0.00   0.00   0.00   0.00
  -60     0.00   0.00   0.00   0.00  -0.68   0.00   0.54   0.48   0.00   0.00   0.00   0.00   0.00   0.00   0.00   0.00   0.00   0.00   0.00
  -70     0.00   0.00   0.00   0.00   0.00   0.00   0.50   0.50   0.00   0.00   0.00   0.00   0.00   0.00   0.00   0.00   0.00   0.00   0.00
  -80     0.00   0.00   0.00   0.00   0.00   0.00   0.25   0.25   0.00   0.00   0.00   0.00   0.00   0.00   0.00   0.00   0.00   0.00   0.00
  -90     0.00   0.00   0.00   0.00   0.00   0.00   0.00   0.00   0.00   0.00   0.00   0.00   0.00   0.00   0.00   0.00   0.00   0.00   0.00
 -100     0.00   0.00   0.00   0.00   0.00   0.00   0.00   0.00   0.00   0.00   0.00   0.00   0.00   0.00   0.00   0.00   0.00   0.00   0.00
 -110     0.00   0.00   0.00   0.00   0.00   0.00   0.00   0.00   0.00   0.00   0.00   0.00   0.00   0.00   0.00   0.00   0.00   0.00   0.00
 -120     0.00   0.00   0.00   0.00   0.00   0.00   0.00   0.00   0.00   0.00   0.00   0.00   0.00   0.00   0.00   0.00   0.00   0.00   0.00
 -130     0.00   0.00   0.00   0.00   0.00   0.00   0.00   0.00   0.00   0.00   0.00   0.00   0.00   0.00   0.00   0.00   0.00   0.00   0.00
 -140     0.00   0.00   0.00   0.00   0.00   0.00   0.00   0.00   0.00   0.00   0.00   0.00   0.00   0.00   0.00   0.00   0.00   0.00   0.00
 -150     0.00   0.00   0.00   0.00   0.00   0.00   0.00   0.00   0.00   0.00   0.00   0.00   0.00   0.00   0.00   0.00   0.00   0.00   0.00
 -160     0.00   0.00   0.00   0.00   0.00   0.00   0.00   0.00   0.00   0.00   0.00   0.00   0.00   0.00   0.00   0.00   0.00   0.00   0.00
 -170     0.00   0.00   0.00   0.00   0.00   0.00   0.00   0.00   0.00   0.00   0.00   0.00   0.00   0.00   0.00   0.00   0.00   0.00   0.00
 -180     1.21   0.54  -0.10  -0.25   0.38   0.90   0.35   0.00   0.00   0.00   0.00   0.00  -0.27   0.00   0.00   0.00   0.00   0.00   0.00
  180     0.69   0.89   1.52   1.66   0.83  -1.07  -3.85   0.00   0.00   0.00   0.00   0.00  -3.48  -0.58   1.22   1.98   1.57   0.98   0.55
  170     0.70   0.95   1.60   1.88   1.28  -0.38  -2.99   0.00   0.00   0.00   0.00   0.00  -2.82  -0.56   1.02   1.95   1.84   1.32   0.85
  160     1.00   1.03   1.68   2.09   1.70   0.34  -2.12  -6.42   0.00   0.00   0.00   0.00  -2.16  -0.55   0.83   1.92   2.12   1.66   1.15
  150     1.37   1.36   1.73   2.09   1.83   0.83  -1.15  -4.81   0.00   0.00   0.00   0.00  -1.03   0.04   1.00   1.91   2.17   1.95   1.56
  140     1.79   1.69   1.78   2.09   1.96   1.32  -0.17  -3.21   0.00   0.00   0.00   0.00   0.10   0.61   1.17   1.89   2.22   2.23   1.99
  130     2.05   1.74   1.80   1.86   1.65   0.97  -0.06  -2.04   0.00   0.00   0.00   0.00  -1.13   0.60   1.06   1.58   1.98   2.21   2.08
  120     2.14   1.79   1.83   1.64   1.35   0.61   0.05  -0.87   0.00   0.00   0.00   0.00  -2.35   0.59   0.94   1.27   1.74   2.20   2.16
  110     2.04   1.71   1.72   1.47   1.04   0.05  -0.92  -0.84   0.00   0.00   0.00   0.00  -3.39  -0.11   0.63   0.97   1.41   1.92   2.01
  100     1.89   1.64   1.59   1.31   0.74  -0.52  -1.88  -0.82   0.00   0.00   0.00  -0.50  -4.42  -0.83   0.31   0.67   1.07   1.65   1.86
   90     1.80   1.73   1.69   1.43   0.93  -0.40  -2.98  -0.50   0.00   0.00   0.00  -1.00  -3.56  -0.89   0.17   0.46   0.84   1.50   1.78
   80     1.72   1.83   1.77   1.53   1.11  -0.29  -4.08   0.00   0.00   0.00   0.00  -2.14  -2.70  -0.93   0.02   0.25   0.62   1.36   1.70
   70     1.65   1.84   1.97   1.77   1.49   0.78  -1.75   0.00   0.00   0.00   0.00  -1.43  -1.48  -0.24   0.45   0.44   0.63   1.20   1.61
   60     1.56   1.84   2.15   2.01   1.86   1.83  -0.98   0.00   0.00   0.00   0.00  -0.71  -0.27   0.45   0.89   0.63   0.64   1.04   1.52
   50    -0.09   1.58   0.14   1.95   1.60   0.00  -0.50   0.00   0.00   0.00   0.00  -1.26   0.08   0.95   0.00   0.00   0.00   0.00   0.00
   40     0.00   1.31   0.10   1.88   1.34   0.00   0.00   0.00   0.00   0.00   0.00  -1.81   0.43   1.46   0.00   0.00   0.00   0.00   0.00
   30     0.00   0.00   0.00   0.04   0.00   0.00   0.00   0.00   0.00   0.00   0.00  -1.00  -0.50   1.19   0.00   0.00   0.00   0.00   0.00
   20     0.00   0.00   0.00  -0.09   0.00   0.00   0.00   0.00   0.00   0.00   0.00  -0.50   0.00   0.91   0.00   0.00   0.00   0.00   0.00
   10     0.00   0.00   0.00   0.00   0.00   0.00   0.00   0.00   0.00   0.00   0.00   0.00   0.00  -0.50   0.00   0.00   0.00   0.00   0.00
    0     0.00   0.00   0.00   0.00   0.00   0.00   0.00   0.00   0.00   0.00   0.00   0.00   0.00   0.00   0.00   0.00   0.00   0.00   0.00
  -10     0.00   0.00   0.00   0.00   0.00   0.00  -0.50   0.00   0.00   0.00   0.00   0.00   0.00   0.00   0.00   0.00   0.00   0.00   0.00
  -20     0.00   0.00   0.00   0.00   0.00  -0.32  -1.30   0.00   0.00   0.00   0.00   0.00   0.00   0.00   0.00  -0.41   0.00   0.00   0.00
  -30     0.00   0.00   0.00   0.00   0.00  -0.12  -0.85  -0.50   0.00   0.00   0.00   0.00   0.00   0.00   0.00  -0.20   0.00   0.00   0.00
  -40     0.00   0.88   0.00   0.00   0.19   0.78  -0.14  -1.88   0.00   0.00   0.00   0.00   0.00   0.00   1.80   2.05   2.10   1.58   0.00
  -50     0.00   1.04   0.00   0.00  -0.05  -0.23  -0.61  -1.38   0.00   0.00   0.00   0.00   0.00   0.00   2.03   2.09   2.12   1.77   0.00
  -60     1.58   0.94  -0.47  -0.34  -0.29  -0.53  -1.08  -0.88   0.00   0.00   0.00   0.00   0.00   2.30   2.25   2.13   2.15   1.96   1.49
  -70     1.48   0.99  -0.51  -0.48  -0.51  -0.93  -1.42  -1.87   0.00   0.00   0.00   0.00   0.00   1.14   1.82   1.76   1.90   1.84   1.50
  -80     1.49   1.04  -0.56  -0.62  -0.72  -1.32  -2.01  -2.84   0.00   0.00   0.00   0.00  -3.98  -0.02   1.40   1.39   1.66   1.73   1.51
  -90     1.64   1.23  -0.47  -0.55  -0.69  -1.30  -2.42  -1.00   0.00   0.00   0.00  -0.50  -2.70  -0.31   1.09   1.29   1.58   1.77   1.69
 -100     1.81   1.41   0.76  -0.47  -0.65  -1.28  -2.83  -0.50   0.00   0.00   0.00   0.09  -1.42  -0.61   0.80   1.19   1.52   1.80   1.86
 -110     1.94   1.74   1.18  -0.32  -0.47  -0.93  -2.37   0.00   0.00   0.00   0.00  -0.05  -0.36   0.07   1.10   1.38   1.65   1.85   2.01
 -120     2.10   2.07   1.58  -0.17  -0.29  -0.56  -3.05   0.00   0.00   0.00   0.00  -0.19   0.70   0.76   1.41   1.57   1.77   1.91   2.17
 -130     2.12   2.17   1.75  -0.03  -0.27  -0.54  -1.91   0.00   0.00   0.00   0.00  -1.55   0.63   1.23   1.80   1.82   1.76   1.74   2.04
 -140     2.00   2.27   1.91   1.56   0.76  -0.11  -0.77   0.00   0.00   0.00   0.00  -2.92   0.55   1.69   2.17   2.09   1.74   1.56   1.93
 -150     1.75   1.98   1.91   1.53   0.65  -0.61  -1.76   0.00   0.00   0.00   0.00  -4.54  -0.61   1.29   2.06   2.03   1.65   1.31   1.55
 -160     1.36   1.69   1.90   1.50   0.53  -1.11  -2.75   0.00   0.00   0.00   0.00  -5.67  -1.76   0.90   1.96   1.97   1.56   1.07   1.16
 -170     1.00   1.29   1.72   1.58   0.68  -1.09  -3.29   0.00   0.00   0.00   0.00  -2.00  -2.62   0.15   1.58   1.98   1.56   1.02   0.85
 -180     0.69   0.89   1.52   1.66   0.83  -1.07  -3.85   0.00   0.00   0.00   0.00  -1.00  -3.48  -0.58   1.22   1.98   1.57   0.98   0.55
  180     0.13   0.28   0.32   0.36   0.40   0.43   0.40   0.00   0.00   0.00   0.00   0.00   0.01   0.00   0.00   0.00   0.00   0.00   0.00
  170     0.11   0.15   0.33   0.49   0.39   0.57   0.58   0.43   0.00   0.00   0.00   0.00   0.03   0.00   0.00   0.00   0.00   0.00   0.00
  160     0.08   0.12   0.28   0.38   0.45   0.58   0.49   0.53   0.00   0.00   0.00   0.00   0.04   0.00   0.00   0.00   0.00   0.00   0.00
  150     0.06   0.24   0.20   0.23   0.52   0.37   0.47   0.54   0.00   0.00   0.00   0.00   0.00   0.00   0.00   0.00   0.00   0.00   0.00
  140     0.01   0.03   0.26   0.23   0.31   0.50   0.64   0.56   0.00   0.00   0.00   0.00   0.00   0.00   0.00   0.00   0.00   0.00   0.00
  130     0.07  -0.02   0.22   0.28   0.37   0.52   0.64   0.61   0.00   0.00   0.00   0.00   0.00   0.00   0.00   0.00   0.00   0.00   0.00
  120    -0.05  -0.04   0.06   0.26   0.33   0.52   0.68   0.90   0.00   0.00   0.00   0.00   0.00   0.00   0.00   0.00   0.00   0.00   0.00
  110    -0.17   0.03   0.10   0.21   0.41   0.72   0.66   0.88   0.00   0.00   0.00   0.00   0.00   0.00   0.00   0.00   0.00   0.00   0.00
  100    -0.20  -0.06   0.04   0.22   0.54   0.71   0.71   0.94   0.00   0.00   0.00   0.00   0.41   0.00   0.00   0.00   0.00   0.00   0.00
   90    -0.15   0.01   0.14   0.34   0.33   0.66   0.54   1.10   0.00   0.00   0.00   0.00   0.45   0.00   0.00   0.00   0.00   0.00   0.00
   80    -0.13  -0.02   0.08   0.27   0.47   0.77   0.59   0.50   0.00   0.00   0.00   0.56   0.48   0.00   0.00   0.00   0.00   0.00   0.00
   70    -0.17   0.04   0.18   0.41   0.73   0.90   1.20   0.25   0.00   0.00   0.00   0.64   0.53   0.00   0.00   0.00   0.00   0.00   0.00
   60    -0.13   0.04   0.21   0.34   0.52   0.86   0.50   0.00   0.00   0.00   0.00   0.75   0.59   0.00   0.00   0.00   0.00   0.00   0.00
   50    -0.12  -0.08   0.27   0.33   0.51   0.12   0.25   0.00   0.00   0.00   0.00   0.85   0.61   0.00   0.00   0.00   0.00   0.00   0.00
   40     0.00  -0.16   0.07   0.40   0.80   0.00   0.00   0.00   0.00   0.00   0.00   0.97   0.65   0.00   0.00   0.00   0.00   0.00   0.00
   30     0.00  -0.14  -0.04  -0.04   0.61   0.00   0.00   0.00   0.00   0.00   0.00   0.00   0.29   0.00   0.00   0.00   0.00   0.00   0.00
   20     0.00   0.00   0.00   0.01   0.33   0.00   0.00   0.00   0.00   0.00   0.00   0.00   0.32   0.00   0.00   0.00   0.00   0.00   0.00
   10     0.00   0.00   0.00   0.00   0.17   0.00   0.00   0.00   0.00   0.00   0.00   0.00   0.00   0.00   0.00   0.00   0.00   0.00   0.00
    0     0.00   0.00   0.00   0.00   0.15   0.18   0.00   0.00   0.00   0.00   0.00   0.00   0.00   0.00   0.00   0.00   0.00   0.00   0.00
  -10     0.00   0.00   0.00   0.00   0.43   0.27   0.00   0.00   0.00   0.00   0.00   0.00   0.00   0.00   0.00   0.00   0.00   0.00   0.00
  -20     0.00   0.00   0.00   0.00   0.46   0.34   0.20   0.00   0.00   0.00   0.00   0.00   0.00   0.00   0.00   0.00   0.00   0.00   0.00
  -30     0.00   0.00   0.00   0.00   0.43   0.47   0.34   0.45   0.00   0.00   0.00   0.00   0.00   0.00   0.00   0.00   0.00   0.00   0.00
  -40     0.00   0.00   0.00   0.00   0.26   0.61   0.37   0.01   0.00   0.00   0.00   0.00   0.00   0.00   0.00   0.00   0.00   0.00   0.00
  -50     0.00   0.00   0.00   0.00   0.03   0.34   0.33  -0.12   0.00   0.00   0.00   0.00   0.00   0.00   0.00   0.00   0.00   0.00   0.00
  -60     0.00   0.00   0.00   0.00   0.21   0.00   0.41  -0.16   0.00   0.00   0.00   0.00   0.00   0.00   0.00   0.00   0.00   0.00   0.00
  -70     0.00   0.00   0.00   0.00   0.00   0.00   0.00   0.00   0.00   0.00   0.00   0.00   0.00   0.00   0.00   0.00   0.00   0.00   0.00
  -80     0.00   0.00   0.00   0.00   0.00   0.00   0.00   0.00   0.00   0.00   0.00   0.00   0.00   0.00   0.00   0.00   0.00   0.00   0.00
  -90     0.00   0.00   0.00   0.00   0.00   0.00   0.00   0.00   0.00   0.00   0.00   0.00   0.00   0.00   0.00   0.00   0.00   0.00   0.00
 -100     0.00   0.00   0.00   0.00   0.00   0.00   0.00   0.00   0.00   0.00   0.00   0.00   0.00   0.00   0.00   0.00   0.00   0.00   0.00
 -110     0.00   0.00   0.00   0.00   0.00   0.00   0.00   0.00   0.00   0.00   0.00   0.00   0.00   0.00   0.00   0.00   0.00   0.00   0.00
 -120     0.00   0.00   0.00   0.00   0.00   0.00   0.00   0.00   0.00   0.00   0.00   0.00   0.00   0.00   0.00   0.00   0.00   0.00   0.00
 -130     0.00   0.00   0.00   0.00   0.00   0.00   0.00   0.00   0.00   0.00   0.00   0.00   0.00   0.00   0.00   0.00   0.00   0.00   0.00
 -140     0.00   0.00   0.00   0.00   0.00   0.00   0.00   0.00   0.00   0.00   0.00   0.00   0.00   0.00   0.00   0.00   0.00   0.00   0.00
 -150     0.00   0.00   0.00   0.00   0.00   0.00   0.00   0.00   0.00   0.00   0.00   0.00   0.00   0.00   0.00   0.00   0.00   0.00   0.00
 -160     0.00   0.00   0.00   0.00   0.00   0.00   0.00   0.00   0.00   0.00   0.00   0.00   0.00   0.00   0.00   0.00   0.00   0.00   0.00
 -170     0.00   0.00   0.00   0.00   0.00   0.00   0.00   0.00   0.00   0.00   0.00   0.00   0.00   0.00   0.00   0.00   0.00   0.00   0.00
 -180     0.13   0.28   0.32   0.36   0.40   0.43   0.40   0.00   0.00   0.00   0.00   0.00   0.01   0.00   0.00   0.00   0.00   0.00   0.00
