#-----------------------------------------------------------------------------------------------------------------------------------------
#ps\ph  -180   -160   -140   -120   -100   -80    -60    -40    -20     0      20     40     60     80    100    120    140    160    180
#-----------------------------------------------------------------------------------------------------------------------------------------
  180  -0.10   0.40   0.34   0.53   0.60   1.00   1.50   0.50   0.00   0.00   0.00   0.00   0.34   0.00   0.00   0.00   0.00   0.00   0.00
  170  -0.10   0.28   0.20   0.41   0.42   0.81   1.21   1.00   0.00   0.00   0.00   0.00   0.50   0.00   0.00   0.00   0.00   0.00   0.00
  160  -0.30   0.16   0.05   0.28   0.24   0.62   0.92   1.00   0.00   0.00   0.00   0.00   0.65   0.00   0.00   0.00   0.00   0.00   0.00
  150  -0.30  -0.05   0.02   0.13   0.06   0.43   0.65   0.50   0.00   0.00   0.00   0.00   0.61   0.00   0.00   0.00   0.00   0.00   0.00
  140  -0.30  -0.27   0.00  -0.02  -0.12   0.24   0.38   0.20   0.00   0.00   0.00   0.00   0.58   0.00   0.00   0.00   0.00   0.00   0.00
  130  -0.30  -0.28  -0.02  -0.10  -0.20   0.00   0.21   0.00   0.00   0.00   0.00   0.00   0.40   0.00   0.00   0.00   0.00   0.00   0.00
  120  -0.30  -0.30  -0.04  -0.18  -0.28  -0.23   0.04  -0.50   0.00   0.00   0.00   0.00   0.22   0.00   0.00   0.00   0.00   0.00   0.00
  110  -0.30  -0.30  -0.17  -0.26  -0.41  -0.48  -0.22  -0.50   0.00   0.00   0.00   0.00   0.02   0.00   0.00   0.00   0.00   0.00   0.00
  100  -0.30  -0.29  -0.29  -0.34  -0.54  -0.74  -0.49  -1.00   0.00   0.00   0.00   0.00  -0.19   0.00   0.00   0.00   0.00   0.00   0.00
   90  -0.30  -0.41  -0.35  -0.52  -0.83  -1.02  -0.79  -1.00   0.00   0.00   0.00   0.00  -0.31   0.00   0.00   0.00   0.00   0.00   0.00
   80  -0.30  -0.52  -0.41  -0.71  -1.12  -1.30  -1.09   0.00   0.00   0.00   0.00  -0.45  -0.43   0.00   0.00   0.00   0.00   0.00   0.00
   70  -0.30  -0.49  -0.39  -0.64  -1.08  -1.46   0.00   0.00   0.00   0.00   0.00  -0.83  -0.74   0.00   0.00   0.00   0.00   0.00   0.00
   60  -0.30  -0.46  -0.37  -0.58  -1.03  -1.63   0.00   0.00   0.00   0.00   0.00  -1.22  -1.05   0.00   0.00   0.00   0.00   0.00   0.00
   50  -0.30  -0.40  -0.32  -0.44  -0.85   0.00   0.00   0.00   0.00   0.00   0.00  -1.55  -1.20   0.00   0.00   0.00   0.00   0.00   0.00
   40   0.00  -0.34  -0.26  -0.29  -0.67   0.00   0.00   0.00   0.00   0.00   0.00  -1.89  -1.36   0.00   0.00   0.00   0.00   0.00   0.00
   30   0.00   0.00   0.00  -0.21  -0.45   0.00   0.00   0.00   0.00   0.00   0.00   0.00  -1.80   0.00   0.00   0.00   0.00   0.00   0.00
   20   0.00   0.00   0.00  -0.13  -0.24   0.00   0.00   0.00   0.00   0.00   0.00   0.00  -2.23   0.00   0.00   0.00   0.00   0.00   0.00
   10   0.00   0.00   0.00   0.00   0.00   0.00   0.00   0.00   0.00   0.00   0.00   0.00   0.00   0.00   0.00   0.00   0.00   0.00   0.00
    0   0.00   0.00   0.00   0.00   0.00   0.00   0.00   0.00   0.00   0.00   0.00   0.00   0.00   0.00   0.00   0.00   0.00   0.00   0.00
  -10   0.00   0.00   0.00   0.00   0.00   0.00   0.00   0.00   0.00   0.00   0.00   0.00   0.00   0.00   0.00   0.00   0.00   0.00   0.00
  -20   0.00   0.00   0.00   0.00  -0.03   0.44   0.67   0.66   0.00   0.00   0.00   0.00   0.00   0.00   0.00   0.00   0.00   0.00   0.00
  -30   0.00   0.00   0.00   0.00  -0.20   0.12   0.52   0.56   0.00   0.00   0.00   0.00   0.00   0.00   0.00   0.00   0.00   0.00   0.00
  -40   0.00   0.00   0.00   0.00  -0.26   0.03   0.25   0.37   0.00   0.00   0.00   0.00   0.00   0.00   0.00   0.00   0.00   0.00   0.00
  -50   0.00   0.00   0.00   0.00  -0.28  -0.14   0.09   0.28   0.00   0.00   0.00   0.00   0.00   0.00   0.00   0.00   0.00   0.00   0.00
  -60   0.00   0.50   0.30   0.10  -0.18  -0.10   0.06   0.16   0.00   0.00   0.00   0.00   0.00   0.00   0.00   0.00   0.00   0.00   0.00
  -70   0.00   0.00   0.00   0.00   0.00   0.00   0.00   0.00   0.00   0.00   0.00   0.00   0.00   0.00   0.00   0.00   0.00   0.00   0.00
  -80   0.00   0.00   0.00   0.00   0.00   0.00   0.00   0.00   0.00   0.00   0.00   0.00   0.00   0.00   0.00   0.00   0.00   0.00   0.00
  -90   0.00   0.00   0.00   0.00   0.00   0.00   0.00   0.00   0.00   0.00   0.00   0.00   0.00   0.00   0.00   0.00   0.00   0.00   0.00
 -100   0.00   0.00   0.00   0.00   0.00   0.00   0.00   0.00   0.00   0.00   0.00   0.00   0.00   0.00   0.00   0.00   0.00   0.00   0.00
 -110   0.00   0.00   0.00   0.00   0.00   0.00   0.00   0.00   0.00   0.00   0.00   0.00   0.00   0.00   0.00   0.00   0.00   0.00   0.00
 -120   0.00   0.00   0.00   0.00   0.00   0.00   0.00   0.00   0.00   0.00   0.00   0.00   0.00   0.00   0.00   0.00   0.00   0.00   0.00
 -130   0.00   0.00   0.00   0.00   0.00   0.00   0.00   0.00   0.00   0.00   0.00   0.00   0.00   0.00   0.00   0.00   0.00   0.00   0.00
 -140   0.00   0.00   0.00   0.00   0.00   0.00   0.00   0.00   0.00   0.00   0.00   0.00   0.00   0.00   0.00   0.00   0.00   0.00   0.00
 -150   0.00   0.00   0.00   0.00   0.00   0.00   0.00   0.00   0.00   0.00   0.00   0.00   0.00   0.00   0.00   0.00   0.00   0.00   0.00
 -160   0.00   0.00   0.00   0.00   0.00   0.00   0.00   0.00   0.00   0.00   0.00   0.00   0.00   0.00   0.00   0.00   0.00   0.00   0.00
 -170   0.00   0.00   0.00   0.00   0.00   0.00   0.00   0.00   0.00   0.00   0.00   0.00   0.00   0.00   0.00   0.00   0.00   0.00   0.00
 -180  -0.10   0.40   0.34   0.53   0.60   1.00   1.50   0.50   0.00   0.00   0.00   0.00   0.34   0.00   0.00   0.00   0.00   0.00   0.00
  180  -0.22   0.43   2.41   3.13   1.69   1.83   1.36  -0.00   0.00   0.00   0.00   0.00  -6.35  -1.92   1.57   3.10   2.41   0.50  -0.51
  170  -0.51  -0.09   1.44   2.51   1.95   1.59   1.53  -1.00   0.00   0.00   0.00   0.00  -7.12  -2.54   1.50   3.74   3.53   1.53  -0.19
  160  -0.19  -0.62   0.47   1.89   1.21   1.66   1.69  -0.97   0.00   0.00   0.00   0.00  -7.88  -3.17   1.43   4.38   4.65   2.56   0.13
  150   0.13  -0.58   0.24   1.58   2.19   2.39   2.87  -0.52   0.00   0.00   0.00   0.00  -8.57  -3.40   1.40   4.57   4.94   2.97   0.43
  140   0.43  -0.54   0.00   1.27   2.16   3.12   2.94  -1.07   0.00   0.00   0.00   0.00  -9.26  -3.62   1.37   4.75   5.23   3.37   0.73
  130   0.73  -0.64   0.10   1.33   2.04   2.91   1.19  -1.64   0.00   0.00   0.00   0.00  -9.59  -3.95   0.97   4.19   4.55   2.70   0.35
  120   0.35  -0.73   0.21   1.39   1.93   1.70   1.45  -0.20   0.00   0.00   0.00   0.00  -9.92  -4.27   0.58   3.64   3.88   2.03  -0.02
  110  -0.02  -1.00   0.35   1.66   2.01   1.29   0.49  -0.63   0.00   0.00   0.00   0.00  -9.26  -4.30   0.11   2.79   2.82   0.94  -0.82
  100  -0.82  -1.27   0.49   1.94   2.09   0.88  -0.46  -1.06   0.00   0.00   0.00   0.00  -8.61  -4.32  -0.35   1.93   1.75  -0.15  -1.62
   90  -1.62  -1.27   0.84   2.45   2.67   1.26  -0.85  -1.00   0.00   0.00   0.00   0.00  -7.58  -4.17  -0.76   1.16   0.79  -1.04  -2.09
   80  -2.09  -1.26   1.19   2.96   3.25   1.64  -1.24   0.00   0.00   0.00   0.00  -6.88  -6.55  -4.01  -1.17   0.38  -0.17  -1.94  -2.55
   70  -2.55  -0.73   1.83   3.58   3.97   3.28   1.04   0.00   0.00   0.00   0.00  -5.40  -5.52  -3.65  -1.31   0.09  -0.43  -2.02  -2.37
   60  -2.37  -0.20   2.48   4.21   4.69   4.92   3.31   0.00   0.00   0.00   0.00  -3.91  -4.48  -3.29  -1.44  -0.20  -0.68  -2.10  -2.20
   50  -2.20   0.47   3.02   4.52   4.74   4.00   2.00   0.00   0.00   0.00   0.00  -3.27  -3.71  -2.88  -1.00   0.00   0.00   0.00   0.00
   40  -2.00   1.14   3.56   4.83   4.79   3.00   1.00   0.00   0.00   0.00   0.00  -2.63  -2.94  -2.47   0.00   0.00   0.00   0.00   0.00
   30  -1.00   1.00   2.00   4.30   3.00   2.00   0.00   0.00   0.00   0.00   0.00  -1.00  -1.00  -1.93   0.00   0.00   0.00   0.00   0.00
   20   0.00   0.00   1.00   3.77   2.00   1.00   0.00   0.00   0.00   0.00   0.00   0.00   0.00  -1.38   0.00   0.00   0.00   0.00   0.00
   10   0.00   0.00   0.00   2.00   1.00   0.00   0.00   0.00   0.00   0.00   0.00   0.00   0.00  -1.00   0.00   1.00   0.00   0.00   0.00
    0   0.00   0.00   0.00   1.00   0.00   0.00   0.00   0.00   0.00   0.00   0.00   0.00   0.00   0.00   1.00   2.00   0.00   0.00   0.00
  -10   0.00   0.00   0.00   0.00   0.00  -1.00  -1.00   0.00   0.00   0.00   0.00   0.00   0.00   0.00   2.00   3.00   1.00   0.00   0.00
  -20   0.00   0.00   0.00   0.00   0.00  -1.87  -2.52  -1.00   0.00   0.00   0.00   0.00   0.00   0.00   3.00   4.44   2.00   0.00   0.00
  -30   0.00   0.00   0.00   0.00   0.00  -2.01  -2.84  -2.00   0.00   0.00   0.00   0.00   0.00   1.00   4.00   4.82   3.00   1.00   0.00
  -40   0.00   0.00   0.00   0.00  -0.72  -2.15  -3.15  -3.78   0.00   0.00   0.00   0.00   0.00   2.00   5.13   5.19   4.07   1.59   0.00
  -50   0.00  -1.00   0.00   0.00  -0.90  -2.46  -3.50  -4.07   0.00   0.00   0.00   0.00   0.00   3.00   4.83   4.76   3.46   0.89  -1.00
  -60  -1.00  -1.98  -0.66  -0.07  -1.07  -2.78  -3.86  -4.36   0.00   0.00   0.00   0.00   0.00   3.21   4.53   4.33   2.85   0.20  -1.87
  -70  -1.87  -1.87  -0.42   0.22  -0.96  -3.18  -4.89  -5.54   0.00   0.00   0.00   0.00  -1.00   2.45   3.63   3.60   2.10  -0.37  -2.08
  -80  -2.08  -1.77  -0.17   0.51  -0.86  -3.58  -5.91  -6.72   0.00   0.00   0.00   0.00  -2.49   0.70   2.72   2.87   1.36  -0.94  -2.29
  -90  -2.29  -0.96   0.77   1.27  -0.50  -3.74  -7.03   0.00   0.00   0.00   0.00  -1.00  -1.90   0.43   2.17   2.32   0.96  -1.04  -1.94
 -100  -1.94  -0.15   1.71   2.04  -0.13  -3.91  -8.14   0.00   0.00   0.00   0.00  -2.07  -1.31   0.16   1.62   1.78   0.56  -1.14  -1.59
 -110  -1.59   0.88   2.76   2.82   0.33  -3.83  -8.72   0.00   0.00   0.00   0.00  -1.49  -0.32   0.66   1.63   1.52   0.37  -0.97  -0.90
 -120  -0.90   1.91   3.81   3.61   0.80  -3.75  -9.30   0.00   0.00   0.00   0.00  -0.90   0.66   1.15   1.63   1.25   0.18  -0.80  -0.21
 -130  -0.21   2.53   4.43   4.10   1.04  -3.62  -9.02   0.00   0.00   0.00   0.00  -2.19   0.54   1.45   1.79   1.19   0.05  -0.71   0.20
 -140   0.20   3.14   5.04   4.60   1.27  -3.49  -8.74   0.00   0.00   0.00   0.00  -3.48   0.41   1.75   1.96   1.13  -0.08  -0.63   0.62
 -150   0.62   2.79   4.82   4.47   1.38  -3.38  -8.26   0.00   0.00   0.00   0.00  -5.78  -1.22   1.11   1.95   1.44   0.19  -0.64   0.35
 -160   0.35   2.43   4.59   4.35   1.48  -3.27  -7.78   0.00   0.00   0.00   0.00  -6.08  -2.85   0.47   1.95   1.76   0.45  -0.65   0.07
 -170   0.07   1.43   3.50   3.74   1.58  -2.55  -7.07   0.00   0.00   0.00   0.00  -5.00  -4.60  -0.72   1.76   2.43   1.43  -0.07  -0.22
 -180  -0.22   0.43   2.41   3.13   1.69  -1.83  -6.36   0.00   0.00   0.00   0.00  -4.00  -6.35  -1.92   1.57   3.10   2.41   0.50  -0.51
  180  -4.00  -3.09  -3.39  -3.91  -4.72  -4.97  -3.11  -1.00   0.00   0.00   0.00  -1.00  -7.24  -2.00   0.00   0.00   0.00   0.00   0.00
  170  -3.00  -2.92  -3.16  -3.71  -4.35  -4.58  -2.38  -1.00   0.00   0.00   0.00  -3.00  -7.30  -5.00   0.00   0.00   0.00   0.00   0.00
  160  -2.00  -2.75  -2.92  -3.51  -3.98  -4.18  -2.64  -1.00   0.00   0.00   0.00  -5.00  -7.37  -4.00   0.00   0.00   0.00   0.00   0.00
  150  -1.00  -1.19  -1.46  -2.06  -2.51  -2.18  -1.38  -1.00   0.00   0.00   0.00  -4.00  -5.47  -3.00   0.00   0.00   0.00   0.00   0.00
  140   0.00   0.38   0.00  -0.61  -1.03  -1.18  -0.12  -1.00   0.00   0.00   0.00  -3.00  -3.57  -2.00   0.00   0.00   0.00   0.00   0.00
  130   1.00   1.64   1.08   0.34   0.36   1.01   1.18   0.00   0.00   0.00   0.00  -1.00  -2.05  -1.00   0.00   0.00   0.00   0.00   0.00
  120   2.00   2.90   2.17   1.29   1.76   1.20   4.48   3.00   0.00   0.00   0.00   0.00  -0.54   0.00   0.00   0.00   0.00   0.00   0.00
  110   3.00   2.86   2.14   1.10   1.68   2.47   8.39   6.00   0.00   0.00   0.00   0.00  -0.61   0.00   0.00   0.00   0.00   0.00   0.00
  100   3.00   2.83   2.10   0.90   3.60   3.74  12.30   9.00   0.00   0.00   0.00   0.00  -0.67   0.00   0.00   0.00   0.00   0.00   0.00
   90   2.00   1.85   1.08  -0.30   2.15   4.98  10.94   0.00   0.00   0.00   0.00  -1.00  -1.64   0.00   0.00   0.00   0.00   0.00   0.00
   80   1.00   0.87   0.06  -1.49   1.30   4.23   8.58   0.00   0.00   0.00   0.00  -1.45  -2.61  -1.00   0.00   0.00   0.00   0.00   0.00
   70   0.00  -1.70  -1.18  -2.49  -1.82   3.20   7.00   3.00   0.00   0.00  -2.00  -2.99  -3.00  -2.00  -2.00   0.00   0.00   0.00   0.00
   60   0.00  -1.27  -2.43  -3.48  -1.34   2.17   5.00   1.00   0.00   0.00  -5.00  -3.53  -3.39  -3.00  -2.00   0.00   0.00   0.00   0.00
   50   0.00  -1.20  -3.12  -3.54  -1.08   2.00   3.00   0.00   0.00   0.00  -3.00  -4.39  -4.36  -3.00  -1.00   0.00   0.00   0.00   0.00
   40   0.00  -1.13  -3.81  -3.60  -1.83   2.00   2.00   0.00   0.00   0.00  -1.00  -3.25  -3.32  -3.00  -2.00  -2.00   0.00   0.00   0.00
   30   0.00  -1.00  -2.00  -3.24  -1.30   1.00   1.00   0.00   0.00   0.00   0.00  -2.00  -2.05  -3.00  -2.00  -2.00   0.00   0.00   0.00
   20   0.00   0.00  -1.00  -2.88  -0.78   0.00  -1.00   0.00   0.00   0.00   0.00  -1.00  -2.78  -3.00  -2.00  -2.00   0.00   0.00   0.00
   10   0.00   0.00   0.00  -1.00  -1.00  -1.00  -2.00   0.00   0.00   0.00   0.00   0.00  -2.00  -2.00  -2.00  -2.00   0.00   0.00   0.00
    0   0.00   0.00   0.00   0.00  -2.00  -2.00  -2.00  -1.00   0.00   0.00   0.00   0.00  -2.00  -2.00  -1.00   0.00   0.00   0.00   0.00
  -10   0.00   0.00   0.00  -1.00  -3.00  -3.00  -3.00  -2.00   0.00   0.00   0.00   0.00  -2.00  -2.00  -2.00  -2.00   0.00   0.00   0.00
  -20   0.00   0.00   0.00  -2.00  -4.52  -4.21  -4.15  -2.99  -1.00   0.00   0.00   0.00  -1.00  -1.00  -3.00  -2.00   0.00   0.00   0.00
  -30   0.00  -1.00  -1.00  -3.00  -5.49  -4.71  -4.07  -3.86  -3.00   0.00   0.00   0.00   0.00   0.00  -3.00  -1.00   0.00   0.00   0.00
  -40  -1.00  -1.00  -3.00  -4.00  -6.52  -4.60  -3.12  -4.52  -3.00   0.00   0.00   0.00   0.00   0.00  -1.00   0.00   0.00   0.00   0.00
  -50  -2.00  -2.00  -5.00  -5.00  -5.51  -4.22  -2.19  -4.26  -4.00   0.00   0.00   0.00   0.00   0.00   0.00   0.00   0.00   0.00   0.00
  -60  -2.00  -2.00  -5.00  -4.00  -4.91  -3.55  -1.99  -2.50  -3.00   0.00   0.00   0.00   0.00   0.00   0.00   0.00   0.00   0.00   0.00
  -70  -1.00  -1.00  -4.00  -3.00  -3.00  -2.00  -1.00  -1.00  -1.00   0.00   0.00   0.00   0.00   0.00   0.00   0.00   0.00   0.00   0.00
  -80  -0.00  -0.00  -2.00  -2.00  -1.00  -1.00   0.00   0.00   0.00   0.00   0.00   0.00   0.00   0.00   0.00   0.00   0.00   0.00   0.00
  -90   0.00   0.00  -1.00  -1.00   0.00   0.00   0.00   0.00   0.00   0.00   0.00   0.00   0.00   0.00   0.00   0.00   0.00   0.00   0.00
 -100   0.00   0.00   0.00   0.00   0.00   0.00   0.00   0.00   0.00   0.00   0.00   0.00   0.00   0.00   0.00   0.00   0.00   0.00   0.00
 -110   0.00   0.00   0.00   0.00   0.00   0.00   0.00   0.00   0.00   0.00   0.00   0.00   0.00   0.00   0.00   0.00   0.00   0.00   0.00
 -120   0.00   0.00   0.00   0.00   0.00   0.00   0.00   0.00   0.00   0.00   0.00   0.00   0.00   0.00   0.00   0.00   0.00   0.00   0.00
 -130   0.00   0.00   0.00   0.00   0.00   0.00   0.00   0.00   0.00   0.00   0.00   0.00   0.00   0.00   0.00   0.00   0.00   0.00   0.00
 -140   0.00   0.00   0.00   0.00   0.00   0.00   0.00   0.00   0.00   0.00   0.00   0.00  -1.00   0.00   0.00   0.00   0.00   0.00   0.00
 -150   0.00   0.00   0.00   0.00   0.00   0.00   0.00   0.00   0.00   0.00   0.00   0.00  -2.00   0.00   0.00   0.00   0.00   0.00   0.00
 -160  -1.00   0.00   0.00   0.00  -1.00  -1.00  -1.00   0.00   0.00   0.00   0.00   0.00  -4.00   0.00   0.00   0.00   0.00   0.00   0.00
 -170  -3.00  -1.00  -1.00  -1.00  -2.00  -3.00  -2.00   0.00   0.00   0.00   0.00   0.00  -6.00  -1.00   0.00   0.00   0.00   0.00   0.00
 -180  -4.00  -3.09  -3.39  -3.91  -4.72  -5.97  -3.11  -1.00   0.00   0.00   0.00  -1.00  -7.24  -2.00   0.00   0.00   0.00   0.00   0.00
