#-----------------------------------------------------------------------------------------------------------------------------------------
#ps\ph  -180   -160   -140   -120   -100   -80    -60    -40    -20     0      20     40     60     80    100    120    140    160    180
#-----------------------------------------------------------------------------------------------------------------------------------------
  180   1.38   0.80   0.29   0.00   0.83   1.36   0.88   0.00   0.00   0.00   0.00   0.00   0.00   0.00   0.00   0.00   0.00   0.00   0.00
  170   1.45   0.72   0.13   0.01   0.57   1.18   1.01  -1.57   0.00   0.00   0.00   0.00   0.00   0.00   0.00   0.00   0.00   0.00   0.00
  160   1.40   0.60  -0.03  -0.20   0.36   1.03   1.15  -0.81   0.00   0.00   0.00   0.00   0.00   0.00   0.00   0.00   0.00   0.00   0.00
  150   1.40   0.68  -0.03  -0.27   0.21   0.95   1.30  -0.12   0.00   0.00   0.00   0.00   0.00   0.00   0.00   0.00   0.00   0.00   0.00
  140   1.50   0.72   0.00  -0.26   0.14   0.94   1.50   0.52   0.00   0.00   0.00   0.00   0.00   0.00   0.00   0.00   0.00   0.00   0.00
  130   1.30   0.69   0.03  -0.24   0.13   0.98   1.73   1.07   0.00   0.00   0.00   0.00   0.00   0.00   0.00   0.00   0.00   0.00   0.00
  120   1.33   0.65   0.06  -0.20   0.19   1.04   1.98   1.60   0.00   0.00   0.00   0.00   0.00   0.00   0.00   0.00   0.00   0.00   0.00
  110   1.27   0.60   0.09  -0.11   0.30   1.14   2.23   2.14   0.00   0.00   0.00   0.00   0.00   0.00   0.00   0.00   0.00   0.00   0.00
  100   1.20   0.59   0.13   0.05   0.50   1.28   2.42   2.70   0.00   0.00   0.00   0.00   0.26   0.00   0.00   0.00   0.00   0.00   0.00
   90   1.16   0.63   0.21   0.26   0.77   1.45   2.42   2.15   0.00   0.00   0.00   0.00   0.00   0.00   0.00   0.00   0.00   0.00   0.00
   80   1.19   0.73   0.34   0.50   1.12   1.74   2.12   1.00   0.00   0.00   0.00   0.67   0.60   0.00   0.00   0.00   0.00   0.00   0.00
   70   1.30   0.89   0.52   0.75   1.49   2.23   1.59   0.50   0.00   0.00   0.00   0.60   0.70   0.00   0.00   0.00   0.00   0.00   0.00
   60   1.46   1.12   0.73   0.95   1.83   2.97   1.00   0.00   0.00   0.00   0.00   0.68   0.92   0.00   0.00   0.00   0.00   0.00   0.00
   50   1.00   1.36   0.95   1.11   2.03   3.63   0.50   0.00   0.00   0.00   0.00   0.00   1.00   0.00   0.00   0.00   0.00   0.00   0.00
   40   0.50   1.55   1.11   1.19   2.04   2.00   0.00   0.00   0.00   0.00   0.00   0.60   1.19   0.00   0.00   0.00   0.00   0.00   0.00
   30   0.00   1.00   1.17   1.22   1.92   1.00   0.00   0.00   0.00   0.00   0.00   0.00   0.00   0.00   0.00   0.00   0.00   0.00   0.00
   20   0.00   0.50   1.00   1.15   1.76   0.50   0.00   0.00   0.00   0.00   0.00   0.00   0.00   0.00   0.00   0.00   0.00   0.00   0.00
   10   0.00   0.00   0.50   1.00   1.55   1.00   0.00   0.00   0.00   0.00   0.00   0.00   0.00   0.00   0.00   0.00   0.00   0.00   0.00
    0   0.00   0.00   0.00   0.50   1.26   2.23   0.50   0.00   0.00   0.00   0.00   0.00   0.00   0.00   0.00   0.00   0.00   0.00   0.00
  -10   0.00   0.00   0.00   0.00   0.90   1.93   1.00   0.50   0.00   0.00   0.00   0.00   0.00   0.00   0.00   0.00   0.00   0.00   0.00
  -20   0.00   0.00   0.00   0.00   0.48   1.61   2.38   1.00   0.00   0.00   0.00   0.00   0.00   0.00   0.00   0.00   0.00   0.00   0.00
  -30   0.00   0.00   0.00   0.00   0.07   1.28   2.15   1.57   0.00   0.00   0.00   0.00   0.00   0.00   0.00   0.00   0.00   0.00   0.00
  -40   0.00   0.00   0.00   0.00  -0.23   1.00   1.93   1.58   0.00   0.00   0.00   0.00   0.00   0.00   0.00   0.00   0.00   0.00   0.00
  -50   0.00   0.00   0.00   0.00  -0.36   0.77   1.74   1.56   0.00   0.00   0.00   0.00   0.00   0.00   0.00   0.00   0.00   0.00   0.00
  -60   0.00   0.00   0.00   0.00  -0.35   0.00   1.57   1.54   0.00   0.00   0.00   0.00   0.00   0.00   0.00   0.00   0.00   0.00   0.00
  -70   0.00   0.00   0.00   0.00   0.00   0.00   1.00   1.00   0.00   0.00   0.00   0.00   0.00   0.00   0.00   0.00   0.00   0.00   0.00
  -80   0.00   0.00   0.00   0.00   0.00   0.00   0.50   0.50   0.00   0.00   0.00   0.00   0.00   0.00   0.00   0.00   0.00   0.00   0.00
  -90   0.00   0.00   0.00   0.00   0.00   0.00   0.00   0.00   0.00   0.00   0.00   0.00   0.00   0.00   0.00   0.00   0.00   0.00   0.00
 -100   0.00   0.00   0.00   0.00   0.00   0.00   0.00   0.00   0.00   0.00   0.00   0.00   0.00   0.00   0.00   0.00   0.00   0.00   0.00
 -110   0.00   0.00   0.00   0.00   0.00   0.00   0.00   0.00   0.00   0.00   0.00   0.00   0.00   0.00   0.00   0.00   0.00   0.00   0.00
 -120   0.00   0.00   0.00   0.00   0.00   0.00   0.00   0.00   0.00   0.00   0.00   0.00   0.00   0.00   0.00   0.00   0.00   0.00   0.00
 -130   0.00   0.00   0.00   0.00   0.00   0.00   0.00   0.00   0.00   0.00   0.00   0.00   0.00   0.00   0.00   0.00   0.00   0.00   0.00
 -140   0.00   0.00   0.00   0.00   0.00   0.00   0.00   0.00   0.00   0.00   0.00   0.00   0.00   0.00   0.00   0.00   0.00   0.00   0.00
 -150   0.00   0.00   0.00   0.00   0.00   0.00   0.00   0.00   0.00   0.00   0.00   0.00   0.00   0.00   0.00   0.00   0.00   0.00   0.00
 -160   0.00   0.00   0.00   0.00   0.00   0.00   0.00   0.00   0.00   0.00   0.00   0.00   0.00   0.00   0.00   0.00   0.00   0.00   0.00
 -170   0.00   0.00   0.00   0.00   0.00   0.00   0.00   0.00   0.00   0.00   0.00   0.00   0.00   0.00   0.00   0.00   0.00   0.00   0.00
 -180   1.38   0.80   0.29   0.00   0.83   1.36   0.88   0.00   0.00   0.00   0.00   0.00   0.00   0.00   0.00   0.00   0.00   0.00   0.00
  180   7.16  -0.34  -1.48  -2.22  -1.72  -0.50   0.19   0.00   0.00   0.00   0.00   0.00  -0.09  -0.81  -2.04  -2.44  -1.59  -0.38   0.18
  170   0.18  -0.09  -1.40  -2.10  -1.49  -0.16   0.61   0.00   0.00   0.00   0.00   0.00   0.07  -0.68  -1.76  -2.00  -1.04   0.21   0.65
  160   0.65   0.16  -1.32  -1.97  -1.25   0.18   1.03   0.92   0.00   0.00   0.00   0.00   0.22  -0.56  -1.47  -1.55  -0.48   0.80   1.12
  150   1.12   0.96  -0.66  -1.45  -0.82   0.68   1.66   1.62   0.00   0.00   0.00   0.00   0.69  -0.16  -1.07  -1.02   0.17   1.54   1.96
  140   1.96   1.75   0.00  -0.93  -0.38   1.19   2.29   2.32   0.00   0.00   0.00   0.00   1.16   0.24  -0.67  -0.50   0.81   2.29   2.80
  130   2.80   2.41   0.70  -0.33   0.14   1.69   2.89   3.02   0.00   0.00   0.00   0.00   1.73   0.62  -0.26  -0.04   1.31   2.82   3.41
  120   3.41   3.07   1.39   0.28   0.65   2.19   3.49   3.71   0.00   0.00   0.00   0.00   2.31   1.00   0.14   0.41   1.81   3.36   4.02
  110   4.02   3.38   1.73   0.61   0.92   2.42   3.82   4.24   0.00   0.00   0.00   1.00   2.81   1.36   0.42   0.68   2.07   3.60   4.25
  100   4.25   3.69   2.07   0.94   1.20   2.65   4.16   4.76   0.00   0.00   0.00   2.00   3.30   1.72   0.70   0.95   2.34   3.83   4.48
   90   4.48   3.67   2.10   1.01   1.26   2.69   4.25   3.00   0.00   0.00   0.00   3.00   3.44   1.88   0.81   0.97   2.38   3.90   4.47
   80   4.47   3.66   2.13   1.08   1.33   2.73   4.35   2.00   0.00   0.00   0.00   4.30   3.58   2.04   0.92   0.99   2.42   3.97   4.46
   70   4.46   3.44   1.92   0.95   1.31   2.71   4.28   1.00   0.00   0.00   0.00   3.92   3.32   1.87   0.67   0.70   2.11   3.71   4.21
   60   4.21   3.22   1.71   0.82   1.29   2.68   4.21   0.00   0.00   0.00   0.00   3.54   3.05   1.70   0.43   0.42   1.81   3.44   3.97
   50   3.97   2.82   1.32   0.47   1.03   2.00   3.00   0.00   0.00   0.00   0.00   3.07   2.62   1.32   0.00   0.00   1.00   2.00   2.00
   40   2.00   2.42   0.94   0.12   0.76   1.00   2.00   0.00   0.00   0.00   0.00   2.61   2.18   0.93   0.00   0.00   0.00   1.00   1.00
   30   1.00   1.00   0.00  -0.33   0.00   0.00   1.00   0.00   0.00   0.00   0.00   1.00   1.00   0.60   0.00   0.00   0.00   0.00   0.00
   20   0.00   0.00   0.00  -0.79   0.00   0.00   0.00   0.00   0.00   0.00   0.00   0.00   0.00   0.27   0.00   0.00   0.00   0.00   0.00
   10   0.00   0.00   0.00   0.00   0.00   0.00   0.00   0.00   0.00   0.00   0.00   0.00   0.00   0.00   0.00   0.00   0.00   0.00   0.00
    0   0.00   0.00   0.00   0.00   0.00   0.00   0.00   0.00   0.00   0.00   0.00   0.00   0.00   0.00   0.00   0.00   0.00   0.00   0.00
  -10   0.00   0.00   0.00   0.00   0.00   0.00   1.00   0.00   0.00   0.00   0.00   0.00   0.00   0.00   0.00   0.00   0.00   0.00   0.00
  -20   0.00   0.00   0.00   0.00   0.00   0.63   1.54   1.00   0.00   0.00   0.00   0.00   0.00   0.00   0.00  -0.86   0.00   0.00   0.00
  -30   0.00   1.00   0.00   0.00   0.00   1.05   2.01   2.00   0.00   0.00   0.00   0.00   0.00   0.00   0.00  -0.32   0.00   1.00   1.00
  -40   1.00   2.00   0.00   0.00  -0.01   1.47   2.49   2.77   0.00   0.00   0.00   0.00   0.00   0.00   0.67   0.23   1.20   2.62   2.00
  -50   2.00   3.00   1.00   0.00   0.46   1.90   3.01   3.26   0.00   0.00   0.00   0.00   1.00   1.00   0.96   0.60   1.61   3.09   3.00
  -60   3.00   3.65   2.03   0.76   0.93   2.32   3.53   3.75   0.00   0.00   0.00   0.00   2.00   2.28   1.25   0.98   2.03   3.55   4.33
  -70   4.33   3.90   2.30   1.04   1.15   2.46   3.75   4.10   0.00   0.00   0.00   1.00   3.00   2.39   1.24   1.07   2.28   3.82   4.58
  -80   4.58   4.14   2.57   1.32   1.37   2.61   3.97   4.44   0.00   0.00   0.00   2.00   4.36   2.51   1.24   1.17   2.52   4.10   4.83
  -90   4.83   4.06   2.47   1.22   1.21   2.40   3.81   0.00   0.00   0.00   0.00   3.00   4.15   2.40   1.11   1.06   2.47   4.09   4.77
 -100   4.77   3.98   2.37   1.12   1.04   2.19   3.65   0.00   0.00   0.00   0.00   4.66   3.94   2.29   0.98   0.95   2.42   4.08   4.71
 -110   4.71   3.62   2.01   0.74   0.64   1.71   3.11   0.00   0.00   0.00   0.00   4.03   3.45   1.96   0.59   0.48   1.91   3.62   4.32
 -120   4.32   3.26   1.66   0.37   0.24   1.24   2.57   0.00   0.00   0.00   0.00   3.41   2.95   1.64   0.20   0.01   1.40   3.16   3.94
 -130   3.94   2.70   1.14  -0.13  -0.25   0.78   2.00   0.00   0.00   0.00   0.00   2.65   2.32   1.10  -0.39  -0.71   0.59   2.38   3.28
 -140   3.28   2.14   0.62  -0.62  -0.73   0.31   1.43   0.00   0.00   0.00   0.00   1.90   1.68   0.57  -0.97  -1.43  -0.22   1.60   2.62
 -150   2.62   1.39  -0.01  -1.13  -1.10  -0.08   0.93   0.00   0.00   0.00   0.00   1.17   1.08   0.09  -1.43  -1.93  -0.89   0.80   1.79
 -160   1.79   0.64  -0.64  -1.63  -1.46  -0.46   0.44   0.00   0.00   0.00   0.00   0.44   0.48  -0.39  -1.88  -2.43  -1.55   0.00   0.96
 -170   0.96   0.15  -1.06  -1.93  -1.59  -0.48   0.32   0.00   0.00   0.00   0.00   0.00   0.20  -0.60  -1.96  -2.43  -1.57  -0.19   0.57
 -180   0.57  -0.34  -1.48  -2.22  -1.72  -0.50   0.19   0.00   0.00   0.00   0.00   0.00  -0.09  -0.81  -2.04  -2.44  -1.59  -0.38   0.18
  180  -0.03   0.12   0.29   0.00   0.40   0.54   0.57   0.00   0.00   0.00   0.00   0.00   0.00   0.00   0.00   0.00   0.00   0.00   0.00
  170  -0.07   0.07   0.12   0.18   0.33   0.49   0.66   0.66   0.00   0.00   0.00   0.00   0.00   0.00   0.00   0.00   0.00   0.00   0.00
  160  -0.02  -0.13  -0.10   0.15   0.29   0.54   0.58   0.83   0.00   0.00   0.00   0.00   0.00   0.00   0.00   0.00   0.00   0.00   0.00
  150  -0.09   0.10  -0.01   0.06   0.28   0.13   0.40   0.66   0.00   0.00   0.00   0.00   0.00   0.00   0.00   0.00   0.00   0.00   0.00
  140  -0.17   0.01   0.00  -0.01   0.04   0.32   0.64   0.56   0.00   0.00   0.00   0.00   0.00   0.00   0.00   0.00   0.00   0.00   0.00
  130  -0.09  -0.20  -0.03   0.09  -0.02   0.28   0.32   0.57   0.00   0.00   0.00   0.00   0.00   0.00   0.00   0.00   0.00   0.00   0.00
  120  -0.16  -0.19  -0.03  -0.13   0.11   0.06   0.42   0.82   0.00   0.00   0.00   0.00   0.00   0.00   0.00   0.00   0.00   0.00   0.00
  110  -0.06  -0.21  -0.09  -0.05   0.10   0.32   0.35   0.66   0.00   0.00   0.00   0.00   0.00   0.00   0.00   0.00   0.00   0.00   0.00
  100  -0.22  -0.26  -0.37  -0.08   0.03   0.15   0.26   0.49   0.00   0.00   0.00   0.00   0.81   0.00   0.00   0.00   0.00   0.00   0.00
   90  -0.17  -0.07   0.01   0.00  -0.09  -0.10   0.08   0.57   0.00   0.00   0.00   0.00   0.79   0.00   0.00   0.00   0.00   0.00   0.00
   80  -0.12  -0.05  -0.20  -0.17  -0.08   0.08   0.19   0.00   0.00   0.00   0.00   0.88   0.77   0.00   0.00   0.00   0.00   0.00   0.00
   70  -0.05  -0.25  -0.11  -0.01   0.11  -0.09   0.35   0.00   0.00   0.00   0.00   0.90   0.75   0.00   0.00   0.00   0.00   0.00   0.00
   60  -0.23  -0.05  -0.08  -0.14  -0.13  -0.06   0.00   0.00   0.00   0.00   0.00   0.98   0.74   0.00   0.00   0.00   0.00   0.00   0.00
   50   0.00  -0.09   0.04  -0.19  -0.42   0.00   0.00   0.00   0.00   0.00   0.00   1.00   0.73   0.00   0.00   0.00   0.00   0.00   0.00
   40   0.00  -0.13  -0.04   0.04  -0.01   0.00   0.00   0.00   0.00   0.00   0.00   1.03   0.73   0.00   0.00   0.00   0.00   0.00   0.00
   30   0.00   0.00  -0.17  -0.07   0.11   0.00   0.00   0.00   0.00   0.00   0.00   0.00   0.00   0.00   0.00   0.00   0.00   0.00   0.00
   20   0.00   0.00   0.00   0.03   0.16   0.00   0.00   0.00   0.00   0.00   0.00   0.00   0.00   0.00   0.00   0.00   0.00   0.00   0.00
   10   0.00   0.00   0.00   0.00   0.34   0.00   0.00   0.00   0.00   0.00   0.00   0.00   0.00   0.00   0.00   0.00   0.00   0.00   0.00
    0   0.00   0.00   0.00   0.00   0.30   0.37   0.00   0.00   0.00   0.00   0.00   0.00   0.00   0.00   0.00   0.00   0.00   0.00   0.00
  -10   0.00   0.00   0.00   0.00   0.87   0.53   0.00   0.00   0.00   0.00   0.00   0.00   0.00   0.00   0.00   0.00   0.00   0.00   0.00
  -20   0.00   0.00   0.00   0.00   0.91   0.67   0.41   0.00   0.00   0.00   0.00   0.00   0.00   0.00   0.00   0.00   0.00   0.00   0.00
  -30   0.00   0.00   0.00   0.00   0.83   0.82   0.67   0.90   0.00   0.00   0.00   0.00   0.00   0.00   0.00   0.00   0.00   0.00   0.00
  -40   0.00   0.00   0.00   0.00   0.60   0.95   0.82   0.78   0.00   0.00   0.00   0.00   0.00   0.00   0.00   0.00   0.00   0.00   0.00
  -50   0.00   0.00   0.00   0.00   0.49   0.69   0.66   0.78   0.00   0.00   0.00   0.00   0.00   0.00   0.00   0.00   0.00   0.00   0.00
  -60   0.00   0.00   0.00   0.00   0.43   0.00   0.60   0.62   0.00   0.00   0.00   0.00   0.00   0.00   0.00   0.00   0.00   0.00   0.00
  -70   0.00   0.00   0.00   0.00   0.00   0.00   0.00   0.00   0.00   0.00   0.00   0.00   0.00   0.00   0.00   0.00   0.00   0.00   0.00
  -80   0.00   0.00   0.00   0.00   0.00   0.00   0.00   0.00   0.00   0.00   0.00   0.00   0.00   0.00   0.00   0.00   0.00   0.00   0.00
  -90   0.00   0.00   0.00   0.00   0.00   0.00   0.00   0.00   0.00   0.00   0.00   0.00   0.00   0.00   0.00   0.00   0.00   0.00   0.00
 -100   0.00   0.00   0.00   0.00   0.00   0.00   0.00   0.00   0.00   0.00   0.00   0.00   0.00   0.00   0.00   0.00   0.00   0.00   0.00
 -110   0.00   0.00   0.00   0.00   0.00   0.00   0.00   0.00   0.00   0.00   0.00   0.00   0.00   0.00   0.00   0.00   0.00   0.00   0.00
 -120   0.00   0.00   0.00   0.00   0.00   0.00   0.00   0.00   0.00   0.00   0.00   0.00   0.00   0.00   0.00   0.00   0.00   0.00   0.00
 -130   0.00   0.00   0.00   0.00   0.00   0.00   0.00   0.00   0.00   0.00   0.00   0.00   0.00   0.00   0.00   0.00   0.00   0.00   0.00
 -140   0.00   0.00   0.00   0.00   0.00   0.00   0.00   0.00   0.00   0.00   0.00   0.00   0.00   0.00   0.00   0.00   0.00   0.00   0.00
 -150   0.00   0.00   0.00   0.00   0.00   0.00   0.00   0.00   0.00   0.00   0.00   0.00   0.00   0.00   0.00   0.00   0.00   0.00   0.00
 -160   0.00   0.00   0.00   0.00   0.00   0.00   0.00   0.00   0.00   0.00   0.00   0.00   0.00   0.00   0.00   0.00   0.00   0.00   0.00
 -170   0.00   0.00   0.00   0.00   0.00   0.00   0.00   0.00   0.00   0.00   0.00   0.00   0.00   0.00   0.00   0.00   0.00   0.00   0.00
 -180  -0.03   0.12   0.29   0.00   0.40   0.54   0.57   0.00   0.00   0.00   0.00   0.00   0.00   0.00   0.00   0.00   0.00   0.00   0.00
