#-----------------------------------------------------------------------------------------------------------------------------------------
#ps\ph  -180   -160   -140   -120   -100   -80    -60    -40    -20     0      20     40     60     80    100    120    140    160    180
#-----------------------------------------------------------------------------------------------------------------------------------------
  180   0.14   0.08  -0.14  -0.08   0.15   0.33   0.28   0.00   0.00   0.00   0.00   0.00   0.27   0.08  -0.02   0.08   0.16   0.20   0.13
  170   0.13   0.11  -0.09  -0.09   0.04   0.16   0.19   0.00   0.00   0.00   0.00   0.00   0.30   0.08   0.02   0.08   0.16   0.19   0.16
  160   0.16   0.13  -0.05  -0.11  -0.08  -0.01   0.09  -0.22   0.00   0.00   0.00   0.00   0.32   0.08   0.07   0.07   0.16   0.19   0.18
  150   0.18   0.12  -0.02  -0.09  -0.08  -0.04   0.00  -0.23   0.00   0.00   0.00   0.00   0.33   0.10   0.03   0.06   0.15   0.22   0.23
  140   0.23   0.12   0.00  -0.06  -0.07  -0.07  -0.09  -0.24   0.00   0.00   0.00   0.00   0.35   0.12   0.00   0.05   0.14   0.24   0.27
  130   0.27   0.12   0.03  -0.06  -0.05   0.00  -0.05  -0.21   0.00   0.00   0.00   0.00   0.32   0.09   0.03   0.07   0.15   0.22   0.28
  120   0.28   0.12   0.06  -0.05  -0.02   0.07   0.00  -0.18   0.00   0.00   0.00   0.00   0.29   0.07   0.07   0.08   0.16   0.19   0.29
  110   0.29   0.16   0.07   0.03   0.01   0.07   0.02  -0.16   0.00   0.00   0.00   0.00   0.26   0.10   0.06   0.09   0.16   0.21   0.25
  100   0.25   0.21   0.08   0.12   0.05   0.06   0.04  -0.14   0.00   0.00   0.00   0.00   0.22   0.14   0.05   0.09   0.15   0.23   0.21
   90   0.21   0.19   0.08   0.12   0.08   0.12  -0.08   0.00   0.00   0.00   0.00   0.00   0.21   0.12   0.05   0.09   0.15   0.23   0.25
   80   0.25   0.17   0.08   0.13   0.10   0.18  -0.19   0.00   0.00   0.00   0.00   0.14   0.20   0.10   0.06   0.10   0.15   0.24   0.28
   70   0.28   0.23   0.19   0.25   0.19   0.08  -0.36   0.00   0.00   0.00   0.00   0.14   0.16   0.12   0.08   0.07   0.15   0.23   0.30
   60   0.30   0.28   0.31   0.36   0.27  -0.03  -0.53   0.00   0.00   0.00   0.00   0.14   0.13   0.15   0.09   0.04   0.14   0.23   0.33
   50   0.33   0.34   0.39   0.39   0.34   0.00   0.00   0.00   0.00   0.00   0.00   0.23   0.16   0.17   0.00   0.00   0.00   0.00   0.00
   40   0.00   0.40   0.47   0.43   0.42   0.00   0.00   0.00   0.00   0.00   0.00   0.31   0.20   0.20   0.00   0.00   0.00   0.00   0.00
   30   0.00   0.00   0.00   0.33   0.00   0.00   0.00   0.00   0.00   0.00   0.00   0.00   0.00   0.21   0.00   0.00   0.00   0.00   0.00
   20   0.00   0.00   0.00   0.24   0.00   0.00   0.00   0.00   0.00   0.00   0.00   0.00   0.00   0.22   0.00   0.00   0.00   0.00   0.00
   10   0.00   0.00   0.00   0.00   0.00   0.00   0.00   0.00   0.00   0.00   0.00   0.00   0.00   0.00   0.00   0.00   0.00   0.00   0.00
    0   0.00   0.00   0.00   0.00   0.00   0.00   0.00   0.00   0.00   0.00   0.00   0.00   0.00   0.00   0.00   0.00   0.00   0.00   0.00
  -10   0.00   0.00   0.00   0.00   0.00   0.00   1.00   0.00   0.00   0.00   0.00   0.00   0.00   0.00   0.00   0.00   0.00   0.00   0.00
  -20   0.00   0.00   0.00   0.00   0.00   0.37   2.49   0.00   0.00   0.00   0.00   0.00   0.00   0.00   0.00   0.11   0.00   0.00   0.00
  -30   0.00   0.00   0.00   0.00   0.00   0.01   1.41   1.00   0.00   0.00   0.00   0.00   0.00   0.00   0.00   0.09   0.00   0.00   0.00
  -40   0.00   0.00   0.00   0.00  -0.21  -0.36   0.33   1.40   0.00   0.00   0.00   0.00   0.00   0.00  -0.04   0.08   0.14   0.21   0.00
  -50   0.00   0.00   0.00   0.00  -0.11  -0.18   0.03   0.66   0.00   0.00   0.00   0.00   0.00   0.00  -0.08   0.03   0.11   0.19   0.00
  -60   0.00   0.07   0.00  -0.05  -0.01  -0.01  -0.27  -0.07   0.00   0.00   0.00   0.00   0.00  -0.20  -0.11  -0.02   0.08   0.17   0.16
  -70   0.16   0.08   0.01  -0.02   0.02   0.03  -0.12  -0.08   0.00   0.00   0.00   0.00   0.00  -0.14  -0.11  -0.05   0.09   0.16   0.15
  -80   0.15   0.09   0.02   0.00   0.05   0.06   0.04  -0.08   0.00   0.00   0.00   0.00   0.10  -0.08  -0.12  -0.07   0.11   0.14   0.13
  -90   0.13   0.06  -0.03   0.00   0.08   0.14   0.13   0.00   0.00   0.00   0.00   0.00   0.09  -0.06  -0.09  -0.04   0.09   0.15   0.14
 -100   0.14   0.04  -0.08  -0.01   0.11   0.22   0.23   0.00   0.00   0.00   0.00   0.10   0.08  -0.03  -0.07  -0.01   0.06   0.15   0.14
 -110   0.14   0.04  -0.06   0.03   0.13   0.26   0.13   0.00   0.00   0.00   0.00   0.14   0.09   0.00  -0.05   0.00   0.08   0.11   0.13
 -120   0.13   0.04  -0.03   0.06   0.16   0.29   0.03   0.00   0.00   0.00   0.00   0.18   0.09   0.03  -0.02   0.01   0.10   0.07   0.12
 -130   0.12   0.03  -0.04   0.03   0.21   0.33   0.08   0.00   0.00   0.00   0.00   0.26   0.12   0.05  -0.02   0.01   0.08   0.12   0.12
 -140   0.12   0.02  -0.06  -0.01   0.26   0.38   0.13   0.00   0.00   0.00   0.00   0.35   0.14   0.07  -0.02   0.00   0.06   0.17   0.13
 -150   0.13   0.01  -0.06  -0.04   0.23   0.43   0.21   0.00   0.00   0.00   0.00   0.41   0.16   0.07  -0.02   0.01   0.07   0.18   0.14
 -160   0.14  -0.01  -0.06  -0.07   0.19   0.48   0.29   0.00   0.00   0.00   0.00   0.48   0.17   0.07  -0.03   0.03   0.07   0.19   0.14
 -170   0.14   0.04  -0.10  -0.08   0.17   0.41   0.28   0.00   0.00   0.00   0.00   0.00   0.22   0.08  -0.02   0.05   0.12   0.19   0.14
 -180   0.14   0.08  -0.14  -0.08   0.15   0.33   0.28   0.00   0.00   0.00   0.00   0.00   0.27   0.08  -0.02   0.08   0.16   0.20   0.13
  180   0.00   0.00   0.00   0.88   0.00   0.00   0.00   0.00   0.00   0.00   0.00   0.00   0.00   0.00   0.00   0.00   0.00   0.00   0.00
  170   0.00   0.00   0.00   0.88   0.00   0.00   0.00   0.00   0.00   0.00   0.00   0.00   0.00   0.00   0.00   0.00   0.00   0.00   0.00
  160   0.00   0.00   0.00   0.88   0.00   0.00   0.00   0.00   0.00   0.00   0.00   0.00   0.00   0.00   0.00   0.00   0.00   0.00   0.00
  150   0.00   0.00   0.00   0.88   0.00   0.00   0.00   0.00   0.00   0.00   0.00   0.00   0.00   0.00   0.00   0.00   0.00   0.00   0.00
  140   0.00   0.00   0.00   0.88   0.00   0.00   0.00   0.00   0.00   0.00   0.00   0.00   0.00   0.00   0.00   0.00   0.00   0.00   0.00
  130   0.00   0.00   0.00   0.88   0.00   0.00   0.00   0.00   0.00   0.00   0.00   0.00   0.00   0.00   0.00   0.00   0.00   0.00   0.00
  120   0.00   0.00   0.00   0.88   0.00   0.00   0.00   0.00   0.00   0.00   0.00   0.00   0.00   0.00   0.00   0.00   0.00   0.00   0.00
  110   0.00   0.00   0.00   0.88   0.00   0.00   0.00   0.00   0.00   0.00   0.00   0.00   0.00   0.00   0.00   0.00   0.00   0.00   0.00
  100   0.00   0.00   0.00   0.88   0.00   0.00   0.00   0.00   0.00   0.00   0.00   0.00   0.00   0.00   0.00   0.00   0.00   0.00   0.00
   90   0.00   0.00   0.00   0.00   0.00   0.00   0.00   0.00   0.00   0.00   0.00   0.00   0.00   0.00   0.00   0.00   0.00   0.00   0.00
   80   0.00   0.00   0.00   0.00   0.00   0.00   0.00   0.00   0.00   0.00   0.00   0.00   0.00   0.00   0.00   0.00   0.00   0.00   0.00
   70   0.00   0.00   0.00   0.00   0.00   0.00   0.00   0.00   0.00   0.00   0.00   0.00   0.00   0.00   0.00   0.00   0.00   0.00   0.00
   60   0.00   0.00   0.00   0.00   0.00   0.00   0.00   0.00   0.00   0.00   0.00   0.00   0.00   0.00   0.00   0.00   0.00   0.00   0.00
   50   0.00   0.00   0.00   0.00   0.00   0.00   0.00   0.00   0.00   0.00   0.00   0.00   0.00   0.00   0.00   0.00   0.00   0.00   0.00
   40   0.00   0.00   0.00   0.00   0.00   0.00   0.00   0.00   0.00   0.00   0.00   0.00   0.00   0.00   0.00   0.00   0.00   0.00   0.00
   30   0.00   0.00   0.00   0.00   0.00   0.00   0.00   0.00   0.00   0.00   0.00   0.00   0.00   0.00   0.00   0.00   0.00   0.00   0.00 
   20   0.00   0.00   0.00   0.00   0.00   0.00   0.00   0.00   0.00   0.00   0.00   0.00   0.00   0.00   0.00   0.00   0.00   0.00   0.00
   10   0.00   0.00   0.00   0.00   0.00   0.00   0.00   0.00   0.00   0.00   0.00   0.00   0.00   0.00   0.00   0.00   0.00   0.00   0.00
    0   0.00   0.00   0.00   0.00   0.00   0.00   0.00   0.00   0.00   0.00   0.00   0.00   0.00   0.00   0.00   0.00   0.00   0.00   0.00
  -10   0.00   0.00   0.00   0.00   0.00   0.00   0.00   0.00   0.00   0.00   0.00   0.00   0.00   0.00   0.00   0.00   0.00   0.00   0.00
  -20   0.00   0.00   0.00   0.00   0.00   0.00   0.00   0.00   0.00   0.00   0.00   0.00   0.00   0.00   0.00   0.00   0.00   0.00   0.00
  -30   0.00   0.00   0.00   0.00   0.00   0.00   0.00   0.00   0.00   0.00   0.00   0.00   0.00   0.00   0.00   0.00   0.00   0.00   0.00
  -40   0.00   0.00   0.00   0.00   0.00   0.00   0.00   0.00   0.00   0.00   0.00   0.00   0.00   0.00   0.00   0.00   0.00   0.00   0.00
  -50   0.00   0.00   0.00   0.00   0.00   0.00   0.00   0.00   0.00   0.00   0.00   0.00   0.00   0.00   0.00   0.00   0.00   0.00   0.00
  -60   0.00   0.00   0.00   0.00   0.00   0.00   0.00   0.00   0.00   0.00   0.00   0.00   0.00   0.00   0.00   0.00   0.00   0.00   0.00
  -70   0.00   0.00   0.00   0.00   0.00   0.00   0.00   0.00   0.00   0.00   0.00   0.00   0.00   0.00   0.00   0.00   0.00   0.00   0.00
  -80   0.00   0.00   0.00   0.00   0.00   0.00   0.00   0.00   0.00   0.00   0.00   0.00   0.00   0.00   0.00   0.00   0.00   0.00   0.00
  -90   0.00   0.00   0.00   0.00   0.00   0.00   0.00   0.00   0.00   0.00   0.00   0.00   0.00   0.00   0.00   0.00   0.00   0.00   0.00
 -100   0.00   0.00   0.00   0.00   0.00   0.00   0.00   0.00   0.00   0.00   0.00   0.00   0.00   0.00   0.00   0.00   0.00   0.00   0.00
 -110   0.00   0.00   0.00   0.00   0.00   0.00   0.00   0.00   0.00   0.00   0.00   0.00   0.00   0.00   0.00   0.00   0.00   0.00   0.00
 -120   0.00   0.00   0.00   0.00   0.00   0.00   0.00   0.00   0.00   0.00   0.00   0.00   0.00   0.00   0.00   0.00   0.00   0.00   0.00
 -130   0.00   0.00   0.00   0.00   0.00   0.00   0.00   0.00   0.00   0.00   0.00   0.00   0.00   0.00   0.00   0.00   0.00   0.00   0.00
 -140   0.00   0.00   0.00   0.00   0.00   0.00   0.00   0.00   0.00   0.00   0.00   0.00   0.00   0.00   0.00   0.00   0.00   0.00   0.00
 -150   0.00   0.00   0.00   0.00   0.00   0.00   0.00   0.00   0.00   0.00   0.00   0.00   0.00   0.00   0.00   0.00   0.00   0.00   0.00
 -160   0.00   0.00   0.00   0.00   0.00   0.00   0.00   0.00   0.00   0.00   0.00   0.00   0.00   0.00   0.00   0.00   0.00   0.00   0.00
 -170   0.00   0.00   0.00   0.00   0.00   0.00   0.00   0.00   0.00   0.00   0.00   0.00   0.00   0.00   0.00   0.00   0.00   0.00   0.00
 -180   0.00   0.00   0.00   0.00   0.00   0.00   0.00   0.00   0.00   0.00   0.00   0.00   0.00   0.00   0.00   0.00   0.00   0.00   0.00
  180   0.04   0.01   0.00  -0.02   0.00   0.00   0.01   0.00   0.00   0.00   0.00   0.00   0.06   0.03   0.04   0.02   0.02   0.05   0.04
  170   0.04   0.03   0.00  -0.02   0.00   0.00  -0.01   0.00   0.00   0.00   0.00   0.00   0.04   0.03   0.03   0.03   0.02   0.04   0.04
  160   0.04   0.04   0.00  -0.01   0.00   0.00  -0.02   0.01   0.00   0.00   0.00   0.00   0.03   0.02   0.02   0.04   0.02   0.04   0.04
  150   0.04   0.03   0.00  -0.01  -0.02  -0.02  -0.02  -0.01   0.00   0.00   0.00   0.00   0.02   0.02   0.01   0.03   0.01   0.03   0.04
  140   0.04   0.01   0.00   0.00  -0.04  -0.03  -0.02  -0.02   0.00   0.00   0.00   0.00   0.00   0.02   0.01   0.01   0.01   0.02   0.03
  130   0.03   0.01  -0.01  -0.01  -0.05  -0.04  -0.05  -0.03   0.00   0.00   0.00   0.00  -0.01   0.01   0.01   0.01   0.01   0.01   0.02
  120   0.02   0.02  -0.02  -0.02  -0.05  -0.05  -0.07  -0.05   0.00   0.00   0.00   0.00  -0.02   0.01   0.00   0.01   0.00   0.01   0.01
  110   0.01   0.02  -0.01  -0.02  -0.05  -0.06  -0.07  -0.06   0.00   0.00   0.00   0.00  -0.02   0.01   0.01   0.01   0.01   0.02   0.02
  100   0.02   0.02   0.01  -0.03  -0.04  -0.07  -0.07  -0.07   0.00   0.00   0.00   0.00  -0.01   0.01   0.01   0.02   0.01   0.03   0.03
   90   0.03   0.02   0.00  -0.03  -0.04  -0.07  -0.07   0.00   0.00   0.00   0.00   0.00   0.00   0.00   0.00   0.03   0.01   0.04   0.03
   80   0.03   0.02  -0.01  -0.03  -0.04  -0.06  -0.06   0.00   0.00   0.00   0.00   0.00   0.01  -0.01  -0.01   0.03   0.02   0.04   0.02
   70   0.02   0.01   0.00  -0.02  -0.03  -0.07  -0.05   0.00   0.00   0.00   0.00  -0.02  -0.01  -0.01   0.00   0.04   0.04   0.04   0.04
   60   0.04   0.01   0.01  -0.01  -0.03  -0.08  -0.05   0.00   0.00   0.00   0.00  -0.03  -0.03  -0.01   0.02   0.04   0.05   0.03   0.06
   50   0.06   0.02   0.01  -0.01  -0.03   0.00   0.00   0.00   0.00   0.00   0.00  -0.03  -0.02  -0.01   0.00   0.00   0.00   0.00   0.00
   40   0.00   0.03   0.02  -0.01  -0.03   0.00   0.00   0.00   0.00   0.00   0.00  -0.03  -0.02  -0.01   0.00   0.00   0.00   0.00   0.00
   30   0.00   0.00   0.00   0.00   0.00   0.00   0.00   0.00   0.00   0.00   0.00   0.00   0.00  -0.02   0.00   0.00   0.00   0.00   0.00
   20   0.00   0.00   0.00   0.02   0.00   0.00   0.00   0.00   0.00   0.00   0.00   0.00   0.00  -0.02   0.00   0.00   0.00   0.00   0.00
   10   0.00   0.00   0.00   0.00   0.00   0.00   0.00   0.00   0.00   0.00   0.00   0.00   0.00   0.00   0.00   0.00   0.00   0.00   0.00
    0   0.00   0.00   0.00   0.00   0.00   0.00   0.00   0.00   0.00   0.00   0.00   0.00   0.00   0.00   0.00   0.00   0.00   0.00   0.00
  -10   0.00   0.00   0.00   0.00   0.00   0.00   0.00   0.00   0.00   0.00   0.00   0.00   0.00   0.00   0.00   0.00   0.00   0.00   0.00
  -20   0.00   0.00   0.00   0.00   0.00   0.07   0.06   0.00   0.00   0.00   0.00   0.00   0.00   0.00   0.00  -0.01   0.00   0.00   0.00
  -30   0.00   0.00   0.00   0.00   0.00   0.06   0.07   0.00   0.00   0.00   0.00   0.00   0.00   0.00   0.00  -0.02   0.00   0.00   0.00
  -40   0.00   0.00   0.00   0.00   0.04   0.05   0.07   0.08   0.00   0.00   0.00   0.00   0.00   0.00  -0.07  -0.03   0.00   0.02   0.00
  -50   0.00   0.00   0.00   0.00   0.04   0.03   0.05   0.07   0.00   0.00   0.00   0.00   0.00   0.00  -0.06  -0.03  -0.01   0.00   0.00
  -60   0.00   0.02   0.06   0.03   0.03   0.01   0.03   0.07   0.00   0.00   0.00   0.00   0.00  -0.04  -0.04  -0.03  -0.02  -0.01   0.04
  -70   0.04   0.01   0.05   0.04   0.04   0.01   0.02   0.06   0.00   0.00   0.00   0.00   0.00  -0.07  -0.06  -0.04  -0.03  -0.01   0.02
  -80   0.02   0.01   0.04   0.05   0.04   0.01   0.01   0.05   0.00   0.00   0.00   0.00  -0.07  -0.10  -0.07  -0.06  -0.04  -0.01   0.00
  -90   0.00   0.02   0.04   0.04   0.04   0.01   0.00   0.00   0.00   0.00   0.00   0.00  -0.07  -0.09  -0.08  -0.04  -0.02  -0.01   0.01
 -100   0.01   0.03   0.03   0.04   0.03   0.01  -0.01   0.00   0.00   0.00   0.00   0.00  -0.06  -0.07  -0.08  -0.02  -0.01   0.00   0.02
 -110   0.02   0.03   0.02   0.03   0.02   0.01  -0.01   0.00   0.00   0.00   0.00   0.03  -0.04  -0.07  -0.07  -0.03  -0.01   0.01   0.02
 -120   0.02   0.03   0.01   0.01   0.00   0.00   0.00   0.00   0.00   0.00   0.00   0.05  -0.02  -0.07  -0.05  -0.04  -0.01   0.01   0.02
 -130   0.02   0.03   0.01   0.03   0.01   0.01   0.00   0.00   0.00   0.00   0.00   0.07   0.01  -0.04  -0.03  -0.02  -0.01   0.01   0.03
 -140   0.03   0.02   0.01   0.04   0.02   0.01   0.00   0.00   0.00   0.00   0.00   0.09   0.03  -0.01  -0.01   0.00   0.00   0.01   0.03
 -150   0.03   0.04   0.03   0.03   0.01   0.01  -0.01   0.00   0.00   0.00   0.00   0.09   0.04   0.00   0.00   0.00   0.01   0.03   0.04
 -160   0.04   0.05   0.04   0.01   0.01   0.02  -0.02   0.00   0.00   0.00   0.00   0.09   0.04   0.01   0.02   0.00   0.01   0.05   0.05
 -170   0.05   0.03   0.02  -0.01   0.01   0.01  -0.01   0.00   0.00   0.00   0.00   0.00   0.05   0.02   0.03   0.01   0.01   0.05   0.04
 -180   0.04   0.01   0.00  -0.02   0.00   0.00   0.01   0.00   0.00   0.00   0.00   0.00   0.06   0.03   0.04   0.02   0.02   0.05   0.04
