HBHD 0 0 0 0 0
-13.062268 	-24.276383 	-59.239657 	-9.714851 	10.910793 	-0.238855 
8.376838 	-28.993907 	-72.305498 	-13.151439 	13.599824 0	
9.275616 	-52.494408 	4.352142 	0.406516 	3.886583 0	
0.081682 	-284.973792 	-320.056928 	98.153506 	76.704593 0 	
0.237362 	-6.601346 	-38.793081 	52.908192 	0.597200 0	
0.274677 	10.170639 	42.720162 	-43.352105 	-3.499935 0 	
1.244187 	-18.636713 	-6.768932 	0.126644 	3.356068 0	
462.150876 	-48.772739 	-58.547086 	-13.945783 	8.172272 0	
0.974373 	-27.652708 	-61.777258 	-7.462438 	13.538864 0 	
0.109113 	-29.991100 	-73.555215 	-42.123878 	17.454211 0	
WHBHD 0 0 0 0 0
1.646861 	27.778786 	47.521805 	-22.330661 	-7.001196 	-1.665575 
0.793564 	-28.836647 	-56.910836 	43.680489 	4.963152 0
0.324901 	-28.640917 	-59.543452 	-3203.534795 	13.880575 0	
4.566990 	-31.487788 	-57.228515 	-25.553677 	12.450828 0	
1.818326 	-31.738646 	-2.946521 	3.142869 	4.214472 0	
0.020885 	-16.891584 	6074.259473 	-2068.236715 	-536.530075 0 	
0.023108 	-11.387600 	1053.681607 	480.214321 	-159.466518 0	
0.076144 	-23.784102 	19.350574 	0.466233 	3.163264 0	
3.309298 	-28.413312 	-24.906489 	-22.399157 	7.480262 0	
-8.612142 	-28.346063 	-43.964028 	-28.143805 	10.124156 0 	
