# *************************************************************************************************
#Chemical shift database -- table for side-chain torsion angles chi1 & chi2 effects on 15N shifts
#**************************************************************************************************
# method: B3LYP/6-31G**, Gaussian 98i, optimized by empirical method 
#    models: X in GAXG relative to X = ALA with sheet conformation
#            X in GGGAXGGG relative to X = ALA with helix conformation
#            X = ALA, GLY, MET, GLN, GLU, LYS, ARG, PHE, TYR, TRP, HIS, SER, CYS, ASN, ASP, ILE, VAL, LEU, THR
#      date: April 10, 2001
#optimizied: November 1, 2001 
#default chi2:           180   180   180   180   180   98.3  98.0  60.0  -60               -60   0.0   180         180
#modified chi2 for ref:                                (60)  (60)                               (-60)
#==================================================================================================================================
#cf chi1 chi2 ALA  GLY   MET   GLN   GLU   LYS   ARG   PHE   TYR   TRP   HIS   SER   CYS   ASN   ASP   ILE   VAL   LEU   THR   PRO
#==================================================================================================================================
s  -60  -60  0.00  0.00  0.00 -0.22 -1.78 -1.68 -0.45 -0.57 -0.40 -0.81 -0.00  0.21  0.00  0.41  1.01 -1.58  0.56  0.01  0.01  0.01
s  -60   60  0.00  0.00  2.01 -1.01 -4.31 -1.01  0.00  0.51 -0.11 -1.15  1.11 -0.00  0.00 -0.02  1.07 -1.06 -0.00  0.02 -0.00  0.02
s  -60  180  0.00  0.00  0.00  1.00  0.10 -0.52  0.52  0.00 -1.52  0.03 -1.02 -0.00  0.00  0.02 -0.00  0.01 -0.00  0.03 -0.00  0.03
s   60  -60  0.00  0.00 -1.53  0.00 -0.80  0.00 -1.03 -1.21 -1.10 -1.16 -1.43  0.10 -2.11  1.28 -1.09 -0.00 -1.53 -0.00  1.34  0.04
s   60   60  0.00  0.00  0.00  0.03  0.02  0.00 -2.04 -0.63  0.38 -3.10 -4.00 -0.00 -2.12 -2.00 -0.34  2.95 -0.00 -2.05 -0.00  0.05
s   60  180  0.00  0.00  0.00 -1.09 -0.44 -2.06 -0.57 -0.00 -0.00 -0.00 -0.00 -0.00 -2.13 -3.03 -1.38  1.25 -0.00 -0.56 -0.00  0.06
s  180  -60  0.00  0.00  1.25 -1.64  0.00 -1.05  0.00 -1.31  0.42 -1.50 -1.18 -1.71 -3.70 -0.55 -1.46  0.61  0.00  0.66 -1.51  0.07
s  180   60  0.00  0.00  2.84  0.80  2.00 -1.46  0.06 -0.34  0.35 -0.00 -0.13 -0.00 -3.72 -1.45 -0.30  0.15 -0.00  0.50 -0.00  0.08
s  180  180  0.00  0.00  0.00  1.10  0.26 -1.51 -1.56  0.00 -1.04 -0.00  0.04 -0.00 -3.73 -1.54 -1.45  0.13 -0.00 -0.43 -0.00  0.09
h  -60  -60  0.00  0.00  0.00 -0.05 -0.10 -1.58 -1.65  2.20  1.01 -0.86 -0.00  0.14  0.00  0.05  0.22 -3.07 -2.13 -0.00 -1.74  0.10
h  -60   60  0.00  0.00  0.06  0.05 -0.84 -0.57  0.00  3.61  2.00 -1.00  1.06 -0.00  0.00 -1.12  0.18 -3.03 -0.00  1.08 -0.00  0.11
h  -60  180  0.00  0.00 -1.87  0.30  0.50  0.08  0.08  2.00  1.00 -0.00 -0.00 -0.00  0.00 -1.06 -0.56 -0.74 -0.00  0.09 -0.00  0.12
h   60  -60  0.00  0.00 -0.00 -0.00 -1.65 -0.00 -0.00 -0.00 -0.00 -3.00  2.57 -0.31  0.00 -2.07 -0.83 -2.05 -2.01 -0.00 -1.73  0.13
h   60   60  0.00  0.00 -0.00 -0.00 -0.00  0.10 -0.00  0.22  0.00  0.08 -0.00 -0.00  0.00 -2.08 -1.04 -0.00 -0.00 -0.44 -0.00  0.14
h   60  180  0.00  0.00  0.00  0.08  0.50 -0.90  1.11 -0.00 -0.00 -0.00 -0.00 -0.00  0.00 -0.00 -0.00 -0.27 -0.00 -0.00 -0.00  0.15
h  180  -60  0.00  0.00  0.43  0.00  0.50 -1.00 -0.01  2.56  1.55 -0.51 -0.00 -0.44  0.02  0.27  0.68 -0.00 -1.52 -0.53 -1.07  0.16
h  180   60  0.00  0.00 -0.80  1.07 -0.16 -0.60 -1.39  2.79  1.54 -2.10  1.55 -0.00  0.04  0.73  1.72  0.47 -0.00  0.37 -0.00  0.17
h  180  180  0.00  0.00 -0.55  0.21  0.63 -0.41 -0.42 -0.00 -0.00 -0.00  2.52 -0.00  0.00 -0.00 -0.00 -1.09 -0.00 -0.73 -0.00  0.18
n  -60  -60  0.00  0.00  0.00  0.11 -0.57 -1.84 -1.16 -0.94 -0.31 -2.01 -0.00 -1.01  0.00 -0.61 -0.02 -0.75 -1.47 -0.11 -1.82 -0.01
n  -60   60  0.00  0.00 -0.71  0.00 -1.01 -0.51  0.00 -0.01 -0.02 -2.42  1.12 -0.00  0.00 -1.54 -0.64 -0.00 -0.00 -1.62 -0.00 -0.02
n  -60  180  0.00  0.00  0.00  1.02 -0.02 -0.02 -1.02 -1.00 -1.03 -1.03 -0.00 -0.00  0.00 -1.02  1.84 -0.71 -0.00 -2.33 -0.00 -0.03
n   60  -60  0.00  0.00  0.00  0.00  0.00 -0.00 -0.00  1.52 -0.00 -1.36  0.12 -0.26 -2.15 -2.36 -1.03 -0.00 -1.06 -0.00 -2.10 -0.04
n   60   60  0.00  0.00 -0.00 -0.00 -0.00 -0.00 -3.04 -1.61 -0.38 -0.81 -0.00 -0.00 -2.16 -2.08 -1.14 -1.44 -0.00 -0.00 -0.00 -0.05
n   60  180  0.00  0.00 -1.05 -0.86  1.43 -0.65 -1.05 -0.00 -0.00 -0.00 -0.00 -0.00 -2.17 -2.53 -1.35 -1.74 -0.00 -0.00 -0.00 -0.06
n  180  -60  0.00  0.00  0.00  0.00  0.00  0.00  0.00 -0.00  0.49 -0.00 -0.00 -0.75 -3.74  1.24  2.34  0.00 -0.91 -0.00 -1.55 -0.07
n  180   60  0.00  0.00  2.15 -4.06 -0.06  0.00  0.00  0.35 -0.63 -0.00 -0.12 -0.00 -3.75 -0.53 -0.72 -0.84 -0.00  0.53 -0.00 -0.08
n  180  180  0.00  0.00  0.00  2.41  0.27  0.02  0.45 -0.00 -0.00 -0.00 -0.00 -0.00 -3.76  1.23 -1.04  0.54 -0.00  0.00 -0.00 -0.09
