# *************************************************************************************************
#Chemical shift database -- table for side-chain torsion angles chi1 & chi2 effects on 15N shifts
#**************************************************************************************************
# method: B3LYP/6-31G**, Gaussian 98i, optimized by empirical method 
#    models: X in GAXG relative to X = ALA with sheet conformation
#            X in GGGAXGGG relative to X = ALA with helix conformation
#            X = ALA, GLY, MET, GLN, GLU, LYS, ARG, PHE, TYR, TRP, HIS, SER, CYS, ASN, ASP, ILE, VAL, LEU, THR
#      date: April 10, 2001
#optimizied: November 1, 2001 
#default chi2:           180   180   180   180   180   98.3  98.0  60.0  -60               -60   0.0   180         180
#modified chi2 for ref:                                (60)  (60)                               (-60)
#==================================================================================================================================
#cf chi1 chi2 ALA  GLY   MET   GLN   GLU   LYS   ARG   PHE   TYR   TRP   HIS   SER   CYS   ASN   ASP   ILE   VAL   LEU   THR   PRO
#==================================================================================================================================
s  -60  -60  0.00  0.00  1.00 -1.52  0.41 -0.14  1.81  0.08  2.02  0.51  0.09  0.01  0.00  0.01  1.01 -1.09 -7.23  2.01  2.01  0.01 
s  -60   60  0.00  0.00 -1.94  1.11  8.01  3.01  3.00  0.40  1.51  0.52  3.76 -0.00  0.00 -0.87  1.11  1.09 -0.00  1.02 -0.00  0.02
s  -60  180  0.00  0.00  1.00 -0.21  2.02  1.02  0.52  2.99  4.12  0.23  4.02 -0.00  0.00  0.02 -0.00  1.01 -0.00  1.43 -0.00  0.03
s   60  -60  0.00  0.00  0.23  0.00  1.03  0.00  3.03 -0.71  1.13  1.48 -3.43  1.04  1.20  4.22 -4.77 -0.00  0.11 -0.00 -4.23  0.04
s   60   60  0.00  0.00  0.00  1.03  4.04  0.00  1.04 -0.12 -0.85 -2.14  0.00 -0.00  1.21  2.20  1.47 -5.25 -0.00  0.05 -0.00  0.05
s   60  180  0.00  0.00  0.00 -2.07 -1.05 -2.85  1.70 -0.00 -0.00 -0.00 -0.00 -0.00  1.22  6.03  3.84 -4.36 -0.00  2.34 -0.00  0.06
s  180  -60  0.00  0.00 -2.45 -0.44 -6.30  2.36  3.00  2.19  6.14 -0.11  5.65  0.15  3.04  3.84 -1.08 -1.16  1.01  1.98 -1.32  0.07
s  180   60  0.00  0.00  1.75  2.00  2.56  2.47  6.06  5.36  5.04 -0.00  2.46 -0.00  3.07  2.47  2.15  1.10 -0.00  2.96 -0.00  0.08
s  180  180  0.00  0.00  0.00  0.74  2.12  2.20  3.52  5.99  6.04 -0.00  5.04 -0.00  3.06  3.04  3.68  2.07 -0.00  0.20 -0.00  0.09
h  -60  -60  0.00  0.00  0.00  1.08  4.39  1.79  2.47  0.04  0.05  6.55 -0.00  0.02  0.00  2.35  3.32  1.08 -1.51 -0.00  2.02  0.10
h  -60   60  0.00  0.00  2.86  7.50  3.07  6.56 -0.00 -1.00 -1.99  4.06  3.86 -0.00  0.00  4.21  5.19  5.03 -0.00  4.07 -0.00  0.11
h  -60  180  0.00  0.00  2.07  4.20  5.08  1.57  3.08  0.05  0.99 -0.00 -0.00 -0.00  0.00 -0.26  3.45  2.04 -0.00  3.38 -0.00  0.12
h   60  -60  0.00  0.00 -0.00 -0.00  9.09 -0.00 -0.00 -0.00 -0.00  5.08  2.07  4.64  0.00 -1.07  2.03 -2.65  3.04 -0.00  1.35  0.13
h   60   60  0.00  0.00 -0.00 -0.00 -0.00  5.09 -0.00 -5.15 -0.00  0.09 -0.00 -0.00  0.00  7.08  3.04 -0.00 -0.00  8.10 -0.00  0.14
h   60  180  0.00  0.00  3.00  3.07  4.11  2.10  0.11 -0.00 -0.00 -0.00 -0.00 -0.00  0.00 -0.00 -0.00  3.07 -0.00 -0.00 -0.00  0.15
h  180  -60  0.00  0.00  1.85 -0.00  4.22  3.11  1.12  3.04  5.03  2.91 -0.00  0.87 -1.77 -0.73  1.82 -0.00  2.07  7.12  1.03  0.16 
h  180   60  0.00  0.00  4.05  5.75  4.57  1.63  9.65  3.57  3.20  7.01  2.76 -0.00 -1.78 -1.24  3.58  6.09 -0.00  5.85 -0.00  0.17
h  180  180  0.00  0.00 -1.53  4.15  4.81  3.64  2.43 -0.00 -0.00 -0.00  6.17 -0.00 -1.79 -0.00 -0.00  2.10 -0.00  6.46 -0.00  0.18
n  -60  -60  0.00  0.00  0.00  1.13 -0.58  4.76  5.12  3.72  4.01  8.01 -0.00  7.64  0.00  3.02  8.00  2.08  0.24  7.99 -1.04 -0.01
n  -60   60  0.00  0.00  2.81  3.00  4.71  4.01  3.00  3.01  4.02  7.02  8.25 -0.00  0.00  4.13  9.92 -0.00 -0.00  4.32 -0.00 -0.02
n  -60  180  0.00  0.00  2.00  6.02  1.02  5.02  1.74  0.99  0.53  5.03 -0.00 -0.00  0.00  5.03 10.43  5.41 -0.00  4.77 -0.00 -0.03
n   60  -60  0.00  0.00  0.00  0.00  0.00  0.00  0.00 -1.74  4.11  4.27  1.44  3.41  1.26  6.94  5.75 -0.00  3.14 -0.00 -2.24 -0.04
n   60   60  0.00  0.00 -0.00 -0.00 -0.00 -0.00 -4.01  1.16  0.18  2.14 -0.00 -0.00  1.25  0.23  5.68 -6.64 -0.00 -0.00 -0.00 -0.05
n   60  180  0.00  0.00  3.85 10.64  0.28  2.85  1.85 -0.00 -0.00 -0.00 -0.00 -0.00  1.24  2.04  3.85 -5.35 -0.00 -0.00 -0.00 -0.06
n  180  -60  0.00  0.00  0.00  0.00  0.00  0.00  0.00 -0.00  4.19 -0.00 -0.00  2.88  3.09  2.85 -0.08  0.00  0.31 -0.00  5.66 -0.07
n  180   60  0.00  0.00  1.56 -0.06  4.07  3.00  3.00  7.35  9.36 -0.00 -0.00 -0.00  3.07  5.15  2.03  0.13 -0.00  7.94 -0.00 -0.08
n  180  180  0.00  0.00  0.00  7.27  2.13  4.81  0.63 -0.00 -0.00 -0.00 -0.00 -0.00  3.08  4.05  4.64  3.06 -0.00  0.00 -0.00 -0.09
#==================================================================================================================================
