# *************************************************************************************************
#Chemical shift database -- table for side-chain torsion angles chi1 & chi2 effects on 15N shifts
#**************************************************************************************************
# method: B3LYP/6-31G**, Gaussian 98i, optimized by empirical method 
#    models: X in GAXG relative to X = ALA with sheet conformation
#            X in GGGAXGGG relative to X = ALA with helix conformation
#            X = ALA, GLY, MET, GLN, GLU, LYS, ARG, PHE, TYR, TRP, HIS, SER, CYS, ASN, ASP, ILE, VAL, LEU, THR
#      date: April 10, 2001
#optimizied: November 1, 2001 
#default chi2:           180   180   180   180   180   98.3  98.0  60.0  -60               -60   0.0   180         180
#modified chi2 for ref:                                (60)  (60)                               (-60)
#==================================================================================================================================
#cf chi1 chi2 ALA  GLY   MET   GLN   GLU   LYS   ARG   PHE   TYR   TRP   HIS   SER   CYS   ASN   ASP   ILE   VAL   LEU   THR   PRO
#==================================================================================================================================
s  -60  -60  0.00  0.00  0.00 -0.25 -0.49 -0.76 -0.68 -0.10 -1.57 -0.51 -0.00  0.41  0.00 -1.51  0.21 -1.23 -0.31  1.01 -0.69  0.01
s  -60   60  0.00  0.00 -0.01  0.01  0.01  0.51  0.00  0.70 -1.11  0.02 -0.85 -0.00  0.00 -2.57  1.18 -0.10 -0.00  0.02 -0.00 -0.33
s  -60  180  0.00  0.00  0.00 -2.12  0.02 -0.92  0.02 -0.00  0.02  0.96  1.02 -0.00  0.00  0.02 -0.00  0.00 -0.00  0.23 -0.00  0.03
s   60  -60  0.00  0.00 -2.03  0.00 -1.33  0.00 -1.13 -1.34 -2.51 -4.06 -2.00  0.98 -0.02 -2.04  0.70 -0.00 -3.33 -0.00 -0.54  0.04
s   60   60  0.00  0.00  0.00 -2.54 -1.84  0.00 -0.04 -0.05 -1.52 -2.66 -1.00 -0.00 -0.14 -2.94  0.68 -1.79 -0.00 -0.55 -0.00  0.05
s   60  180  0.00  0.00  0.00 -1.32  0.95  0.10 -1.08 -0.00 -0.00 -0.00 -0.00 -0.00 -0.06 -2.03 -0.00  0.24 -0.00 -1.06 -0.00  0.06
s  180  -60  0.00  0.00  1.05  0.50  0.02  1.55  0.00  1.83  0.64 -4.62 -0.65  1.20  0.42 -2.79  0.52 -2.81  0.00 -1.89 -2.21  0.07
s  180   60  0.00  0.00 -0.65 -0.50 -0.56  0.16 -2.50 -1.46 -1.34 -0.00 -2.47 -0.00  0.43 -3.72 -0.17 -2.11 -0.00 -1.32 -0.00  0.08
s  180  180  0.00  0.00  0.00 -0.55 -0.54 -0.36 -0.81 -0.00 -1.54 -0.00 -2.34 -0.00  0.44 -3.04  0.13 -1.91 -0.00 -0.29 -0.00  0.09
h  -60  -60  0.00  0.00  0.00 -0.95 -1.16 -1.08  0.56 -0.60 -1.05 -1.05 -0.00 -1.14  0.00 -1.65 -1.72 -0.69 -1.23 -0.00  0.37  0.10
h  -60   60  0.00  0.00  1.06 -1.50 -1.40 -2.06  0.00 -1.61 -0.00 -3.56  0.86 -0.00  0.00 -1.29 -3.12 -0.68 -0.00 -1.08 -0.00 -0.21
h  -60  180  0.00  0.00  1.07 -0.67 -1.00 -0.57 -1.07 -0.18 -0.00 -0.00 -0.00 -0.00  0.00 -1.06 -1.57  0.00 -0.00  0.09 -0.00  0.12
h   60  -60  0.00  0.00 -0.00 -0.00  0.05 -0.00 -0.00 -0.00 -0.00 -1.28 -3.07 -0.87  0.00  0.07 -1.03  0.03 -1.01 -0.00 -0.25 -0.23
h   60   60  0.00  0.00 -0.00 -0.00 -0.00 -2.09 -0.00 -2.00 -0.00  0.09 -0.00 -0.00  0.00 -2.08 -2.04 -0.00 -0.00 -4.11 -0.00  0.14
h   60  180  0.00  0.00  0.00  0.09  0.07 -2.00  0.10 -0.00 -0.00 -0.00 -0.00 -0.00  0.00 -0.00 -0.00 -1.05 -0.00 -0.00 -0.00  0.15
h  180  -60  0.00  0.00 -0.40  0.00 -2.18 -2.81 -3.11 -2.02 -1.32 -1.03 -0.00 -0.53 -0.29 -0.37 -1.61 -0.00  0.02 -0.13 -0.01  0.16
h  180   60  0.00  0.00  0.23 -2.65 -1.18 -3.45  2.80 -2.23 -1.64 -2.79 -1.30 -0.00 -0.29 -1.29 -2.88 -3.07 -0.00 -0.34 -0.00  0.17
h  180  180  0.00  0.00  0.14 -1.93 -0.73 -2.27 -1.51 -0.00 -0.00 -0.00  0.71 -0.00 -0.29 -0.00 -0.00 -1.08 -0.00 -0.62 -0.00  0.18
n  -60  -60  0.00  0.00  0.00 -1.44 -0.48 -1.37 -1.93 -0.05 -0.46 -1.01 -0.00 -3.01  0.00 -2.62 -0.39  0.56 -2.14 -1.51 -0.64 -0.01
n  -60   60  0.00  0.00  1.51  0.00  0.09 -1.11  0.00  1.01 -1.01 -2.02  0.64 -0.00  0.00  0.28  0.13 -0.00 -0.00 -1.22 -0.00  1.98
n  -60  180  0.00  0.00  0.00 -1.01  1.18 -0.52 -1.52 -0.00 -1.02 -0.03 -0.00 -0.00  0.00 -1.83 -1.07  0.00 -0.00 -1.33 -0.00 -0.03
n   60  -60  0.00  0.00  0.00  0.00  0.00  0.00  0.00 -0.56 -0.00 -2.29 -2.81 -0.16 -0.10 -1.03 -0.11 -0.00 -6.46 -0.00 -0.57 -0.04
n   60   60  0.00  0.00  0.00  0.00  0.00  0.00 -3.04 -1.87 -2.08  2.07 -0.00 -0.00 -0.09 -0.93 -1.33 -1.77 -0.00 -0.00 -0.00 -0.05
n   60  180  0.00  0.00  0.00 -1.83 -0.16 -0.05 -0.01 -0.00 -0.00 -0.00 -0.00 -0.00 -0.13 -0.44 -1.01 -1.76 -0.00 -0.00 -0.00 -0.06
n  180  -60  0.00  0.00  0.00  0.00  0.00  0.00  0.00 -0.00  0.91 -0.00 -0.00 -1.23  0.41 -2.11  0.12  0.00 -1.32 -0.00 -3.05 -0.07
n  180   60  0.00  0.00 -0.73 -0.20 -0.06  0.00  0.00 -0.76  0.22 -0.00  0.46 -0.00  0.45  1.40 -1.92  2.80 -0.00 -1.11 -0.00 -0.08
n  180  180  0.00  0.00  0.00  0.07 -0.41  1.17 -2.51 -0.00 -0.00 -0.00 -0.00 -0.00  0.46 -3.05 -0.82 -2.50 -0.00  0.00 -0.00 -0.09
#==================================================================================================================================
