# *************************************************************************************************
#Chemical shift database -- table for side-chain torsion angles chi1 & chi2 effects on 15N shifts
#**************************************************************************************************
# method: B3LYP/6-31G**, Gaussian 98i, optimized by empirical method 
#    models: X in GAXG relative to X = ALA with sheet conformation
#            X in GGGAXGGG relative to X = ALA with helix conformation
#            X = ALA, GLY, MET, GLN, GLU, LYS, ARG, PHE, TYR, TRP, HIS, SER, CYS, ASN, ASP, ILE, VAL, LEU, THR
#      date: April 10, 2001
#optimizied: November 1, 2001 
#default chi2:           180   180   180   180   180   98.3  98.0  60.0  -60               -60   0.0   180         180
#modified chi2 for ref:                                (60)  (60)                               (-60)
#==================================================================================================================================
#cf chi1 chi2 ALA  GLY   MET   GLN   GLU   LYS   ARG   PHE   TYR   TRP   HIS   SER   CYS   ASN   ASP   ILE   VAL   LEU   THR   PRO
#==================================================================================================================================
s  -60  -60  0.00  0.00  0.00 -1.95 -0.41 -1.36 -1.72  0.12 -0.37 -2.12 -0.00  1.31  0.00 -0.71  0.71 -2.23 -1.81  0.01  0.31  0.01
s  -60   60  0.00  0.00 -1.71  0.01  0.01 -1.01  0.00 -0.60 -1.01  0.02 -0.15 -0.00  0.00 -1.57  0.18 -1.10 -0.00  0.02 -0.00  0.02
s  -60  180  0.00  0.00  0.00  0.02  0.02  0.02 -0.52  0.00  0.02 -2.03  1.02 -0.00  0.00 -1.02 -0.00  0.00 -0.00 -1.03 -0.00  0.03
s   60  -60  0.00  0.00 -1.03 -0.00  0.03  0.00  2.03 -1.04 -1.41 -1.06 -0.80  0.48 -0.02 -2.14 -3.30 -0.00 -2.93 -0.00 -1.18  0.04
s   60   60  0.00  0.00  0.00  0.04  0.04  0.00 -1.04 -0.05 -0.52  2.66 -3.00 -0.00 -0.14 -0.94  1.18 -0.99 -0.00  0.05 -0.00  0.05
s   60  180  0.00  0.00  0.00 -1.82 -0.15 -1.00 -0.47 -0.00 -0.00 -0.00 -0.00 -0.00 -0.06 -1.03 -0.00 -0.26 -0.00  0.06 -0.00  0.06
s  180  -60  0.00  0.00 -1.25 -2.50 -2.50 -2.55 -1.00  0.33  0.64  1.22  0.25  0.70  0.42  0.21 -0.52 -0.51  0.00 -2.89 -1.21  0.07
s  180   60  0.00  0.00 -1.25 -2.00  0.00 -1.56 -2.50 -0.96 -2.44 -0.00  0.47 -0.00  0.43  0.42  0.43 -0.51 -0.00 -0.22 -0.00  0.08
s  180  180  0.00  0.00  0.00  0.05  0.36 -0.36 -0.13  0.00  0.04 -0.00 -1.54 -0.00  0.44  0.04  2.13 -1.41 -0.00  0.69 -0.00  0.09
h  -60  -60  0.00  0.00  0.00 -1.45  0.34 -2.18 -1.26  2.80  0.05  0.95 -0.00 -0.84  0.00 -0.55  0.02 -0.39 -1.23 -0.00  0.77  0.10
h  -60   60  0.00  0.00 -2.06  0.50 -0.50 -1.06 -0.50  2.81  2.00  2.06 -1.16 -0.00  0.00  1.21 -0.62 -0.12 -0.00  0.08 -0.00  0.11
h  -60  180  0.00  0.00 -2.07  0.06 -1.00 -1.87  0.07  3.82  2.00 -0.00 -0.00 -0.00  0.00 -0.56  0.43  1.00 -0.00  0.09 -0.00  0.12
h   60  -60  0.00  0.00 -0.00 -0.00  0.05 -0.00 -0.00 -0.00 -0.00  1.08 -2.85 -0.47  0.00  0.07 -0.73  1.03 -1.01 -0.00 -0.55 -0.87
h   60   60  0.00  0.00 -0.00 -0.00 -0.00  0.09 -0.00 -0.20  0.00  0.09 -0.00 -0.00  0.00 -3.08 -3.24 -0.00 -0.00  0.11 -0.00  0.14
h   60  180  0.00  0.00  0.00  0.09  0.07 -2.00  0.10 -0.00 -0.00 -0.00 -0.00 -0.00  0.00 -0.00 -0.00  1.55 -0.00 -0.00 -0.00  0.15
h  180  -60  0.00  0.00 -0.61 -0.00  0.08 -2.81 -1.11  3.98  2.58  1.13 -0.00 -1.23 -0.29  1.87 -0.39 -0.00  0.82  0.13 -0.01  0.16
h  180   60  0.00  0.00 -0.28 -0.15 -1.18 -0.85 -1.10  3.53  3.14  2.11 -2.20 -0.00 -0.29  0.71  0.42 -1.37 -0.00  0.84 -0.00  0.17
h  180  180  0.00  0.00 -3.44  0.77 -0.13 -1.27 -0.81 -0.00 -0.00 -0.00  0.71 -0.00 -0.29 -0.00 -0.00  1.08 -0.00 -0.12 -0.00  0.18
n  -60  -60  0.00  0.00  0.00 -1.94 -0.42 -2.87 -1.93 -0.05 -0.16 -1.31 -0.00  1.01  0.00 -0.03  0.71  0.56 -2.04 -0.01 -2.04 -0.01
n  -60   60  0.00  0.00 -1.81 -0.01 -0.01 -0.51 -0.01  1.01 -0.01 -1.02 -0.26 -0.00  0.00  1.68 -0.53 -0.00 -0.00 -0.02 -0.00 -2.02
n  -60  180  0.00  0.00  0.00 -0.01 -0.02 -2.02 -0.77 -0.00 -1.02  3.03 -0.00 -0.00  0.00  0.87  2.57  1.00 -0.00 -0.03 -0.00 -0.03
n   60  -60  0.00  0.00  0.00  0.00  0.00 -0.00 -0.00 -0.56 -0.00 -3.89 -2.01 -0.26 -0.10 -0.02 -0.01 -0.00 -2.96 -0.00 -2.27 -0.04
n   60   60  0.00  0.00 -0.00 -0.00 -0.00 -0.00 -1.04 -1.87  1.88  2.07 -0.00 -0.00 -0.09 -0.53 -0.50 -1.77 -0.00 -0.00 -0.00 -0.05
n   60  180  0.00  0.00 -1.00 -1.83 -0.16 -1.05 -1.00 -0.00 -0.00 -0.00 -0.00 -0.00 -0.13 -0.44 -0.71 -0.27 -0.00 -0.00 -0.00 -0.06
n  180  -60  0.00  0.00 -0.00 -0.00  0.00  0.00 -0.00 -0.00  3.31 -0.00 -0.00 -1.33  0.41 -0.11 -1.51  0.00 -0.01 -0.00 -3.05 -0.07
n  180   60  0.00  0.00 -0.27 -2.00 -0.06 -0.00 -0.00 -0.76  3.32 -0.00  0.46 -0.00  0.45 -0.60  0.52 -1.10 -0.00 -1.11 -0.00 -0.08
n  180  180  0.00  0.00  0.00  0.07  0.66 -0.87 -0.92 -0.00 -0.00 -0.00 -0.00 -0.00  0.46  0.45 -1.38 -2.50 -0.00  0.00 -0.00 -0.09
#==================================================================================================================================
                    
