#-----------------------------------------------------------------------------------------------------------------------------------------
#ps\ph  -180   -160   -140   -120   -100   -80    -60    -40    -20     0      20     40     60     80    100    120    140    160    180
#-----------------------------------------------------------------------------------------------------------------------------------------
  180   0.42  -0.03  -0.49  -0.69  -0.50  -0.44  -0.37   0.00   0.00   0.00   0.00   0.00   0.40   0.00   0.00   0.00   0.00   0.00   0.00
  170   0.40   0.07  -0.24  -0.63  -0.42  -0.47  -0.43  -0.49   0.00   0.00   0.00   0.00   0.38   0.00   0.00   0.00   0.00   0.00   0.00
  160   0.34  -0.02  -0.12  -0.61  -0.46  -0.51  -0.52  -0.55   0.00   0.00   0.00   0.00   0.36   0.00   0.00   0.00   0.00   0.00   0.00
  150   0.26  -0.06  -0.17  -0.69  -0.62  -0.44  -0.56  -0.60   0.00   0.00   0.00   0.00   0.00   0.00   0.00   0.00   0.00   0.00   0.00
  140   0.21  -0.04  -0.23  -0.70  -0.67  -0.49  -0.54  -0.67   0.00   0.00   0.00   0.00   0.00   0.00   0.00   0.00   0.00   0.00   0.00
  130   0.22   0.02  -0.30  -0.68  -0.60  -0.54  -0.52  -0.79   0.00   0.00   0.00   0.00   0.00   0.00   0.00   0.00   0.00   0.00   0.00
  120   0.27   0.08  -0.37  -0.67  -0.64  -0.58  -0.53  -0.88   0.00   0.00   0.00   0.00   0.00   0.00   0.00   0.00   0.00   0.00   0.00
  110   0.31   0.09  -0.46  -0.67  -0.72  -0.56  -0.59  -0.77   0.00   0.00   0.00   0.00   0.00   0.00   0.00   0.00   0.00   0.00   0.00
  100   0.28   0.03  -0.53  -0.66  -0.76  -0.54  -0.46  -0.50   0.00   0.00   0.00   0.00   0.01   0.00   0.00   0.00   0.00   0.00   0.00
   90   0.18  -0.06  -0.58  -0.64  -0.79  -0.60   0.00  -0.36   0.00   0.00   0.00   0.00   0.00   0.00   0.00   0.00   0.00   0.00   0.00
   80   0.05  -0.15  -0.59  -0.62  -0.80  -0.68   0.00   0.00   0.00   0.00   0.00  -0.40   0.00   0.00   0.00   0.00   0.00   0.00   0.00
   70  -0.04  -0.22  -0.56  -0.60  -0.81  -0.71  -0.59   0.00   0.00   0.00   0.00  -0.50   0.00   0.00   0.00   0.00   0.00   0.00   0.00
   60  -0.08  -0.24  -0.48  -0.59  -0.81  -0.67   0.00   0.00   0.00   0.00   0.00  -0.61  -0.25   0.00   0.00   0.00   0.00   0.00   0.00
   50  -0.06  -0.22  -0.36  -0.59  -0.77  -0.19   0.00   0.00   0.00   0.00   0.00  -0.62  -0.33   0.00   0.00   0.00   0.00   0.00   0.00
   40   0.00  -0.17  -0.24  -0.55  -0.68   0.00   0.00   0.00   0.00   0.00   0.00  -0.63  -0.40   0.00   0.00   0.00   0.00   0.00   0.00
   30   0.00  -0.13  -0.18   0.00  -0.52   0.00   0.00   0.00   0.00   0.00   0.00   0.00  -0.42   0.00   0.00   0.00   0.00   0.00   0.00
   20   0.00   0.00   0.00   0.00   0.00   0.00   0.00   0.00   0.00   0.00   0.00   0.00  -0.43   0.00   0.00   0.00   0.00   0.00   0.00
   10   0.00   0.00   0.00   0.00   0.00   0.00   0.00   0.00   0.00   0.00   0.00   0.00   0.00   0.00   0.00   0.00   0.00   0.00   0.00
    0   0.00   0.00   0.00   0.00   0.00   0.00   0.00   0.00   0.00   0.00   0.00   0.00   0.00   0.00   0.00   0.00   0.00   0.00   0.00
  -10   0.00   0.00   0.00   0.00   0.00   0.00   0.00   0.00   0.00   0.00   0.00   0.00   0.00   0.00   0.00   0.00   0.00   0.00   0.00
  -20   0.00   0.00   0.00   0.00   0.00   0.00   0.00   0.00   0.00   0.00   0.00   0.00   0.00   0.00   0.00   0.00   0.00   0.00   0.00
  -30   0.00   0.00   0.00   0.00  -0.37  -0.21   0.00   0.58   0.00   0.00   0.00   0.00   0.00   0.00   0.00   0.00   0.00   0.00   0.00
  -40   0.00   0.00   0.00   0.00  -0.39  -0.34   0.01   0.42   0.00   0.00   0.00   0.00   0.00   0.00   0.00   0.00   0.00   0.00   0.00
  -50   0.00   0.00   0.00   0.00  -0.47   0.00   0.00   0.20   0.00   0.00   0.00   0.00   0.00   0.00   0.00   0.00   0.00   0.00   0.00
  -60   0.00   0.00   0.00   0.00   0.00   0.00  -0.05   0.09   0.00   0.00   0.00   0.00   0.00   0.00   0.00   0.00   0.00   0.00   0.00
  -70   0.00   0.00   0.00   0.00   0.00   0.00   0.00   0.00   0.00   0.00   0.00   0.00   0.00   0.00   0.00   0.00   0.00   0.00   0.00
  -80   0.00   0.00   0.00   0.00   0.00   0.00   0.00   0.00   0.00   0.00   0.00   0.00   0.00   0.00   0.00   0.00   0.00   0.00   0.00
  -90   0.00   0.00   0.00   0.00   0.00   0.00   0.00   0.00   0.00   0.00   0.00   0.00   0.00   0.00   0.00   0.00   0.00   0.00   0.00
 -100   0.00   0.00   0.00   0.00   0.00   0.00   0.00   0.00   0.00   0.00   0.00   0.00   0.00   0.00   0.00   0.00   0.00   0.00   0.00
 -110   0.00   0.00   0.00   0.00   0.00   0.00   0.00   0.00   0.00   0.00   0.00   0.00   0.00   0.00   0.00   0.00   0.00   0.00   0.00
 -120   0.00   0.00   0.00   0.00   0.00   0.00   0.00   0.00   0.00   0.00   0.00   0.00   0.00   0.00   0.00   0.00   0.00   0.00   0.00
 -130   0.00   0.00   0.00   0.00   0.00   0.00   0.00   0.00   0.00   0.00   0.00   0.00   0.00   0.00   0.00   0.00   0.00   0.00   0.00
 -140   0.00   0.00   0.00   0.00   0.00   0.00   0.00   0.00   0.00   0.00   0.00   0.00   0.00   0.00   0.00   0.00   0.00   0.00   0.00
 -150   0.00   0.00   0.00   0.00   0.00   0.00   0.00   0.00   0.00   0.00   0.00   0.00   0.00   0.00   0.00   0.00   0.00   0.00   0.00
 -160   0.00   0.00   0.00   0.00   0.00   0.00   0.00   0.00   0.00   0.00   0.00   0.00   0.00   0.00   0.00   0.00   0.00   0.00   0.00
 -170   0.00   0.00   0.00   0.00   0.00   0.00   0.00   0.00   0.00   0.00   0.00   0.00   0.00   0.00   0.00   0.00   0.00   0.00   0.00
 -180   0.42  -0.03  -0.49  -0.69  -0.50  -0.44  -0.37   0.00   0.00   0.00   0.00   0.00   0.40   0.00   0.00   0.00   0.00   0.00   0.00
  180   0.00  -4.01  -4.72  -4.93  -4.27  -3.13  -2.58   0.00   0.00   0.00   0.00   0.00   0.25   0.00   0.00   0.00   0.00   0.00   0.00
  170  -1.00  -3.42  -4.37  -4.65  -3.90  -2.62  -1.97   0.00   0.00   0.00   0.00   0.00   0.70   0.00   0.00   0.00   0.00   0.00   0.00
  160  -1.00  -2.83  -4.02  -4.37  -3.53  -2.12  -1.37  -1.60   0.00   0.00   0.00   0.00   1.15   0.00   0.00   0.00   0.00   0.00   0.00
  150  -1.00  -2.18  -3.58  -4.09  -3.36  -1.91  -0.99  -1.17   0.00   0.00   0.00   0.00   1.59   0.00   0.00   0.00   0.00   0.00   0.00
  140  -1.00  -1.53  -3.13  -3.82  -3.18  -1.70  -0.62  -0.74   0.00   0.00   0.00   0.00   2.04   0.00   0.00   0.00   0.00   0.00   0.00
  130   0.00  -1.41  -3.08  -3.89  -3.39  -1.88  -0.75  -0.64   0.00   0.00   0.00   0.00   2.06   0.00   0.00   0.00   0.00   0.00   0.00
  120   0.00  -1.29  -3.02  -3.95  -3.59  -2.05  -0.89  -0.53   0.00   0.00   0.00   0.00   2.08   0.00   0.00   0.00   0.00   0.00   0.00
  110   0.00  -1.89  -3.58  -4.53  -4.28  -2.81  -1.51  -0.97   0.00   0.00   0.00   0.00   1.61   0.00   0.00   0.00   0.00   0.00   0.00
  100   0.00  -2.49  -4.13  -5.11  -4.97  -3.58  -2.13  -1.40   0.00   0.00   0.00   0.92   1.14   0.00   0.00   0.00   0.00   0.00   0.00
   90  -1.00  -3.29  -4.89  -5.84  -5.72  -4.48  -3.07  -2.11   0.00   0.00   0.00  -0.21   0.30   0.00   0.00   0.00   0.00   0.00   0.00
   80  -1.00  -4.09  -5.66  -6.56  -6.46  -5.38  -4.01  -2.82   0.00   0.00   0.00  -1.34  -0.55   0.00   0.00   0.00   0.00   0.00   0.00
   70  -2.00  -4.45  -5.95  -6.78  -6.62  -5.60  -3.00  -1.00   0.00   0.00   0.00  -1.99  -1.17   0.00   0.00   0.00   0.00   0.00   0.00
   60  -2.00  -4.82  -6.25  -7.01  -6.77  -5.82  -2.00  -1.00   0.00   0.00   0.00  -2.64  -1.80   0.00   0.00   0.00   0.00   0.00   0.00
   50  -2.00  -4.61  -4.00  -6.54  -6.21  -4.00  -1.00   0.00   0.00   0.00   0.00  -2.56  -1.78   0.00   0.00   0.00   0.00   0.00   0.00
   40  -1.00  -4.41  -3.00  -6.07  -5.65  -3.00   0.00   0.00   0.00   0.00   0.00  -2.49  -1.77   0.00   0.00   0.00   0.00   0.00   0.00
   30   0.00  -3.00  -2.00  -5.00  -4.97  -2.00   0.00   0.00   0.00   0.00   0.00   0.00  -1.30   0.00   0.00   0.00   0.00   0.00   0.00
   20   0.00  -2.00  -1.00  -4.00  -4.30  -1.00   0.00   0.00   0.00   0.00   0.00   0.00  -0.82   0.00   0.00   0.00   0.00   0.00   0.00
   10   0.00  -1.00   0.00  -3.00  -3.00   0.00   0.00   0.00   0.00   0.00   0.00   0.00   0.00   0.00   0.00   0.00   0.00   0.00   0.00
    0   0.00   0.00   0.00  -2.00  -2.00   0.00   0.00   0.00   0.00   0.00   0.00   0.00   0.00   0.00   0.00   0.00   0.00   0.00   0.00
  -10   0.00   0.00   0.00  -1.00  -1.00   0.00   0.00   0.00   0.00   0.00   0.00   0.00   0.00   0.00   0.00   0.00   0.00   0.00   0.00
  -20   0.00   0.00   0.00   0.00   0.00   0.00   0.00   0.00   0.00   0.00   0.00   0.00   0.00   0.00   0.00   0.00   0.00   0.00   0.00
  -30   0.00   0.00   0.00   0.00   0.00   0.00   0.00   0.00   0.00   0.00   0.00   0.00   0.00   0.00   0.00   0.00   0.00   0.00   0.00
  -40   0.00   0.00   0.00   0.00  -1.00  -0.92  -0.03   0.26   0.00   0.00   0.00   0.00   0.00   0.00   0.00   0.00   0.00   0.00   0.00
  -50   0.00   0.00   0.00   0.00   0.00  -1.00   0.00   0.30   0.00   0.00   0.00   0.00   0.00   0.00   0.00   0.00   0.00   0.00   0.00
  -60   0.00  -0.52   0.00   0.00   0.00   0.00   0.04   0.33   0.00   0.00   0.00   0.00   0.00   0.00   0.00   0.00   0.00   0.00   0.00
  -70   0.00   0.00   0.00   0.00   0.00   0.00   0.00   0.00   0.00   0.00   0.00   0.00   0.00   0.00   0.00   0.00   0.00   0.00   0.00
  -80   0.00   0.00   0.00   0.00   0.00   0.00   0.00   0.00   0.00   0.00   0.00   0.00   0.00   0.00   0.00   0.00   0.00   0.00   0.00
  -90   0.00   0.00   0.00   0.00   0.00   0.00   0.00   0.00   0.00   0.00   0.00   0.00   0.00   0.00   0.00   0.00   0.00   0.00   0.00
 -100   0.00   0.00   0.00   0.00   0.00   0.00   0.00   0.00   0.00   0.00   0.00   0.00   0.00   0.00   0.00   0.00   0.00   0.00   0.00
 -110   0.00   0.00   0.00   0.00   0.00   0.00   0.00   0.00   0.00   0.00   0.00   0.00   0.00   0.00   0.00   0.00   0.00   0.00   0.00
 -120   0.00   0.00   0.00   0.00   0.00   0.00   0.00   0.00   0.00   0.00   0.00   0.00   0.00   0.00   0.00   0.00   0.00   0.00   0.00
 -130   0.00   0.00   0.00   0.00   0.00   0.00   0.00   0.00   0.00   0.00   0.00   0.00   0.00   0.00   0.00   0.00   0.00   0.00   0.00
 -140   0.00   0.00   0.00   0.00   0.00   0.00   0.00   0.00   0.00   0.00   0.00   0.00   0.00   0.00   0.00   0.00   0.00   0.00   0.00
 -150   0.00   0.00   0.00   0.00   0.00   0.00   0.00   0.00   0.00   0.00   0.00   0.00   0.00   0.00   0.00   0.00   0.00   0.00   0.00
 -160   0.00   0.00   0.00   0.00   0.00   0.00   0.00   0.00   0.00   0.00   0.00   0.00   0.00   0.00   0.00   0.00   0.00   0.00   0.00
 -170   0.00   0.00   0.00   0.00   0.00   0.00   0.00   0.00   0.00   0.00   0.00   0.00   0.00   0.00   0.00   0.00   0.00   0.00   0.00
 -180   0.00  -4.01  -4.72  -4.93  -4.27  -3.13  -2.58   0.00   0.00   0.00   0.00   0.00   0.25   0.00   0.00   0.00   0.00   0.00   0.00
  180  -0.19  -0.34  -0.24  -0.44  -0.28  -0.44  -0.40   0.00   0.00   0.00   0.00   0.00   0.03   0.00   0.00   0.00   0.00   0.00   0.00
  170  -0.34  -0.19  -0.36  -0.44  -0.40  -0.46  -0.64  -0.39   0.00   0.00   0.00   0.00  -0.09   0.00   0.00   0.00   0.00   0.00   0.00
  160  -0.01  -0.34  -0.34  -0.40  -0.52  -0.44  -0.43  -0.44   0.00   0.00   0.00   0.00  -0.21   0.00   0.00   0.00   0.00   0.00   0.00
  150  -0.07  -0.27  -0.32  -0.51  -0.45  -0.49  -0.51  -0.41   0.00   0.00   0.00   0.00   0.00   0.00   0.00   0.00   0.00   0.00   0.00
  140  -0.27  -0.29  -0.24  -0.43  -0.55  -0.45  -0.51  -0.28   0.00   0.00   0.00   0.00   0.00   0.00   0.00   0.00   0.00   0.00   0.00
  130  -0.26  -0.30  -0.46  -0.19  -0.41  -0.41  -0.43  -0.51   0.00   0.00   0.00   0.00   0.00   0.00   0.00   0.00   0.00   0.00   0.00
  120  -0.13  -0.18  -0.12  -0.46  -0.35  -0.19  -0.50  -0.44   0.00   0.00   0.00   0.00   0.00   0.00   0.00   0.00   0.00   0.00   0.00
  110  -0.09  -0.23  -0.15  -0.19  -0.27  -0.23  -0.41  -0.10   0.00   0.00   0.00   0.00   0.00   0.00   0.00   0.00   0.00   0.00   0.00
  100  -0.12  -0.01  -0.20  -0.04  -0.30  -0.28  -0.24  -0.05   0.00   0.00   0.00   0.00  -0.59   0.00   0.00   0.00   0.00   0.00   0.00
   90  -0.06   0.05   0.06  -0.08   0.11   0.20   0.00   0.04   0.00   0.00   0.00   0.00   0.00   0.00   0.00   0.00   0.00   0.00   0.00
   80  -0.02   0.06   0.27   0.15   0.18   0.45   0.00   0.00   0.00   0.00   0.00  -0.58   0.00   0.00   0.00   0.00   0.00   0.00   0.00
   70  -0.25  -0.15   0.07   0.20   0.20   0.57   0.26   0.00   0.00   0.00   0.00  -0.65   0.00   0.00   0.00   0.00   0.00   0.00   0.00
   60  -0.36  -0.10   0.10   0.13   0.54   0.88   0.00   0.00   0.00   0.00   0.00  -0.72  -0.61   0.00   0.00   0.00   0.00   0.00   0.00
   50  -0.64  -0.28  -0.10   0.30   0.57   0.19   0.00   0.00   0.00   0.00   0.00  -0.66  -0.59   0.00   0.00   0.00   0.00   0.00   0.00
   40   0.00  -0.45  -0.14   0.37   0.61   0.00   0.00   0.00   0.00   0.00   0.00  -0.60  -0.57   0.00   0.00   0.00   0.00   0.00   0.00
   30   0.00  -0.57  -0.23   0.00   0.64   0.00   0.00   0.00   0.00   0.00   0.00   0.00  -0.50   0.00   0.00   0.00   0.00   0.00   0.00
   20   0.00   0.00   0.00   0.00   0.00   0.00   0.00   0.00   0.00   0.00   0.00   0.00  -0.43   0.00   0.00   0.00   0.00   0.00   0.00
   10   0.00   0.00   0.00   0.00   0.00   0.00   0.00   0.00   0.00   0.00   0.00   0.00   0.00   0.00   0.00   0.00   0.00   0.00   0.00
    0   0.00   0.00   0.00   0.00   0.00   0.00   0.00   0.00   0.00   0.00   0.00   0.00   0.00   0.00   0.00   0.00   0.00   0.00   0.00
  -10   0.00   0.00   0.00   0.00   0.00   0.00   0.00   0.00   0.00   0.00   0.00   0.00   0.00   0.00   0.00   0.00   0.00   0.00   0.00
  -20   0.00   0.00   0.00   0.00   0.00   0.00   0.00   0.00   0.00   0.00   0.00   0.00   0.00   0.00   0.00   0.00   0.00   0.00   0.00
  -30   0.00   0.00   0.00   0.00  -0.55  -0.01   0.00   0.95   0.00   0.00   0.00   0.00   0.00   0.00   0.00   0.00   0.00   0.00   0.00
  -40   0.00   0.00   0.00   0.00  -0.58  -0.26   0.37   0.85   0.00   0.00   0.00   0.00   0.00   0.00   0.00   0.00   0.00   0.00   0.00
  -50   0.00   0.00   0.00   0.00  -0.71   0.00   0.00   0.48   0.00   0.00   0.00   0.00   0.00   0.00   0.00   0.00   0.00   0.00   0.00
  -60   0.00   0.00   0.00   0.00   0.00   0.00  -0.14   0.16   0.00   0.00   0.00   0.00   0.00   0.00   0.00   0.00   0.00   0.00   0.00
  -70   0.00   0.00   0.00   0.00   0.00   0.00   0.00   0.00   0.00   0.00   0.00   0.00   0.00   0.00   0.00   0.00   0.00   0.00   0.00
  -80   0.00   0.00   0.00   0.00   0.00   0.00   0.00   0.00   0.00   0.00   0.00   0.00   0.00   0.00   0.00   0.00   0.00   0.00   0.00
  -90   0.00   0.00   0.00   0.00   0.00   0.00   0.00   0.00   0.00   0.00   0.00   0.00   0.00   0.00   0.00   0.00   0.00   0.00   0.00
 -100   0.00   0.00   0.00   0.00   0.00   0.00   0.00   0.00   0.00   0.00   0.00   0.00   0.00   0.00   0.00   0.00   0.00   0.00   0.00
 -110   0.00   0.00   0.00   0.00   0.00   0.00   0.00   0.00   0.00   0.00   0.00   0.00   0.00   0.00   0.00   0.00   0.00   0.00   0.00
 -120   0.00   0.00   0.00   0.00   0.00   0.00   0.00   0.00   0.00   0.00   0.00   0.00   0.00   0.00   0.00   0.00   0.00   0.00   0.00
 -130   0.00   0.00   0.00   0.00   0.00   0.00   0.00   0.00   0.00   0.00   0.00   0.00   0.00   0.00   0.00   0.00   0.00   0.00   0.00
 -140   0.00   0.00   0.00   0.00   0.00   0.00   0.00   0.00   0.00   0.00   0.00   0.00   0.00   0.00   0.00   0.00   0.00   0.00   0.00
 -150   0.00   0.00   0.00   0.00   0.00   0.00   0.00   0.00   0.00   0.00   0.00   0.00   0.00   0.00   0.00   0.00   0.00   0.00   0.00
 -160   0.00   0.00   0.00   0.00   0.00   0.00   0.00   0.00   0.00   0.00   0.00   0.00   0.00   0.00   0.00   0.00   0.00   0.00   0.00
 -170   0.00   0.00   0.00   0.00   0.00   0.00   0.00   0.00   0.00   0.00   0.00   0.00   0.00   0.00   0.00   0.00   0.00   0.00   0.00
 -180  -0.19  -0.34  -0.24  -0.44  -0.28  -0.44  -0.40   0.00   0.00   0.00   0.00   0.00   0.03   0.00   0.00   0.00   0.00   0.00   0.00
