#-----------------------------------------------------------------------------------------------------------------------------------------
#ps\ph  -180   -160   -140   -120   -100   -80    -60    -40    -20     0      20     40     60     80    100    120    140    160    180
#-----------------------------------------------------------------------------------------------------------------------------------------
  180  -8.00  -8.00  -8.93 -10.11 -10.68 -10.88  -9.95  -8.00   0.00   0.00   0.00   0.00  -0.27   0.00   0.00   0.00   0.00   0.00   0.00
  170  -7.00  -8.00  -8.59  -9.66 -10.44 -10.62 -10.11  -9.00   0.00   0.00   0.00   0.00  -0.45   0.00   0.00   0.00   0.00   0.00   0.00
  160  -7.00  -7.00  -8.24  -9.21 -10.19 -10.36 -10.27  -9.00   0.00   0.00   0.00   0.00  -0.63   0.00   0.00   0.00   0.00   0.00   0.00
  150  -7.00  -7.00  -7.98  -8.91  -9.91 -10.06 -10.11  -9.00   0.00   0.00   0.00   0.00  -0.85   0.00   0.00   0.00   0.00   0.00   0.00
  140  -7.00  -7.00  -7.73  -8.61  -9.64  -9.75  -9.95  -9.00   0.00   0.00   0.00   0.00  -1.08   0.00   0.00   0.00   0.00   0.00   0.00
  130  -7.00  -7.00  -7.52  -8.34  -9.27  -9.41  -9.66  -9.00   0.00   0.00   0.00  -1.00  -1.29   0.00   0.00   0.00   0.00   0.00   0.00
  120  -6.00  -7.00  -7.31  -8.06  -8.90  -9.08  -9.36  -9.00   0.00   0.00   0.00  -1.00  -1.50  -1.00   0.00   0.00   0.00   0.00   0.00
  110  -6.00  -6.00  -7.05  -7.87  -8.50  -8.72  -8.98  -8.00   0.00   0.00   0.00  -2.00  -1.75  -2.00   0.00   0.00   0.00   0.00   0.00
  100  -6.00  -6.00  -6.79  -7.69  -8.09  -8.36  -8.61  -8.00   0.00   0.00   0.00  -3.16  -2.00  -3.00   0.00   0.00   0.00   0.00   0.00
   90  -5.00  -6.00  -6.58  -7.38  -7.83  -8.11  -8.34  -8.00   0.00   0.00   0.00  -3.37  -2.14  -3.00   0.00   0.00   0.00   0.00   0.00
   80  -5.00  -5.00  -6.36  -7.08  -7.56  -7.86  -8.08  -8.00   0.00   0.00   0.00  -3.58  -2.28  -3.00   0.00   0.00   0.00   0.00   0.00
   70  -5.00  -5.00  -6.00  -6.19  -6.91  -6.00  -7.00  -8.00   0.00   0.00  -2.00  -3.78  -2.37  -3.00   0.00   0.00   0.00   0.00   0.00
   60  -5.00  -5.00  -6.00  -5.29  -6.25  -5.00  -6.00  -7.00   0.00   0.00  -3.45  -3.98  -2.45  -3.00   0.00   0.00   0.00   0.00   0.00
   50  -5.00  -5.00  -5.00  -4.52  -5.00  -4.00  -5.00  -6.00   0.00   0.00  -2.00  -2.09  -1.65  -2.00   0.00   0.00   0.00   0.00   0.00
   40  -3.00  -5.00  -5.43  -3.75  -4.00  -3.00  -4.00  -5.00   0.00   0.00  -1.00  -1.21  -0.85  -1.00   0.00   0.00   0.00   0.00   0.00
   30  -1.00  -2.00  -3.00  -3.00  -4.00  -2.00  -2.00  -3.00   0.00   0.00   1.00   2.00   3.00   0.00   0.00   0.00   0.00   0.00   0.00
   20   0.00  -1.00  -2.00  -3.00  -3.58  -1.00  -1.00  -1.00   0.00   0.00   0.00   1.00   1.00   0.00   0.00   0.00   0.00   0.00   0.00
   10   0.00   0.00  -1.00  -3.00  -2.75   0.00   0.00   0.00   0.00   0.00   0.00   0.00   0.00   0.00   0.00   0.00   0.00   0.00   0.00
    0   0.00   0.00   0.00  -1.00  -1.93   0.00   0.00   0.00   0.00   0.00   0.00   0.00   0.00   0.00   0.00   0.00   0.00   0.00   0.00
  -10   0.00   0.00   0.00   0.00   0.00   0.00   0.00   0.00   0.00   0.00   0.00   0.00   0.00   0.00   0.00   0.00   0.00   0.00   0.00
  -20   0.00   0.00   0.00   0.00   0.00   0.00  -3.00   0.00   0.00   0.00   0.00   0.00   0.00   0.00   0.00   0.00   0.00   0.00   0.00
  -30   0.00   0.00   0.00   0.00   0.00   0.00  -2.00  -2.00   0.00   0.00   0.00   0.00   0.00   0.00   0.00   0.00   0.00   0.00   0.00
  -40   0.00   0.00   0.00   0.00   0.00   0.26  -1.01  -1.00   0.00   0.00   0.00   0.00   0.00   0.00   0.00   0.00   0.00   0.00   0.00
  -50   0.00   0.00   0.00   0.00   0.00   0.00   0.00  -1.00   0.00   0.00   0.00   0.00   0.00   0.00   0.00   0.00   0.00   0.00   0.00
  -60   0.00   0.00   0.00   0.00   0.00   0.00   1.02  -1.00   0.00   0.00   0.00   0.00   0.00   0.00   0.00   0.00   0.00   0.00   0.00
  -70   0.00   0.00   0.00   0.00   0.00   0.00   0.00   0.00   0.00   0.00   0.00   0.00   0.00   0.00   0.00   0.00   0.00   0.00   0.00
  -80   0.00   0.00   0.00   0.00   0.00   0.00   0.00   0.00   0.00   0.00   0.00   0.00   0.00   0.00   0.00   0.00   0.00   0.00   0.00
  -90   0.00   0.00   0.00   0.00   0.00   0.00   0.00   0.00   0.00   0.00   0.00   0.00   0.00   0.00   0.00   0.00   0.00   0.00   0.00
 -100   0.00   0.00   0.00   0.00   0.00   0.00   0.00   0.00   0.00   0.00   0.00   0.00   0.00   0.00   0.00   0.00   0.00   0.00   0.00
 -110   0.00   0.00   0.00   0.00   0.00   0.00   0.00   0.00   0.00   0.00   0.00   0.00   0.00   0.00   0.00   0.00   0.00   0.00   0.00
 -120   0.00   0.00   0.00   0.00   0.00   0.00   0.00   0.00   0.00   0.00   0.00   0.00   0.00   0.00   0.00   0.00   0.00   0.00   0.00
 -130   0.00   0.00   0.00   0.00   0.00   0.00   0.00   0.00   0.00   0.00   0.00   0.00   0.00   0.00   0.00   0.00   0.00   0.00   0.00
 -140   0.00   0.00   0.00   0.00   0.00   0.00   0.00   0.00   0.00   0.00   0.00   0.00   0.00   0.00   0.00   0.00   0.00   0.00   0.00
 -150   0.00   0.00   0.00   0.00   0.00   0.00   0.00   0.00   0.00   0.00   0.00   0.00   0.00   0.00   0.00   0.00   0.00   0.00   0.00
 -160   0.00   0.00   0.00   0.00   0.00   0.00   0.00   0.00   0.00   0.00   0.00   0.00   0.00   0.00   0.00   0.00   0.00   0.00   0.00
 -170   0.00   0.00   0.00   0.00   0.00   0.00   0.00   0.00   0.00   0.00   0.00   0.00   0.00   0.00   0.00   0.00   0.00   0.00   0.00
 -180   0.00   0.00   0.00   0.00   0.00   0.00   0.00   0.00   0.00   0.00   0.00   0.00   0.00   0.00   0.00   0.00   0.00   0.00   0.00
  180   0.00  -4.69  -3.26  -1.23  -0.65  -2.57  -6.79   0.00   0.00   0.00   0.00   0.00  -0.60   0.00   0.00   0.00   0.00   0.00   0.00
  170   0.00  -4.86  -3.78  -1.32   0.19  -0.81  -4.48   0.00   0.00   0.00   0.00   0.00  -1.74   0.00   0.00   0.00   0.00   0.00   0.00
  160   0.00  -5.03  -4.31  -1.41   1.03   0.94  -2.16  -8.61   0.00   0.00   0.00   0.00  -2.88   0.00   0.00   0.00   0.00   0.00   0.00
  150   0.00  -5.02  -4.34  -1.40   1.35   1.91  -0.37  -6.12   0.00   0.00   0.00   0.00  -3.47   0.00   0.00   0.00   0.00   0.00   0.00
  140   0.00  -5.01  -4.38  -1.39   1.67   2.88   1.42  -3.64   0.00   0.00   0.00   0.00  -4.06   0.00   0.00   0.00   0.00   0.00   0.00
  130   0.00  -5.16  -4.17  -1.12   1.73   2.84   1.68  -2.34   0.00   0.00   0.00   0.00  -5.55   0.00   0.00   0.00   0.00   0.00   0.00
  120   0.00  -5.32  -3.96  -0.86   1.78   2.80   1.94  -1.05   0.00   0.00   0.00   0.00  -6.05   0.00   0.00   0.00   0.00   0.00   0.00
  110   0.00  -5.55  -3.66  -0.43   2.02   2.41   1.09  -1.48   0.00   0.00   0.00   0.00  -7.55   0.00   0.00   0.00   0.00   0.00   0.00
  100   0.00  -5.79  -3.36  -0.01   2.27   2.02   0.23  -1.90   0.00   0.00   0.00  -1.33  -7.05   0.00   0.00   0.00   0.00   0.00   0.00
   90   0.00  -5.64  -2.87   0.63   3.00   2.53  -0.21  -2.96   0.00   0.00   0.00  -2.12  -7.93   0.00   0.00   0.00   0.00   0.00   0.00
   80   0.00  -5.49  -2.39   1.26   3.72   3.04  -0.64  -4.01   0.00   0.00   0.00  -2.92  -6.81   0.00   0.00   0.00   0.00   0.00   0.00
   70   0.00  -4.90  -1.67   2.11   4.87   5.19   0.00   0.00   0.00   0.00   0.00  -2.55  -5.62   0.00   0.00   0.00   0.00   0.00   0.00
   60   0.00  -4.32  -0.95   2.96   6.02   7.33   0.00   0.00   0.00   0.00   0.00  -2.18  -4.44   0.00   0.00   0.00   0.00   0.00   0.00
   50   0.00  -3.89   0.00   3.32   6.55   0.00   0.00   0.00   0.00   0.00   0.00  -1.92  -3.84   0.00   0.00   0.00   0.00   0.00   0.00
   40   0.00  -3.46   0.00   3.69   7.09   0.00   0.00   0.00   0.00   0.00   0.00  -1.66  -2.25   0.00   0.00   0.00   0.00   0.00   0.00
   30   0.00   0.00   0.00   0.00   6.14   0.00   0.00   0.00   0.00   0.00   0.00   0.00  -1.69   0.00   0.00   0.00   0.00   0.00   0.00
   20   0.00   0.00   0.00   0.00   5.20   0.00   0.00   0.00   0.00   0.00   0.00   0.00  -0.13   0.00   0.00   0.00   0.00   0.00   0.00
   10   0.00   0.00   0.00   0.00   0.00   0.00   0.00   0.00   0.00   0.00   0.00   0.00   0.00   0.00   0.00   0.00   0.00   0.00   0.00
    0   0.00   0.00   0.00   0.00   0.00   0.00   0.00   0.00   0.00   0.00   0.00   0.00   0.00   0.00   0.00   0.00   0.00   0.00   0.00
  -10   0.00   0.00   0.00   0.00   0.00   0.00   0.00   0.00   0.00   0.00   0.00   0.00   0.00   0.00   0.00   0.00   0.00   0.00   0.00
  -20   0.00   0.00   0.00   0.00   0.00   0.00   0.00   0.00   0.00   0.00   0.00   0.00   0.00   0.00   0.00   0.00   0.00   0.00   0.00
  -30   0.00   0.00   0.00   0.00   0.00   0.00   0.00   0.00   0.00   0.00   0.00   0.00   0.00   0.00   0.00   0.00   0.00   0.00   0.00
  -40   0.00   0.00   0.00   0.00   0.00   0.86   1.16   0.32   0.00   0.00   0.00   0.00   0.00   0.00   0.00   0.00   0.00   0.00   0.00
  -50   0.00   0.00   0.00   0.00   0.00   0.00   0.00  -0.93   0.00   0.00   0.00   0.00   0.00   0.00   0.00   0.00   0.00   0.00   0.00
  -60   0.00   0.00   0.00   0.00   0.00   0.00  -1.16  -2.17   0.00   0.00   0.00   0.00   0.00   0.00   0.00   0.00   0.00   0.00   0.00
  -70   0.00   0.00   0.00   0.00   0.00   0.00   0.00   0.00   0.00   0.00   0.00   0.00   0.00   0.00   0.00   0.00   0.00   0.00   0.00
  -80   0.00   0.00   0.00   0.00   0.00   0.00   0.00   0.00   0.00   0.00   0.00   0.00   0.00   0.00   0.00   0.00   0.00   0.00   0.00
  -90   0.00   0.00   0.00   0.00   0.00   0.00   0.00   0.00   0.00   0.00   0.00   0.00   0.00   0.00   0.00   0.00   0.00   0.00   0.00
 -100   0.00   0.00   0.00   0.00   0.00   0.00   0.00   0.00   0.00   0.00   0.00   0.00   0.00   0.00   0.00   0.00   0.00   0.00   0.00
 -110   0.00   0.00   0.00   0.00   0.00   0.00   0.00   0.00   0.00   0.00   0.00   0.00   0.00   0.00   0.00   0.00   0.00   0.00   0.00
 -120   0.00   0.00   0.00   0.00   0.00   0.00   0.00   0.00   0.00   0.00   0.00   0.00   0.00   0.00   0.00   0.00   0.00   0.00   0.00
 -130   0.00   0.00   0.00   0.00   0.00   0.00   0.00   0.00   0.00   0.00   0.00   0.00   0.00   0.00   0.00   0.00   0.00   0.00   0.00
 -140   0.00   0.00   0.00   0.00   0.00   0.00   0.00   0.00   0.00   0.00   0.00   0.00   0.00   0.00   0.00   0.00   0.00   0.00   0.00
 -150   0.00   0.00   0.00   0.00   0.00   0.00   0.00   0.00   0.00   0.00   0.00   0.00   0.00   0.00   0.00   0.00   0.00   0.00   0.00
 -160   0.00   0.00   0.00   0.00   0.00   0.00   0.00   0.00   0.00   0.00   0.00   0.00   0.00   0.00   0.00   0.00   0.00   0.00   0.00
 -170   0.00   0.00   0.00   0.00   0.00   0.00   0.00   0.00   0.00   0.00   0.00   0.00   0.00   0.00   0.00   0.00   0.00   0.00   0.00
 -180   0.00   0.00   0.00   0.00   0.00   0.00   0.00   0.00   0.00   0.00   0.00   0.00   0.00   0.00   0.00   0.00   0.00   0.00   0.00
  180   2.00   2.00   2.10   1.27   0.10  -1.79  -3.69  -2.00   0.00   0.00   0.00   0.00  -1.36   0.00   0.00   0.00   0.00   0.00   0.00
  170   2.00   2.00   2.62   1.77   0.64  -1.06  -2.80  -1.00   0.00   0.00   0.00  -1.00  -1.42   0.00   0.00   0.00   0.00   0.00   0.00
  160   2.00   2.00   3.15   2.27   1.17  -0.32  -1.91  -1.00   0.00   0.00   0.00  -1.00  -1.47   0.00   0.00   0.00   0.00   0.00   0.00
  150   2.00   3.00   4.65   3.88   3.08   1.91   0.53   0.00   0.00   0.00   0.00   0.00   0.17   0.00   0.00   0.00   0.00   0.00   0.00
  140   3.00   5.00   6.15   5.49   4.98   4.15   2.97   1.00   0.00   0.00   0.00   1.00   1.81   0.00   0.00   0.00   0.00   0.00   0.00
  130   5.00   7.00   7.30   6.71   6.67   6.80   6.80   3.00   0.00   0.00   0.00   2.00   3.17   0.00   0.00   0.00   0.00   0.00   0.00
  120   7.00   8.00   8.44   7.94   8.37   9.45  10.64   5.00   0.00   0.00   1.00   3.00   4.53   0.00   0.00   0.00   0.00   0.00   0.00
  110   8.00   8.00   8.42   7.77   8.63  11.24  15.17   9.00   0.00   0.00   3.00   4.00   4.33   0.00   0.00   0.00   0.00   0.00   0.00
  100   7.00   8.00   8.41   7.61   8.89  13.03  19.71  12.00   0.00   0.00   2.00   5.08   4.14   0.00   0.00   0.00   0.00   0.00   0.00
   90   5.00   7.00   7.02   6.49   7.77  12.80  22.70  11.00   0.00   0.00   1.00   3.59   3.07   0.00   0.00   0.00   0.00   0.00   0.00
   80   4.00   5.00   5.63   5.37   6.64  12.57  22.70   9.00   0.00   0.00   0.00   2.10   2.00   0.00   0.00   0.00   0.00   0.00   0.00
   70   3.00   4.00   4.00   4.17   5.42  10.00  18.00   7.00   0.00   0.00   1.00  -0.30   0.46   0.00   0.00   0.00   0.00   0.00   0.00
   60   2.00   3.00   3.00   2.98   4.21   7.00  10.00   5.00   0.00   0.00   3.14  -2.70  -1.08   0.00   0.00   0.00   0.00   0.00   0.00
   50   1.00   2.00   3.00   2.58   3.00   5.00   6.00   3.00   0.00   0.00   1.00  -1.79  -1.90   0.00   0.00   0.00   0.00   0.00   0.00
   40   0.00   1.00   2.61   2.18   2.00   3.00   4.00   2.00   0.00   0.00   0.00  -0.87  -2.72   0.00   0.00   0.00   0.00   0.00   0.00
   30   0.00   0.00   1.00   1.00   1.00   1.00   2.00   1.00   0.00   0.00   0.00   0.00   0.00   0.00   0.00   0.00   0.00   0.00   0.00
   20   0.00   0.00   0.00   0.00   4.03   0.00   1.00   0.00   0.00   0.00   0.00   0.00   0.00   0.00   0.00   0.00   0.00   0.00   0.00
   10   0.00   0.00   0.00   0.00   4.37   0.00   0.00   0.00   0.00   0.00   0.00   0.00   0.00   0.00   0.00   0.00   0.00   0.00   0.00
    0   0.00   0.00   0.00   0.00   4.71   0.00   0.00   0.00   0.00   0.00   0.00   0.00   0.00   0.00   0.00   0.00   0.00   0.00   0.00
  -10   0.00   0.00   0.00   0.00   0.00   0.00   0.00   0.00   0.00   0.00   0.00   0.00   0.00   0.00   0.00   0.00   0.00   0.00   0.00
  -20   0.00   0.00   0.00   0.00   0.00   0.00   0.00   0.00   0.00   0.00   0.00   0.00   0.00   0.00   0.00   0.00   0.00   0.00   0.00
  -30   0.00   0.00   0.00   0.00   0.00   0.00   0.00   0.00   0.00   0.00   0.00   0.00   0.00   0.00   0.00   0.00   0.00   0.00   0.00
  -40   0.00   0.00   0.00   0.00   0.00   0.15   1.37   0.00   0.00   0.00   0.00   0.00   0.00   0.00   0.00   0.00   0.00   0.00   0.00
  -50   0.00   0.00   0.00   0.00  -1.00  -1.00   0.00   0.00   0.00   0.00   0.00   0.00   0.00   0.00   0.00   0.00   0.00   0.00   0.00
  -60   0.00   0.00   0.00   0.00  -1.00  -1.00  -1.37   0.00   0.00   0.00   0.00   0.00   0.00   0.00   0.00   0.00   0.00   0.00   0.00
  -70   0.00   0.00   0.00   0.00   0.00   0.00   0.00   0.00   0.00   0.00   0.00   0.00   0.00   0.00   0.00   0.00   0.00   0.00   0.00
  -80   0.00   0.00   0.00   0.00   0.00   0.00   0.00   0.00   0.00   0.00   0.00   0.00   0.00   0.00   0.00   0.00   0.00   0.00   0.00
  -90   0.00   0.00   0.00   0.00   0.00   0.00   0.00   0.00   0.00   0.00   0.00   0.00   0.00   0.00   0.00   0.00   0.00   0.00   0.00
 -100   0.00   0.00   0.00   0.00   0.00   0.00   0.00   0.00   0.00   0.00   0.00   0.00   0.00   0.00   0.00   0.00   0.00   0.00   0.00
 -110   0.00   0.00   0.00   0.00   0.00   0.00   0.00   0.00   0.00   0.00   0.00   0.00   0.00   0.00   0.00   0.00   0.00   0.00   0.00
 -120   0.00   0.00   0.00   0.00   0.00   0.00   0.00   0.00   0.00   0.00   0.00   0.00   0.00   0.00   0.00   0.00   0.00   0.00   0.00
 -130   0.00   0.00   0.00   0.00   0.00   0.00   0.00   0.00   0.00   0.00   0.00   0.00   0.00   0.00   0.00   0.00   0.00   0.00   0.00
 -140   0.00   0.00   0.00   0.00   0.00   0.00   0.00   0.00   0.00   0.00   0.00   0.00   0.00   0.00   0.00   0.00   0.00   0.00   0.00
 -150   0.00   0.00   0.00   0.00   0.00   0.00   0.00   0.00   0.00   0.00   0.00   0.00   0.00   0.00   0.00   0.00   0.00   0.00   0.00
 -160   0.00   0.00   0.00   0.00   0.00   0.00   0.00   0.00   0.00   0.00   0.00   0.00   0.00   0.00   0.00   0.00   0.00   0.00   0.00
 -170   0.00   0.00   0.00   0.00   0.00   0.00   0.00   0.00   0.00   0.00   0.00   0.00   0.00   0.00   0.00   0.00   0.00   0.00   0.00
 -180   0.00   0.00   0.00   0.00   0.00   0.00   0.00   0.00   0.00   0.00   0.00   0.00   0.00   0.00   0.00   0.00   0.00   0.00   0.00
