#-----------------------------------------------------------------------------------------------------------------------------------------
#ps\ph  -180   -160   -140   -120   -100   -80    -60    -40    -20     0      20     40     60     80    100    120    140    160    180
#-----------------------------------------------------------------------------------------------------------------------------------------
  180     0.05  -0.09  -0.20  -0.34  -0.20  -0.30  -0.31   0.00   0.00   0.00   0.00   0.00   0.20   0.00   0.00   0.00   0.00   0.00   0.00
  170     0.04  -0.07  -0.12  -0.28  -0.17  -0.29  -0.28  -0.39   0.00   0.00   0.00   0.00   0.19   0.00   0.00   0.00   0.00   0.00   0.00
  160    -0.02  -0.12  -0.07  -0.24  -0.21  -0.31  -0.31  -0.36   0.00   0.00   0.00   0.00   0.18   0.00   0.00   0.00   0.00   0.00   0.00
  150    -0.01  -0.18  -0.09  -0.29  -0.31  -0.33  -0.37  -0.39   0.00   0.00   0.00   0.00   0.00   0.00   0.00   0.00   0.00   0.00   0.00
  140    -0.02  -0.14  -0.12  -0.31  -0.37  -0.40  -0.41  -0.48   0.00   0.00   0.00   0.00   0.00   0.00   0.00   0.00   0.00   0.00   0.00
  130     0.03  -0.07  -0.15  -0.32  -0.35  -0.42  -0.42  -0.59   0.00   0.00   0.00   0.00   0.00   0.00   0.00   0.00   0.00   0.00   0.00
  120     0.04  -0.01  -0.20  -0.33  -0.38  -0.43  -0.42  -0.68   0.00   0.00   0.00   0.00   0.00   0.00   0.00   0.00   0.00   0.00   0.00
  110     0.06   0.04  -0.26  -0.32  -0.43  -0.43  -0.43  -0.60   0.00   0.00   0.00   0.00   0.00   0.00   0.00   0.00   0.00   0.00   0.00
  100     0.06   0.04  -0.29  -0.31  -0.46  -0.41  -0.36  -0.41   0.00   0.00   0.00   0.00  -0.06   0.00   0.00   0.00   0.00   0.00   0.00
   90     0.02   0.01  -0.29  -0.30  -0.47  -0.41  -0.13  -0.22   0.00   0.00   0.00   0.00   0.00   0.00   0.00   0.00   0.00   0.00   0.00
   80    -0.03  -0.04  -0.27  -0.28  -0.45  -0.43  -0.14   0.00   0.00   0.00   0.00  -0.40  -0.08   0.00   0.00   0.00   0.00   0.00   0.00
   70    -0.04  -0.08  -0.24  -0.27  -0.43  -0.42  -0.45   0.00   0.00   0.00   0.00  -0.25   0.00   0.00   0.00   0.00   0.00   0.00   0.00
   60    -0.02  -0.09  -0.18  -0.27  -0.41  -0.39   0.00   0.00   0.00   0.00   0.00  -0.48  -0.15   0.00   0.00   0.00   0.00   0.00   0.00
   50    -0.03  -0.07  -0.09  -0.27  -0.40  -0.12   0.00   0.00   0.00   0.00   0.00  -0.31  -0.17   0.00   0.00   0.00   0.00   0.00   0.00
   40     0.00  -0.02   0.00  -0.24  -0.35   0.00   0.00   0.00   0.00   0.00   0.00  -0.43  -0.24   0.00   0.00   0.00   0.00   0.00   0.00
   30     0.00  -0.07   0.04   0.06  -0.24   0.00   0.00   0.00   0.00   0.00   0.00   0.00  -0.21   0.00   0.00   0.00   0.00   0.00   0.00
   20     0.00   0.00   0.00   0.10   0.07   0.00   0.00   0.00   0.00   0.00   0.00   0.00  -0.21   0.00   0.00   0.00   0.00   0.00   0.00
   10     0.00   0.00   0.00   0.00   0.12   0.00   0.00   0.00   0.00   0.00   0.00   0.00   0.00   0.00   0.00   0.00   0.00   0.00   0.00
    0     0.00   0.00   0.00   0.00   0.12   0.16   0.00   0.00   0.00   0.00   0.00   0.00   0.00   0.00   0.00   0.00   0.00   0.00   0.00
  -10     0.00   0.00   0.00   0.00   0.10   0.14   0.00   0.00   0.00   0.00   0.00   0.00   0.00   0.00   0.00   0.00   0.00   0.00   0.00
  -20     0.00   0.00   0.00   0.00   0.11   0.12   0.23   0.00   0.00   0.00   0.00   0.00   0.00   0.00   0.00   0.00   0.00   0.00   0.00
  -30     0.00   0.00   0.00   0.00  -0.10  -0.07   0.08   0.54   0.00   0.00   0.00   0.00   0.00   0.00   0.00   0.00   0.00   0.00   0.00
  -40     0.00   0.00   0.00   0.00  -0.18  -0.25  -0.02   0.32   0.00   0.00   0.00   0.00   0.00   0.00   0.00   0.00   0.00   0.00   0.00
  -50     0.00   0.00   0.00   0.00  -0.30  -0.14  -0.12   0.06   0.00   0.00   0.00   0.00   0.00   0.00   0.00   0.00   0.00   0.00   0.00
  -60     0.00   0.00   0.00   0.00  -0.09   0.00  -0.21  -0.11   0.00   0.00   0.00   0.00   0.00   0.00   0.00   0.00   0.00   0.00   0.00
  -70     0.00   0.00   0.00   0.00   0.00   0.00   0.00   0.00   0.00   0.00   0.00   0.00   0.00   0.00   0.00   0.00   0.00   0.00   0.00
  -80     0.00   0.00   0.00   0.00   0.00   0.00   0.00   0.00   0.00   0.00   0.00   0.00   0.00   0.00   0.00   0.00   0.00   0.00   0.00
  -90     0.00   0.00   0.00   0.00   0.00   0.00   0.00   0.00   0.00   0.00   0.00   0.00   0.00   0.00   0.00   0.00   0.00   0.00   0.00
 -100     0.00   0.00   0.00   0.00   0.00   0.00   0.00   0.00   0.00   0.00   0.00   0.00   0.00   0.00   0.00   0.00   0.00   0.00   0.00
 -110     0.00   0.00   0.00   0.00   0.00   0.00   0.00   0.00   0.00   0.00   0.00   0.00   0.00   0.00   0.00   0.00   0.00   0.00   0.00
 -120     0.00   0.00   0.00   0.00   0.00   0.00   0.00   0.00   0.00   0.00   0.00   0.00   0.00   0.00   0.00   0.00   0.00   0.00   0.00
 -130     0.00   0.00   0.00   0.00   0.00   0.00   0.00   0.00   0.00   0.00   0.00   0.00   0.00   0.00   0.00   0.00   0.00   0.00   0.00
 -140     0.00   0.00   0.00   0.00   0.00   0.00   0.00   0.00   0.00   0.00   0.00   0.00   0.00   0.00   0.00   0.00   0.00   0.00   0.00
 -150     0.00   0.00   0.00   0.00   0.00   0.00   0.00   0.00   0.00   0.00   0.00   0.00   0.00   0.00   0.00   0.00   0.00   0.00   0.00
 -160     0.00   0.00   0.00   0.00   0.00   0.00   0.00   0.00   0.00   0.00   0.00   0.00   0.00   0.00   0.00   0.00   0.00   0.00   0.00
 -170     0.00   0.00   0.00   0.00   0.00   0.00   0.00   0.00   0.00   0.00   0.00   0.00   0.00   0.00   0.00   0.00   0.00   0.00   0.00
 -180     0.05  -0.09  -0.20  -0.34  -0.20  -0.30  -0.31   0.00   0.00   0.00   0.00   0.00   0.20   0.00   0.00   0.00   0.00   0.00   0.00
  180     0.00  -2.61  -3.25  -3.32  -2.59  -1.49  -0.89   0.00   0.00   0.00   0.00   0.00   1.58   0.00   0.00   0.00   0.00   0.00   0.00
  170    -0.50  -2.02  -2.88  -3.01  -2.16  -0.92  -0.23   0.00   0.00   0.00   0.00   0.00   2.06   0.00   0.00   0.00   0.00   0.00   0.00
  160    -0.50  -1.42  -2.51  -2.70  -1.73  -0.35   0.42   0.18   0.00   0.00   0.00   0.00   2.52   0.00   0.00   0.00   0.00   0.00   0.00
  150    -0.50  -0.73  -2.04  -2.42  -1.54  -0.11   0.83   0.66   0.00   0.00   0.00   0.00   2.94   0.00   0.00   0.00   0.00   0.00   0.00
  140    -0.50  -0.04  -1.56  -2.15  -1.35   0.12   1.23   1.13   0.00   0.00   0.00   0.00   3.37   0.00   0.00   0.00   0.00   0.00   0.00
  130     0.00   0.06  -1.52  -2.23  -1.58  -0.11   1.06   1.16   0.00   0.00   0.00   1.00   3.41   0.00   0.00   0.00   0.00   0.00   0.00
  120     0.00   0.15  -1.47  -2.30  -1.80  -0.33   0.90   1.19   0.00   0.00   0.00   1.00   3.44   0.00   0.00   0.00   0.00   0.00   0.00
  110     0.00  -0.50  -2.10  -2.96  -2.59  -1.18   0.19   0.68   0.00   0.00   0.00   1.00   2.90   0.00   0.00   0.00   0.00   0.00   0.00
  100     0.00  -1.15  -2.71  -3.64  -3.38  -2.02  -0.52   0.18   0.00   0.00   0.00   0.96   2.36   0.00   0.00   0.00   0.00   0.00   0.00
   90    -0.50  -2.04  -3.54  -4.43  -4.21  -2.97  -1.50  -0.55   0.00   0.00   0.00   0.40   1.45   0.00   0.00   0.00   0.00   0.00   0.00
   80    -0.50  -2.92  -4.37  -5.22  -5.04  -3.92  -2.49  -1.41   0.00   0.00   0.00  -0.17   0.54   0.00   0.00   0.00   0.00   0.00   0.00
   70    -1.50  -3.31  -4.69  -5.45  -5.22  -4.14  -1.50  -0.50   0.00   0.00   0.00  -0.99  -0.07   0.00   0.00   0.00   0.00   0.00   0.00
   60    -1.50  -3.71  -5.01  -5.69  -5.39  -4.37  -1.00  -0.50   0.00   0.00   0.00  -1.32  -0.71   0.00   0.00   0.00   0.00   0.00   0.00
   50    -1.50  -3.46  -3.71  -5.22  -4.84  -3.18  -0.50   0.00   0.00   0.00   0.00  -1.28  -0.62   0.00   0.00   0.00   0.00   0.00   0.00
   40    -1.00  -3.22  -3.02  -4.75  -4.29  -2.41   0.00   0.00   0.00   0.00   0.00  -1.25  -0.54   0.00   0.00   0.00   0.00   0.00   0.00
   30     0.00  -2.00  -2.00  -3.91  -3.61  -1.50   0.00   0.00   0.00   0.00   0.00   0.50  -0.02   0.00   0.00   0.00   0.00   0.00   0.00
   20     0.00  -1.00  -1.00  -3.09  -2.94  -0.50   0.00   0.00   0.00   0.00   0.00   0.00   0.52   0.00   0.00   0.00   0.00   0.00   0.00
   10     0.00  -0.50   0.00  -2.00  -2.00   0.00   0.00   0.00   0.00   0.00   0.00   0.00   0.00   0.00   0.00   0.00   0.00   0.00   0.00
    0     0.00   0.00   0.00  -1.00  -1.00   0.00   0.00   0.00   0.00   0.00   0.00   0.00   0.00   0.00   0.00   0.00   0.00   0.00   0.00
  -10     0.00   0.00   0.00  -0.50  -0.50   0.50   0.50   0.00   0.00   0.00   0.00   0.00   0.00   0.00   0.00   0.00   0.00   0.00   0.00
  -20     0.00   0.00   0.00   0.00   0.00   0.66   1.05   0.50   0.00   0.00   0.00   0.00   0.00   0.00   0.00   0.00   0.00   0.00   0.00
  -30     0.00   0.00   0.00   0.00   0.00   0.85   1.29   1.00   0.00   0.00   0.00   0.00   0.00   0.00   0.00   0.00   0.00   0.00   0.00
  -40     0.00   0.00   0.00   0.00  -0.14   0.58   1.51   1.66   0.00   0.00   0.00   0.00   0.00   0.00   0.00   0.00   0.00   0.00   0.00
  -50     0.00   0.00   0.00   0.00   0.34   0.50   1.51   1.72   0.00   0.00   0.00   0.00   0.00   0.00   0.00   0.00   0.00   0.00   0.00
  -60     0.50   0.96   0.51   0.14   0.33   0.96   1.52   1.78   0.00   0.00   0.00   0.00   0.00   0.00   0.00   0.00   0.00   0.00   0.00
  -70     0.00   0.00   0.00   0.00   0.00   0.50   1.00   1.00   0.00   0.00   0.00   0.00   0.00   0.00   0.00   0.00   0.00   0.00   0.00
  -80     0.00   0.00   0.00   0.00   0.00   0.00   0.50   0.50   0.00   0.00   0.00   0.00   0.00   0.00   0.00   0.00   0.00   0.00   0.00
  -90     0.00   0.00   0.00   0.00   0.00   0.00   0.00   0.00   0.00   0.00   0.00   0.00   0.00   0.00   0.00   0.00   0.00   0.00   0.00
 -100     0.00   0.00   0.00   0.00   0.00   0.00   0.00   0.00   0.00   0.00   0.00   0.00   0.00   0.00   0.00   0.00   0.00   0.00   0.00
 -110     0.00   0.00   0.00   0.00   0.00   0.00   0.00   0.00   0.00   0.00   0.00   0.00   0.00   0.00   0.00   0.00   0.00   0.00   0.00
 -120     0.00   0.00   0.00   0.00   0.00   0.00   0.00   0.00   0.00   0.00   0.00   0.00   0.00   0.00   0.00   0.00   0.00   0.00   0.00
 -130     0.00   0.00   0.00   0.00   0.00   0.00   0.00   0.00   0.00   0.00   0.00   0.00   0.00   0.00   0.00   0.00   0.00   0.00   0.00
 -140     0.00   0.00   0.00   0.00   0.00   0.00   0.00   0.00   0.00   0.00   0.00   0.00   0.00   0.00   0.00   0.00   0.00   0.00   0.00
 -150     0.00   0.00   0.00   0.00   0.00   0.00   0.00   0.00   0.00   0.00   0.00   0.00   0.00   0.00   0.00   0.00   0.00   0.00   0.00
 -160     0.00   0.00   0.00   0.00   0.00   0.00   0.00   0.00   0.00   0.00   0.00   0.00   0.00   0.00   0.00   0.00   0.00   0.00   0.00
 -170     0.00   0.00   0.00   0.00   0.00   0.00   0.00   0.00   0.00   0.00   0.00   0.00   0.00   0.00   0.00   0.00   0.00   0.00   0.00
 -180     0.00  -2.61  -3.25  -3.32  -2.59  -1.49  -0.89   0.00   0.00   0.00   0.00   0.00   1.58   0.00   0.00   0.00   0.00   0.00   0.00
  180     0.07  -0.09   0.08  -0.22   0.17   0.17   0.14   0.00   0.00   0.00   0.00   0.00   0.01   0.00   0.00   0.00   0.00   0.00   0.00
  170    -0.10  -0.04   0.02  -0.05   0.08   0.08   0.02  -0.02   0.00   0.00   0.00   0.00  -0.04   0.00   0.00   0.00   0.00   0.00   0.00
  160     0.06  -0.17  -0.14  -0.05  -0.09   0.06   0.12  -0.02   0.00   0.00   0.00   0.00  -0.10   0.00   0.00   0.00   0.00   0.00   0.00
  150     0.01  -0.19  -0.24  -0.18  -0.05   0.07   0.16   0.08   0.00   0.00   0.00   0.00   0.00   0.00   0.00   0.00   0.00   0.00   0.00
  140    -0.10  -0.14  -0.12  -0.16  -0.20  -0.02   0.01   0.18   0.00   0.00   0.00   0.00   0.00   0.00   0.00   0.00   0.00   0.00   0.00
  130    -0.17  -0.20  -0.28  -0.19  -0.16   0.06   0.16   0.20   0.00   0.00   0.00   0.00   0.00   0.00   0.00   0.00   0.00   0.00   0.00
  120    -0.06  -0.12  -0.03  -0.21  -0.14   0.12   0.20   0.31   0.00   0.00   0.00   0.00   0.00   0.00   0.00   0.00   0.00   0.00   0.00
  110    -0.10  -0.01  -0.07  -0.14  -0.11   0.12   0.30   0.55   0.00   0.00   0.00   0.00   0.00   0.00   0.00   0.00   0.00   0.00   0.00
  100     0.11   0.05  -0.06   0.04  -0.14   0.03   0.37   0.66   0.00   0.00   0.00   0.00  -0.44   0.00   0.00   0.00   0.00   0.00   0.00
   90     0.04   0.11   0.12   0.05   0.14   0.33   0.47   0.68   0.00   0.00   0.00   0.00   0.00   0.00   0.00   0.00   0.00   0.00   0.00
   80     0.10   0.18   0.30   0.20   0.24   0.49   0.41   0.00   0.00   0.00   0.00  -0.09   0.12   0.00   0.00   0.00   0.00   0.00   0.00
   70     0.00   0.09   0.21   0.30   0.26   0.52   0.47   0.00   0.00   0.00   0.00  -0.33   0.00   0.00   0.00   0.00   0.00   0.00   0.00
   60    -0.08   0.06   0.25   0.31   0.47   0.79   0.00   0.00   0.00   0.00   0.00  -0.11  -0.07   0.00   0.00   0.00   0.00   0.00   0.00
   50    -0.32  -0.03   0.09   0.39   0.54   0.43   0.00   0.00   0.00   0.00   0.00  -0.33  -0.29   0.00   0.00   0.00   0.00   0.00   0.00
   40     0.00  -0.18   0.07   0.44   0.63   0.00   0.00   0.00   0.00   0.00   0.00   0.12   0.01   0.00   0.00   0.00   0.00   0.00   0.00
   30     0.00  -0.28   0.06   0.19   0.60   0.00   0.00   0.00   0.00   0.00   0.00   0.00  -0.25   0.00   0.00   0.00   0.00   0.00   0.00
   20     0.00   0.00   0.00   0.16   0.28   0.00   0.00   0.00   0.00   0.00   0.00   0.00  -0.21   0.00   0.00   0.00   0.00   0.00   0.00
   10     0.00   0.00   0.00   0.00   0.25   0.00   0.00   0.00   0.00   0.00   0.00   0.00   0.00   0.00   0.00   0.00   0.00   0.00   0.00
    0     0.00   0.00   0.00   0.00   0.14   0.24   0.00   0.00   0.00   0.00   0.00   0.00   0.00   0.00   0.00   0.00   0.00   0.00   0.00
  -10     0.00   0.00   0.00   0.00   0.04   0.07   0.00   0.00   0.00   0.00   0.00   0.00   0.00   0.00   0.00   0.00   0.00   0.00   0.00
  -20     0.00   0.00   0.00   0.00  -0.04   0.04  -0.03   0.00   0.00   0.00   0.00   0.00   0.00   0.00   0.00   0.00   0.00   0.00   0.00
  -30     0.00   0.00   0.00   0.00  -0.33   0.00  -0.03   0.45   0.00   0.00   0.00   0.00   0.00   0.00   0.00   0.00   0.00   0.00   0.00
  -40     0.00   0.00   0.00   0.00  -0.46  -0.17   0.12   0.38   0.00   0.00   0.00   0.00   0.00   0.00   0.00   0.00   0.00   0.00   0.00
  -50     0.00   0.00   0.00   0.00  -0.55  -0.10  -0.07   0.16   0.00   0.00   0.00   0.00   0.00   0.00   0.00   0.00   0.00   0.00   0.00
  -60     0.00   0.00   0.00   0.00  -0.14   0.00  -0.17   0.02   0.00   0.00   0.00   0.00   0.00   0.00   0.00   0.00   0.00   0.00   0.00
  -70     0.00   0.00   0.00   0.00   0.00   0.00   0.00   0.00   0.00   0.00   0.00   0.00   0.00   0.00   0.00   0.00   0.00   0.00   0.00
  -80     0.00   0.00   0.00   0.00   0.00   0.00   0.00   0.00   0.00   0.00   0.00   0.00   0.00   0.00   0.00   0.00   0.00   0.00   0.00
  -90     0.00   0.00   0.00   0.00   0.00   0.00   0.00   0.00   0.00   0.00   0.00   0.00   0.00   0.00   0.00   0.00   0.00   0.00   0.00
 -100     0.00   0.00   0.00   0.00   0.00   0.00   0.00   0.00   0.00   0.00   0.00   0.00   0.00   0.00   0.00   0.00   0.00   0.00   0.00
 -110     0.00   0.00   0.00   0.00   0.00   0.00   0.00   0.00   0.00   0.00   0.00   0.00   0.00   0.00   0.00   0.00   0.00   0.00   0.00
 -120     0.00   0.00   0.00   0.00   0.00   0.00   0.00   0.00   0.00   0.00   0.00   0.00   0.00   0.00   0.00   0.00   0.00   0.00   0.00
 -130     0.00   0.00   0.00   0.00   0.00   0.00   0.00   0.00   0.00   0.00   0.00   0.00   0.00   0.00   0.00   0.00   0.00   0.00   0.00
 -140     0.00   0.00   0.00   0.00   0.00   0.00   0.00   0.00   0.00   0.00   0.00   0.00   0.00   0.00   0.00   0.00   0.00   0.00   0.00
 -150     0.00   0.00   0.00   0.00   0.00   0.00   0.00   0.00   0.00   0.00   0.00   0.00   0.00   0.00   0.00   0.00   0.00   0.00   0.00
 -160     0.00   0.00   0.00   0.00   0.00   0.00   0.00   0.00   0.00   0.00   0.00   0.00   0.00   0.00   0.00   0.00   0.00   0.00   0.00
 -170     0.00   0.00   0.00   0.00   0.00   0.00   0.00   0.00   0.00   0.00   0.00   0.00   0.00   0.00   0.00   0.00   0.00   0.00   0.00
 -180     0.07  -0.09   0.08  -0.22   0.17   0.17   0.14   0.00   0.00   0.00   0.00   0.00   0.01   0.00   0.00   0.00   0.00   0.00   0.00
