#-----------------------------------------------------------------------------------------------------------------------------------------
#ps\ph  -180   -160   -140   -120   -100   -80    -60    -40    -20     0      20     40     60     80    100    120    140    160    180
#-----------------------------------------------------------------------------------------------------------------------------------------
  180    -4.05  -3.80  -4.29  -4.79  -5.04  -4.94  -4.22  -3.75   0.00   0.00   0.00   0.00  -1.47   0.00   0.00   0.00   0.00   0.00   0.00
  170    -3.55  -3.86  -4.20  -4.62  -5.01  -4.90  -4.45  -4.00   0.00   0.00   0.00  -0.50  -1.48   0.00   0.00   0.00   0.00   0.00   0.00
  160    -3.65  -3.42  -4.09  -4.47  -4.97  -4.87  -4.67  -4.00   0.00   0.00   0.00  -0.50  -1.49   0.00   0.00   0.00   0.00   0.00   0.00
  150    -3.65  -3.52  -3.98  -4.39  -4.92  -4.82  -4.73  -4.25   0.00   0.00   0.00  -1.00  -1.62   0.00   0.00   0.00   0.00   0.00   0.00
  140    -3.65  -3.63  -3.87  -4.31  -4.88  -4.75  -4.78  -4.40   0.00   0.00   0.00  -1.00  -1.75   0.00   0.00   0.00   0.00   0.00   0.00
  130    -3.65  -3.64  -3.77  -4.22  -4.73  -4.71  -4.72  -4.50   0.00   0.00   0.00  -1.50  -1.95   0.00   0.00   0.00   0.00   0.00   0.00
  120    -3.15  -3.65  -3.67  -4.12  -4.59  -4.66  -4.66  -4.75   0.00   0.00   0.00  -1.50  -2.14  -0.50   0.00   0.00   0.00   0.00   0.00
  110    -3.15  -3.15  -3.61  -4.07  -4.46  -4.60  -4.60  -4.25   0.00   0.00   0.00  -2.00  -2.37  -1.00   0.00   0.00   0.00   0.00   0.00
  100    -3.15  -3.15  -3.54  -4.02  -4.31  -4.55  -4.55  -4.50   0.00   0.00   0.00  -3.08  -2.60  -1.50   0.00   0.00   0.00   0.00   0.00
   90    -2.65  -3.21  -3.46  -3.95  -4.33  -4.56  -4.56  -4.50   0.00   0.00  -0.50  -3.19  -2.72  -1.50   0.00   0.00   0.00   0.00   0.00
   80    -2.65  -2.76  -3.39  -3.90  -4.34  -4.58  -4.58  -4.00   0.00   0.00  -1.00  -3.52  -2.85  -1.50   0.00   0.00   0.00   0.00   0.00
   70    -2.65  -2.75  -3.19  -3.42  -4.00  -3.73  -3.50  -4.00   0.00   0.00  -2.50  -3.81  -3.06  -1.50   0.00   0.00   0.00   0.00   0.00
   60    -2.65  -2.73  -3.19  -2.94  -3.64  -3.31  -3.00  -3.50   0.00   0.00  -3.73  -4.10  -3.25  -1.50   0.00   0.00   0.00   0.00   0.00
   50    -2.65  -2.70  -2.66  -2.48  -2.92  -2.00  -2.50  -3.00   0.00   0.00  -2.50  -4.32  -3.43  -1.00   0.00   0.00   0.00   0.00   0.00
   40    -1.50  -2.67  -2.84  -2.02  -2.33  -1.50  -2.00  -2.50   0.00   0.00  -1.50  -4.55  -3.60  -0.50   0.00   0.00   0.00   0.00   0.00
   30    -0.50  -1.00  -1.50  -0.60  -2.23  -1.00  -1.00  -1.50   0.00   0.00  -0.50  -2.50  -2.40   0.00   0.00   0.00   0.00   0.00   0.00
   20     0.00  -0.50  -0.50  -0.07  -1.91  -0.50  -0.50  -0.50   0.00   0.00   0.00  -1.00  -1.61   0.00   0.00   0.00   0.00   0.00   0.00
   10     0.00   0.00   0.00   0.00  -1.38   0.00   0.00   0.00   0.00   0.00   0.00   0.00   0.00   0.00   0.00   0.00   0.00   0.00   0.00
    0     0.00   0.00   0.00   0.00  -0.96   0.00   0.00   0.00   0.00   0.00   0.00   0.00   0.00   0.00   0.00   0.00   0.00   0.00   0.00
  -10     0.00   0.00   0.00   0.00   0.00   0.00   0.00   0.00   0.00   0.00   0.00   0.00   0.00   0.00   0.00   0.00   0.00   0.00   0.00
  -20     0.00   0.00   0.00   0.00  -0.01   0.22   0.34   0.33   0.00   0.00   0.00   0.00   0.00   0.00   0.00   0.00   0.00   0.00   0.00
  -30     0.00   0.00   0.00   0.00  -0.10   0.06   0.26  -0.72   0.00   0.00   0.00   0.00   0.00   0.00   0.00   0.00   0.00   0.00   0.00
  -40     0.00   0.00   0.00   0.00  -0.13   0.15  -0.38  -0.32   0.00   0.00   0.00   0.00   0.00   0.00   0.00   0.00   0.00   0.00   0.00
  -50     0.00   0.00   0.00   0.00  -0.14  -0.07   0.04  -0.36   0.00   0.00   0.00   0.00   0.00   0.00   0.00   0.00   0.00   0.00   0.00
  -60     0.00   0.25   0.15   0.05  -0.09  -0.05   0.54  -0.42   0.00   0.00   0.00   0.00   0.00   0.00   0.00   0.00   0.00   0.00   0.00
  -70     0.00   0.00   0.00   0.00   0.00   0.00   0.00   0.00   0.00   0.00   0.00   0.00   0.00   0.00   0.00   0.00   0.00   0.00   0.00
  -80     0.00   0.00   0.00   0.00   0.00   0.00   0.00   0.00   0.00   0.00   0.00   0.00   0.00   0.00   0.00   0.00   0.00   0.00   0.00
  -90     0.00   0.00   0.00   0.00   0.00   0.00   0.00   0.00   0.00   0.00   0.00   0.00   0.00   0.00   0.00   0.00   0.00   0.00   0.00
 -100     0.00   0.00   0.00   0.00   0.00   0.00   0.00   0.00   0.00   0.00   0.00   0.00   0.00   0.00   0.00   0.00   0.00   0.00   0.00
 -110     0.00   0.00   0.00   0.00   0.00   0.00   0.00   0.00   0.00   0.00   0.00   0.00   0.00   0.00   0.00   0.00   0.00   0.00   0.00
 -120     0.00   0.00   0.00   0.00   0.00   0.00   0.00   0.00   0.00   0.00   0.00   0.00   0.00   0.00   0.00   0.00   0.00   0.00   0.00
 -130     0.00   0.00   0.00   0.00   0.00   0.00   0.00   0.00   0.00   0.00   0.00   0.00   0.00   0.00   0.00   0.00   0.00   0.00   0.00
 -140     0.00   0.00   0.00   0.00   0.00   0.00   0.00   0.00   0.00   0.00   0.00   0.00   0.00   0.00   0.00   0.00   0.00   0.00   0.00
 -150     0.00   0.00   0.00   0.00   0.00   0.00   0.00   0.00   0.00   0.00   0.00   0.00   0.00   0.00   0.00   0.00   0.00   0.00   0.00
 -160     0.00   0.00   0.00   0.00   0.00   0.00   0.00   0.00   0.00   0.00   0.00   0.00   0.00   0.00   0.00   0.00   0.00   0.00   0.00
 -170     0.00   0.00   0.00   0.00   0.00   0.00   0.00   0.00   0.00   0.00   0.00   0.00   0.00   0.00   0.00   0.00   0.00   0.00   0.00
 -180     0.00   0.00   0.00   0.00   0.00   0.00   0.00   0.00   0.00   0.00   0.00   0.00   0.00   0.00   0.00   0.00   0.00   0.00   0.00
  180    -1.00  -2.33  -0.73   1.47   2.18   0.10  -0.25  -2.00   0.00   0.00   0.00   0.00  -0.72   0.00   0.00   0.00   0.00   0.00   0.00
  170    -1.00  -2.56  -1.31   1.28   2.93   1.84  -1.96  -3.00   0.00   0.00   0.00   0.00  -0.90   0.00   0.00   0.00   0.00   0.00   0.00
  160    -1.00  -2.80  -1.91   1.09   3.68   3.58   3.34  -6.06   0.00   0.00   0.00   0.00  -1.08   0.00   0.00   0.00   0.00   0.00   0.00
  150    -1.00  -2.84  -2.05   0.96   3.86   4.42   6.10  -3.65   0.00   0.00   0.00   0.00  -1.73   0.00   0.00   0.00   0.00   0.00   0.00
  140    -1.00  -2.88  -2.19   0.83   4.03   5.27   4.86  -1.25   0.00   0.00   0.00   0.00  -2.38  -1.00   0.00   0.00   0.00   0.00   0.00
  130    -1.00  -3.06  -2.05   0.98   3.97   5.11   4.03  -0.01   0.00   0.00   0.00   0.00  -6.66  -2.00   0.00   0.00   0.00   0.00   0.00
  120    -1.00  -3.24  -1.91   1.14   3.90   4.95   4.19   1.21   0.00   0.00   0.00   0.00  -6.28  -2.00   0.00   0.00   0.00   0.00   0.00
  110    -1.00  -3.47  -1.66   1.51   4.07   4.52   3.26   0.75   0.00   0.00   0.00   0.00  -6.73  -2.00   0.00   0.00   0.00   0.00   0.00
  100    -1.00  -3.71  -1.41   1.88   4.23   4.09   2.32   0.29   0.00   0.00   0.00  -4.67  -6.17  -2.00   0.00   0.00   0.00   0.00   0.00
   90    -1.00  -3.59  -0.96   2.47   4.88   4.51   1.82  -1.48   0.00   0.00   0.00  -3.56  -8.07  -2.00   0.00   0.00   0.00   0.00   0.00
   80    -1.00  -3.47  -0.50   3.05   5.53   4.94   1.32  -2.00   0.00   0.00   0.00  -2.46  -7.97  -2.00   0.00   0.00   0.00   0.00   0.00
   70    -1.00  -2.91   0.17   3.78   6.45   6.87   1.00  -1.00   0.00   0.00   0.00  -1.78  -6.81  -2.00   0.00   0.00   0.00   0.00   0.00
   60    -1.00  -2.35   0.83   4.50   7.37   8.79   0.00   0.00   0.00   0.00   0.00  -0.09  -5.66  -2.00   0.00   0.00   0.00   0.00   0.00
   50    -1.00  -1.91   1.44   4.71   7.54   5.24   0.00   0.00   0.00   0.00   0.00  -0.96  -4.04  -2.00   0.00   0.00   0.00   0.00   0.00
   40     0.00  -1.47   1.57   4.93   7.72   5.35   0.00   0.00   0.00   0.00   0.00  -0.83  -3.41  -2.00   0.00   0.00   0.00   0.00   0.00
   30     0.00  -1.00   1.00   2.71   6.75   3.00   0.00   0.00   0.00   0.00   0.00   0.00  -1.96  -1.00   0.00   0.00   0.00   0.00   0.00
   20     0.00   0.00   0.00   2.35   5.79   1.00   0.00   0.00   0.00   0.00   0.00   0.00  -1.53   0.00   0.00   0.00   0.00   0.00   0.00
   10     0.00   0.00   0.00   2.00   4.00   0.00   0.00   0.00   0.00   0.00   0.00   0.00   1.00   0.00   0.00   0.00   0.00   0.00   0.00
    0     0.00   0.00   0.00   1.00   3.00   0.00   0.00   0.00   0.00   0.00   0.00   0.00   1.00   0.00   0.00   0.00   0.00   0.00   0.00
  -10     0.00   0.00   0.00   0.00   1.00   0.00   0.00   0.00   0.00   0.00   0.00   0.00   0.00   0.00   0.00   0.00   0.00   0.00   0.00
  -20     0.00   0.00   0.00   0.00   0.00   1.71   1.17   0.00   0.00   0.00   0.00   0.00   0.00   0.00   0.00   0.00   0.00   0.00   0.00
  -30     0.00   0.00   0.00   0.00   0.00   1.78   1.19   0.00   0.00   0.00   0.00   0.00   0.00   0.00   0.00   0.00   0.00   0.00   0.00
  -40     0.00   0.00   0.00   3.00   2.98   2.29   1.79   0.35   0.00   0.00   0.00   0.00   0.00   0.00   0.00   0.00   0.00   0.00   0.00
  -50     0.00   0.00   0.00   0.00   1.96   1.76   1.05  -0.36   0.00   0.00   0.00   0.00   0.00   0.00   0.00   0.00   0.00   0.00   0.00
  -60     0.00  -4.49  -0.19   1.12   1.94   1.67   0.31  -1.06   0.00   0.00   0.00   0.00   0.00   0.00   0.00   0.00   0.00   0.00   0.00
  -70     0.00   0.00   0.00   0.00   0.00   0.00   0.00   0.00   0.00   0.00   0.00   0.00   0.00   0.00   0.00   0.00   0.00   0.00   0.00
  -80     0.00   0.00   0.00   0.00   0.00   3.00   0.00   0.00   0.00   0.00   0.00   0.00   0.00   0.00   0.00   0.00   0.00   0.00   0.00
  -90     0.00   0.00   0.00   0.00   0.00   0.00   0.00   0.00   0.00   0.00   0.00   0.00   0.00   0.00   0.00   0.00   0.00   0.00   0.00
 -100     0.00   0.00   0.00   0.00   0.00   0.00   0.00   0.00   0.00   0.00   0.00   0.00   0.00   0.00   0.00   0.00   0.00   0.00   0.00
 -110     0.00   0.00   0.00   0.00   0.00   0.00   0.00   0.00   0.00   0.00   0.00   0.00   0.00   0.00   0.00   0.00   0.00   0.00   0.00
 -120     0.00   0.00   0.00   0.00   0.00   0.00   0.00   0.00   0.00   0.00   0.00   0.00   0.00   0.00   0.00   0.00   0.00   0.00   0.00
 -130     0.00   0.00   0.00   0.00   0.00   0.00   0.00   0.00   0.00   0.00   0.00   0.00   0.00   0.00   0.00   0.00   0.00   0.00   0.00
 -140     0.00   0.00   0.00   0.00   0.00   0.00   0.00   0.00   0.00   0.00   0.00   0.00   0.00   0.00   0.00   0.00   0.00   0.00   0.00
 -150     0.00   0.00   0.00   0.00   0.00   0.00   0.00   0.00   0.00   0.00   0.00   0.00   0.00   0.00   0.00   0.00   0.00   0.00   0.00
 -160     0.00   0.00   0.00   0.00   0.00   0.00   0.00   0.00   0.00   0.00   0.00   0.00   0.00   0.00   0.00   0.00   0.00   0.00   0.00
 -170     0.00   0.00   0.00   0.00   0.00   0.00   0.00   0.00   0.00   0.00   0.00   0.00   0.00   0.00   0.00   0.00   0.00   0.00   0.00
 -180     0.00   0.00   0.00   0.00   0.00   0.00   0.00   0.00   0.00   0.00   0.00   0.00   0.00   0.00   0.00   0.00   0.00   0.00   0.00
  180    -1.00  -0.54  -0.65  -1.32  -2.31  -3.88  -5.90   3.00   0.00   0.00   0.00  -0.50  -4.30  -1.00   0.00   0.00   0.00   0.00   0.00
  170    -0.50  -0.46  -0.27  -0.97  -1.85  -3.32  -5.09   3.50   0.00   0.00   0.00  -2.00  -4.36  -2.50   0.00   0.00   0.00   0.00   0.00
  160     0.00  -0.38   0.11  -0.62  -1.41  -2.75  -4.27   3.50   0.00   0.00   0.00  -3.00  -4.42  -2.00   0.00   0.00   0.00   0.00   0.00
  150     0.50   0.91   1.60   0.91   0.29  -0.64  -1.92   2.50   0.00   0.00   0.00  -2.00  -2.65  -1.50   0.00   0.00   0.00   0.00   0.00
  140     1.50   2.69   3.08   2.44   1.98   1.49   0.43   2.00   0.00   0.00   0.00  -1.00  -0.88  -1.00   0.00   0.00   0.00   0.00   0.00
  130     3.00   4.32   4.19   3.52   3.52   3.90   3.99   1.50   0.00   0.00   0.00   0.50   0.56  -0.50   0.00   0.00   0.00   0.00   0.00
  120     4.50   5.45   5.30   4.62   5.06   6.32   7.56   4.00   0.00   0.00   0.50   1.50   2.00   0.00   0.00   0.00   0.00   0.00   0.00
  110     5.50   5.43   5.28   4.43   5.16   7.86  11.78   7.50   0.00   0.00   1.50   2.00   1.86   0.00   0.00   0.00   0.00   0.00   0.00
  100     5.00   5.42   5.25   4.25   5.25   9.38  16.01  10.50   0.00   0.00   1.00   2.54   1.73   0.00   0.00   0.00   0.00   0.00   0.00
   90     3.50   4.42   4.05   3.10   3.96   8.89  18.82   5.50   0.00   0.00   0.50   1.29   0.71   0.00   0.00   0.00   0.00   0.00   0.00
   80     2.50   2.94   2.84   1.94   2.67   8.40  20.14   4.50   0.00   0.00   0.00  -0.18  -0.30  -0.50   0.00   0.00   0.00   0.00   0.00
   70     1.50   1.65   1.41   0.84   1.30   6.10   9.00   3.50   0.00   0.00  -0.50  -2.65  -1.77  -1.00   0.00   0.00   0.00   0.00   0.00
   60     0.50   0.36   0.28  -0.25  -0.06   3.58   5.00   2.50   0.00   0.00  -0.93  -5.12  -3.23  -1.50   0.00   0.00   0.00   0.00   0.00
   50    -0.50  -0.60  -0.06  -0.48  -0.54   2.50   3.00   1.50   0.00   0.00  -1.00  -4.59  -4.13  -1.00   0.00   0.00   0.00   0.00   0.00
   40     0.00  -1.56  -0.60  -0.71  -0.92   1.50   2.00   1.00   0.00   0.00  -0.50  -4.06  -5.02  -0.50   0.00   0.00   0.00   0.00   0.00
   30     0.00   0.00   0.50  -1.12  -1.15   0.50   1.00   0.50   0.00   0.00   0.00  -2.50  -3.02   0.00   0.00   0.00   0.00   0.00   0.00
   20     0.00   0.00   0.00  -1.44   0.63   0.00   0.50   0.00   0.00   0.00   0.00  -1.00  -2.39   0.00   0.00   0.00   0.00   0.00   0.00
   10     0.00   0.00   0.00  -0.50   1.69  -0.50  -0.50   0.00   0.00   0.00   0.00   0.00   0.00   0.00   0.00   0.00   0.00   0.00   0.00
    0     0.00   0.00   0.00   0.00   1.35  -1.00  -1.00  -0.50   0.00   0.00   0.00   0.00   0.00   0.00   0.00   0.00   0.00   0.00   0.00
  -10     0.00   0.00   0.00  -1.00  -1.50  -1.50  -1.50  -1.00   0.00   0.00   0.00   0.00   0.00   0.00   0.00   0.00   0.00   0.00   0.00
  -20     0.00   0.00   0.00  -1.50  -2.26  -3.10  -3.08  -2.50  -0.50   0.00   0.00   0.00   0.00   0.00   0.00   0.00   0.00   0.00   0.00
  -30     0.00  -0.50  -0.50  -2.00  -2.75  -3.35  -4.54  -3.93  -2.00   0.00   0.00   0.00   0.00   0.00   0.00   0.00   0.00   0.00   0.00
  -40    -0.50  -1.50  -1.50  -2.50  -3.26  -3.72  -4.38  -5.26  -3.00   0.00   0.00   0.00   0.00   0.00   0.00   0.00   0.00   0.00   0.00
  -50    -2.00  -2.50  -2.50  -3.00  -4.25  -4.61  -5.09  -5.63  -4.00   0.00   0.00   0.00   0.00   0.00   0.00   0.00   0.00   0.00   0.00
  -60    -3.00  -3.50  -3.50  -3.50  -4.46  -4.78  -5.68  -5.25  -4.00   0.00   0.00   0.00   0.00   0.00   0.00   0.00   0.00   0.00   0.00
  -70    -1.50  -2.50  -2.50  -2.50  -2.50  -2.00  -2.00  -3.00  -2.00   0.00   0.00   0.00   0.00   0.00   0.00   0.00   0.00   0.00   0.00
  -80    -0.50  -1.00  -1.00  -1.00  -1.50  -0.50  -0.50  -1.00  -0.50   0.00   0.00   0.00   0.00   0.00   0.00   0.00   0.00   0.00   0.00
  -90     0.00   0.00   0.00   0.00   0.00   0.00   0.00   0.00   0.00   0.00   0.00   0.00   0.00   0.00   0.00   0.00   0.00   0.00   0.00
 -100     0.00   0.00   0.00   0.00   0.00   0.00   0.00   0.00   0.00   0.00   0.00   0.00   0.00   0.00   0.00   0.00   0.00   0.00   0.00
 -110     0.00   0.00   0.00   0.00   0.00   0.00   0.00   0.00   0.00   0.00   0.00   0.00   0.00   0.00   0.00   0.00   0.00   0.00   0.00
 -120     0.00   0.00   0.00   0.00   0.00   0.00   0.00   0.00   0.00   0.00   0.00   0.00   0.00   0.00   0.00   0.00   0.00   0.00   0.00
 -130     0.00   0.00   0.00   0.00   0.00   0.00   0.00   0.00   0.00   0.00   0.00   0.00   0.00   0.00   0.00   0.00   0.00   0.00   0.00
 -140     0.00   0.00   0.00   0.00   0.00   0.00   0.00   0.00   0.00   0.00   0.00   0.00   0.00   0.00   0.00   0.00   0.00   0.00   0.00
 -150     0.00   0.00   0.00   0.00   0.00   0.00   0.00   0.00   0.00   0.00   0.00   0.00   0.00   0.00   0.00   0.00   0.00   0.00   0.00
 -160     0.00   0.00   0.00   0.00   0.00   0.00   0.00   0.00   0.00   0.00   0.00   0.00   0.00   0.00   0.00   0.00   0.00   0.00   0.00
 -170     0.00   0.00   0.00   0.00   0.00   0.00   0.00   0.00   0.00   0.00   0.00   0.00   0.00   0.00   0.00   0.00   0.00   0.00   0.00
 -180     0.00   0.00   0.00   0.00   0.00   0.00   0.00   0.00   0.00   0.00   0.00   0.00   0.00   0.00   0.00   0.00   0.00   0.00   0.00
