#-----------------------------------------------------------------------------------------------------------------------------------------
#ps\ph  -180   -160   -140   -120   -100   -80    -60    -40    -20     0      20     40     60     80    100    120    140    160    180
#-----------------------------------------------------------------------------------------------------------------------------------------
  180  -0.10   0.40   0.34   0.53   0.60   1.00   1.50   0.50   0.00   0.00   0.00   0.00   0.34   0.00   0.00   0.00   0.00   0.00   0.00
  170  -0.10   0.28   0.20   0.41   0.42   0.81   1.21   1.00   0.00   0.00   0.00   0.00   0.50   0.00   0.00   0.00   0.00   0.00   0.00
  160  -0.30   0.16   0.05   0.28   0.24   0.62   0.92   1.00   0.00   0.00   0.00   0.00   0.65   0.00   0.00   0.00   0.00   0.00   0.00
  150  -0.30  -0.05   0.02   0.13   0.06   0.43   0.65   0.50   0.00   0.00   0.00   0.00   0.61   0.00   0.00   0.00   0.00   0.00   0.00
  140  -0.30  -0.27   0.00  -0.02  -0.12   0.24   0.38   0.20   0.00   0.00   0.00   0.00   0.58   0.00   0.00   0.00   0.00   0.00   0.00
  130  -0.30  -0.28  -0.02  -0.10  -0.20   0.00   0.21   0.00   0.00   0.00   0.00   0.00   0.40   0.00   0.00   0.00   0.00   0.00   0.00
  120  -0.30  -0.30  -0.04  -0.18  -0.28  -0.23   0.04  -0.50   0.00   0.00   0.00   0.00   0.22   0.00   0.00   0.00   0.00   0.00   0.00
  110  -0.30  -0.30  -0.17  -0.26  -0.41  -0.48  -0.22  -0.50   0.00   0.00   0.00   0.00   0.02   0.00   0.00   0.00   0.00   0.00   0.00
  100  -0.30  -0.29  -0.29  -0.34  -0.54  -0.74  -0.49  -1.00   0.00   0.00   0.00   0.00  -0.19   0.00   0.00   0.00   0.00   0.00   0.00
   90  -0.30  -0.41  -0.35  -0.52  -0.83  -1.02  -0.79  -1.00   0.00   0.00   0.00   0.00  -0.31   0.00   0.00   0.00   0.00   0.00   0.00
   80  -0.30  -0.52  -0.41  -0.71  -1.12  -1.30  -1.09   0.00   0.00   0.00   0.00  -0.45  -0.43   0.00   0.00   0.00   0.00   0.00   0.00
   70  -0.30  -0.49  -0.39  -0.64  -1.08  -1.46   0.00   0.00   0.00   0.00   0.00  -0.83  -0.74   0.00   0.00   0.00   0.00   0.00   0.00
   60  -0.30  -0.46  -0.37  -0.58  -1.03  -1.63   0.00   0.00   0.00   0.00   0.00  -1.22  -1.05   0.00   0.00   0.00   0.00   0.00   0.00
   50  -0.30  -0.40  -0.32  -0.44  -0.85   0.00   0.00   0.00   0.00   0.00   0.00  -1.55  -1.20   0.00   0.00   0.00   0.00   0.00   0.00
   40   0.00  -0.34  -0.26  -0.29  -0.67   0.00   0.00   0.00   0.00   0.00   0.00  -1.89  -1.36   0.00   0.00   0.00   0.00   0.00   0.00
   30   0.00   0.00   0.00  -0.21  -0.45   0.00   0.00   0.00   0.00   0.00   0.00   0.00  -1.80   0.00   0.00   0.00   0.00   0.00   0.00
   20   0.00   0.00   0.00  -0.13  -0.24   0.00   0.00   0.00   0.00   0.00   0.00   0.00  -2.23   0.00   0.00   0.00   0.00   0.00   0.00
   10   0.00   0.00   0.00   0.00   0.00   0.00   0.00   0.00   0.00   0.00   0.00   0.00   0.00   0.00   0.00   0.00   0.00   0.00   0.00
    0   0.00   0.00   0.00   0.00   0.00   0.00   0.00   0.00   0.00   0.00   0.00   0.00   0.00   0.00   0.00   0.00   0.00   0.00   0.00
  -10   0.00   0.00   0.00   0.00   0.00   0.00   0.00   0.00   0.00   0.00   0.00   0.00   0.00   0.00   0.00   0.00   0.00   0.00   0.00
  -20   0.00   0.00   0.00   0.00  -0.03   0.44   0.67   0.66   0.00   0.00   0.00   0.00   0.00   0.00   0.00   0.00   0.00   0.00   0.00
  -30   0.00   0.00   0.00   0.00  -0.20   0.12   0.52   0.56   0.00   0.00   0.00   0.00   0.00   0.00   0.00   0.00   0.00   0.00   0.00
  -40   0.00   0.00   0.00   0.00  -0.26   0.03   0.25   0.37   0.00   0.00   0.00   0.00   0.00   0.00   0.00   0.00   0.00   0.00   0.00
  -50   0.00   0.00   0.00   0.00  -0.28  -0.14   0.09   0.28   0.00   0.00   0.00   0.00   0.00   0.00   0.00   0.00   0.00   0.00   0.00
  -60   0.00   0.50   0.30   0.10  -0.18  -0.10   0.06   0.16   0.00   0.00   0.00   0.00   0.00   0.00   0.00   0.00   0.00   0.00   0.00
  -70   0.00   0.00   0.00   0.00   0.00   0.00   0.00   0.00   0.00   0.00   0.00   0.00   0.00   0.00   0.00   0.00   0.00   0.00   0.00
  -80   0.00   0.00   0.00   0.00   0.00   0.00   0.00   0.00   0.00   0.00   0.00   0.00   0.00   0.00   0.00   0.00   0.00   0.00   0.00
  -90   0.00   0.00   0.00   0.00   0.00   0.00   0.00   0.00   0.00   0.00   0.00   0.00   0.00   0.00   0.00   0.00   0.00   0.00   0.00
 -100   0.00   0.00   0.00   0.00   0.00   0.00   0.00   0.00   0.00   0.00   0.00   0.00   0.00   0.00   0.00   0.00   0.00   0.00   0.00
 -110   0.00   0.00   0.00   0.00   0.00   0.00   0.00   0.00   0.00   0.00   0.00   0.00   0.00   0.00   0.00   0.00   0.00   0.00   0.00
 -120   0.00   0.00   0.00   0.00   0.00   0.00   0.00   0.00   0.00   0.00   0.00   0.00   0.00   0.00   0.00   0.00   0.00   0.00   0.00
 -130   0.00   0.00   0.00   0.00   0.00   0.00   0.00   0.00   0.00   0.00   0.00   0.00   0.00   0.00   0.00   0.00   0.00   0.00   0.00
 -140   0.00   0.00   0.00   0.00   0.00   0.00   0.00   0.00   0.00   0.00   0.00   0.00   0.00   0.00   0.00   0.00   0.00   0.00   0.00
 -150   0.00   0.00   0.00   0.00   0.00   0.00   0.00   0.00   0.00   0.00   0.00   0.00   0.00   0.00   0.00   0.00   0.00   0.00   0.00
 -160   0.00   0.00   0.00   0.00   0.00   0.00   0.00   0.00   0.00   0.00   0.00   0.00   0.00   0.00   0.00   0.00   0.00   0.00   0.00
 -170   0.00   0.00   0.00   0.00   0.00   0.00   0.00   0.00   0.00   0.00   0.00   0.00   0.00   0.00   0.00   0.00   0.00   0.00   0.00
 -180   0.00   0.00   0.00   0.00   0.00   0.00   0.00   0.00   0.00   0.00   0.00   0.00   0.00   0.00   0.00   0.00   0.00   0.00   0.00
  180   0.00   0.04   1.80   2.18   3.01   2.77  -1.72   0.00   0.00   0.00   0.00   0.00  -7.84   0.00   0.00   0.00   0.00   0.00   0.00
  170   0.00  -0.26   1.15   2.88   3.66   2.50   0.56   0.00   0.00   0.00   0.00   0.00  -8.06   0.00   0.00   0.00   0.00   0.00   0.00
  160   0.00  -0.57   2.49   2.59   4.32   3.23   2.84  -3.51   0.00   0.00   0.00   0.00  -8.28   0.00   0.00   0.00   0.00   0.00   0.00
  150   0.00  -0.66   2.24   2.32   4.36   3.94   3.57  -1.18   0.00   0.00   0.00   0.00  -8.98   0.00   0.00   0.00   0.00   0.00   0.00
  140   0.00  -0.75   2.00   2.05   4.39   4.65   4.31   1.14   0.00   0.00   0.00   0.00  -9.69   0.00   0.00   0.00   0.00   0.00   0.00
  130   0.00  -0.95   1.07   2.09   4.21   4.37   4.37   2.31   0.00   0.00   0.00   0.00 -10.10   0.00   0.00   0.00   0.00   0.00   0.00
  120   0.00  -1.15   0.14   2.13   4.02   4.10   4.44   3.48   0.00   0.00   0.00   0.00 -10.51  -1.00   0.00   0.00   0.00   0.00   0.00
  110   0.00  -1.39   0.34   3.45   5.11   3.63   3.43   2.98   0.00   0.00   0.00  -1.00  -9.90  -1.00   0.00   0.00   0.00   0.00   0.00
  100   0.00  -1.64   0.54   4.77   6.19   3.16   3.41   2.48   0.00   0.00   0.00  -2.00  -9.29  -2.00   0.00   0.00   0.00   0.00   0.00
   90   0.00  -1.54   0.96   4.31   6.77   3.50   2.85   0.00   0.00   0.00   0.00  -3.00  -8.21  -2.00   0.00   0.00   0.00   0.00   0.00
   80   0.00  -1.45   1.39   4.85   6.34   3.84   2.29   0.00   0.00   0.00   0.00  -4.00  -7.13  -2.00   0.00   0.00   0.00   0.00   0.00
   70   0.00  -0.91   2.00   4.44   6.03   4.54   0.00   0.00   0.00   0.00   0.00  -3.00  -6.01  -2.00   0.00   0.00   0.00   0.00   0.00
   60   0.00  -0.38   2.61   4.04   5.72   6.24   0.00   0.00   0.00   0.00   0.00  -2.00  -4.88  -2.00   0.00   0.00   0.00   0.00   0.00
   50   0.00   0.07   2.88   4.10   4.54   6.47   0.00   0.00   0.00   0.00   0.00  -2.00  -4.23  -2.00   0.00   0.00   0.00   0.00   0.00
   40   0.00   0.52   3.14   4.17   4.36   6.70   0.00   0.00   0.00   0.00   0.00  -1.00  -3.57  -1.00   0.00   0.00   0.00   0.00   0.00
   30   0.00   0.00   0.00   3.43   3.37   0.00   0.00   0.00   0.00   0.00   0.00   0.00  -3.24   0.00   0.00   0.00   0.00   0.00   0.00
   20   0.00   0.00   0.00   2.69   2.37   0.00   0.00   0.00   0.00   0.00   0.00   0.00  -2.92   0.00   0.00   0.00   0.00   0.00   0.00
   10   0.00   0.00   0.00   0.00   0.00   0.00   0.00   0.00   0.00   0.00   0.00   0.00   0.00   0.00   0.00   0.00   0.00   0.00   0.00
    0   0.00   0.00   0.00   0.00   0.00   0.00   0.00   0.00   0.00   0.00   0.00   0.00   0.00   0.00   0.00   0.00   0.00   0.00   0.00
  -10   0.00   0.00   0.00   0.00   0.00   0.00   0.00   0.00   0.00   0.00   0.00   0.00   0.00   0.00   0.00   0.00   0.00   0.00   0.00
  -20   0.00   0.00   0.00   0.00   0.00   3.42   2.33   0.00   0.00   0.00   0.00   0.00   0.00   0.00   0.00   0.00   0.00   0.00   0.00
  -30   0.00   0.00   0.00   0.00   0.00   3.57   2.37   0.00   0.00   0.00   0.00   0.00   0.00   0.00   0.00   0.00   0.00   0.00   0.00
  -40   0.00   0.00   0.00   0.00   3.96   3.72   2.42   0.39   0.00   0.00   0.00   0.00   0.00   0.00   0.00   0.00   0.00   0.00   0.00
  -50   0.00   0.00   0.00   0.00   3.92   3.53   2.10   0.21   0.00   0.00   0.00   0.00   0.00   0.00   0.00   0.00   0.00   0.00   0.00
  -60   0.00  -1.86  -0.38   2.25   3.88   3.34   1.78   0.04   0.00   0.00   0.00   0.00   0.00   0.00   0.00   0.00   0.00   0.00   0.00
  -70   0.00   0.00   0.00   0.00   0.00   0.00   0.00   0.00   0.00   0.00   0.00   0.00   0.00   0.00   0.00   0.00   0.00   0.00   0.00
  -80   0.00   0.00   0.00   0.00   0.00   0.00   0.00   0.00   0.00   0.00   0.00   0.00   0.00   0.00   0.00   0.00   0.00   0.00   0.00
  -90   0.00   0.00   0.00   0.00   0.00   0.00   0.00   0.00   0.00   0.00   0.00   0.00   0.00   0.00   0.00   0.00   0.00   0.00   0.00
 -100   0.00   0.00   0.00   0.00   0.00   0.00   0.00   0.00   0.00   0.00   0.00   0.00   0.00   0.00   0.00   0.00   0.00   0.00   0.00
 -110   0.00   0.00   0.00   0.00   0.00   0.00   0.00   0.00   0.00   0.00   0.00   0.00   0.00   0.00   0.00   0.00   0.00   0.00   0.00
 -120   0.00   0.00   0.00   0.00   0.00   0.00   0.00   0.00   0.00   0.00   0.00   0.00   0.00   0.00   0.00   0.00   0.00   0.00   0.00
 -130   0.00   0.00   0.00   0.00   0.00   0.00   0.00   0.00   0.00   0.00   0.00   0.00   0.00   0.00   0.00   0.00   0.00   0.00   0.00
 -140   0.00   0.00   0.00   0.00   0.00   0.00   0.00   0.00   0.00   0.00   0.00   0.00   0.00   0.00   0.00   0.00   0.00   0.00   0.00
 -150   0.00   0.00   0.00   0.00   0.00   0.00   0.00   0.00   0.00   0.00   0.00   0.00   0.00   0.00   0.00   0.00   0.00   0.00   0.00
 -160   0.00   0.00   0.00   0.00   0.00   0.00   0.00   0.00   0.00   0.00   0.00   0.00   0.00   0.00   0.00   0.00   0.00   0.00   0.00
 -170   0.00   0.00   0.00   0.00   0.00   0.00   0.00   0.00   0.00   0.00   0.00   0.00   0.00   0.00   0.00   0.00   0.00   0.00   0.00
 -180   0.00   0.00   0.00   0.00   0.00   0.00   0.00   0.00   0.00   0.00   0.00   0.00   0.00   0.00   0.00   0.00   0.00   0.00   0.00
  180  -4.00  -3.09  -3.39  -3.91  -4.72  -5.97  -8.11   8.00   0.00   0.00   0.00  -1.00  -7.24  -2.00   0.00   0.00   0.00   0.00   0.00
  170  -3.00  -2.92  -3.16  -3.71  -4.35  -5.58  -7.38   8.00   0.00   0.00   0.00  -3.00  -7.30  -5.00   0.00   0.00   0.00   0.00   0.00
  160  -2.00  -2.75  -2.92  -3.51  -3.98  -5.18  -6.64   8.00   0.00   0.00   0.00  -5.00  -7.37  -4.00   0.00   0.00   0.00   0.00   0.00
  150  -1.00  -1.19  -1.46  -2.06  -2.51  -3.18  -4.38   5.00   0.00   0.00   0.00  -4.00  -5.47  -3.00   0.00   0.00   0.00   0.00   0.00
  140   0.00   0.38   0.00  -0.61  -1.03  -1.18  -2.12   3.00   0.00   0.00   0.00  -3.00  -3.57  -2.00   0.00   0.00   0.00   0.00   0.00
  130   1.00   1.64   1.08   0.34   0.36   1.01   1.18   0.00   0.00   0.00   0.00  -1.00  -2.05  -1.00   0.00   0.00   0.00   0.00   0.00
  120   2.00   2.90   2.17   1.29   1.76   3.20   4.48   3.00   0.00   0.00   0.00   0.00  -0.54   0.00   0.00   0.00   0.00   0.00   0.00
  110   3.00   2.86   2.14   1.10   1.68   4.47   8.39   6.00   0.00   0.00   0.00   0.00  -0.61   0.00   0.00   0.00   0.00   0.00   0.00
  100   3.00   2.83   2.10   0.90   1.60   5.74  12.30   9.00   0.00   0.00   0.00   0.00  -0.67   0.00   0.00   0.00   0.00   0.00   0.00
   90   2.00   1.85   1.08  -0.30   0.15   4.98  14.94   0.00   0.00   0.00   0.00  -1.00  -1.64   0.00   0.00   0.00   0.00   0.00   0.00
   80   1.00   0.87   0.06  -1.49  -1.30   4.23  17.58   0.00   0.00   0.00   0.00  -2.45  -2.61  -1.00   0.00   0.00   0.00   0.00   0.00
   70   0.00  -0.70  -1.18  -2.49  -2.82   2.20   0.00   0.00   0.00   0.00  -2.00  -4.99  -4.00  -2.00   0.00   0.00   0.00   0.00   0.00
   60  -1.00  -2.27  -2.43  -3.48  -4.34   0.17   0.00   0.00   0.00   0.00  -5.00  -7.53  -5.39  -3.00   0.00   0.00   0.00   0.00   0.00
   50  -2.00  -3.20  -3.12  -3.54  -4.08   0.00   0.00   0.00   0.00   0.00  -3.00  -7.39  -6.36  -2.00   0.00   0.00   0.00   0.00   0.00
   40   0.00  -4.13  -3.81  -3.60  -3.83   0.00   0.00   0.00   0.00   0.00  -1.00  -7.25  -7.32  -1.00   0.00   0.00   0.00   0.00   0.00
   30   0.00   0.00   0.00  -3.24  -3.30   0.00   0.00   0.00   0.00   0.00   0.00  -5.00  -6.05   0.00   0.00   0.00   0.00   0.00   0.00
   20   0.00   0.00   0.00  -2.88  -2.78   0.00   0.00   0.00   0.00   0.00   0.00  -2.00  -4.78   0.00   0.00   0.00   0.00   0.00   0.00
   10   0.00   0.00   0.00  -1.00  -1.00  -1.00  -1.00   0.00   0.00   0.00   0.00   0.00   0.00   0.00   0.00   0.00   0.00   0.00   0.00
    0   0.00   0.00   0.00   0.00  -2.00  -2.00  -2.00  -1.00   0.00   0.00   0.00   0.00   0.00   0.00   0.00   0.00   0.00   0.00   0.00
  -10   0.00   0.00   0.00  -2.00  -3.00  -3.00  -3.00  -2.00   0.00   0.00   0.00   0.00   0.00   0.00   0.00   0.00   0.00   0.00   0.00
  -20   0.00   0.00   0.00  -3.00  -4.52  -6.21  -6.15  -4.99  -1.00   0.00   0.00   0.00   0.00   0.00   0.00   0.00   0.00   0.00   0.00
  -30   0.00  -1.00  -1.00  -4.00  -5.49  -6.71  -9.07  -7.86  -4.00   0.00   0.00   0.00   0.00   0.00   0.00   0.00   0.00   0.00   0.00
  -40  -1.00  -3.00  -3.00  -5.00  -6.52  -7.60 -10.12 -10.52  -6.00   0.00   0.00   0.00   0.00   0.00   0.00   0.00   0.00   0.00   0.00
  -50  -4.00  -5.00  -5.00  -6.00  -7.51  -8.22 -10.19 -11.26  -8.00   0.00   0.00   0.00   0.00   0.00   0.00   0.00   0.00   0.00   0.00
  -60  -6.00  -7.00  -7.00  -7.00  -7.91  -8.55  -9.99 -10.50  -8.00   0.00   0.00   0.00   0.00   0.00   0.00   0.00   0.00   0.00   0.00
  -70  -3.00  -5.00  -5.00  -5.00  -5.00  -4.00  -4.00  -6.00  -4.00   0.00   0.00   0.00   0.00   0.00   0.00   0.00   0.00   0.00   0.00
  -80  -1.00  -2.00  -2.00  -2.00  -3.00  -1.00  -1.00  -2.00  -1.00   0.00   0.00   0.00   0.00   0.00   0.00   0.00   0.00   0.00   0.00
  -90   0.00   0.00   0.00   0.00   0.00   0.00   0.00   0.00   0.00   0.00   0.00   0.00   0.00   0.00   0.00   0.00   0.00   0.00   0.00
 -100   0.00   0.00   0.00   0.00   0.00   0.00   0.00   0.00   0.00   0.00   0.00   0.00   0.00   0.00   0.00   0.00   0.00   0.00   0.00
 -110   0.00   0.00   0.00   0.00   0.00   0.00   0.00   0.00   0.00   0.00   0.00   0.00   0.00   0.00   0.00   0.00   0.00   0.00   0.00
 -120   0.00   0.00   0.00   0.00   0.00   0.00   0.00   0.00   0.00   0.00   0.00   0.00   0.00   0.00   0.00   0.00   0.00   0.00   0.00
 -130   0.00   0.00   0.00   0.00   0.00   0.00   0.00   0.00   0.00   0.00   0.00   0.00   0.00   0.00   0.00   0.00   0.00   0.00   0.00
 -140   0.00   0.00   0.00   0.00   0.00   0.00   0.00   0.00   0.00   0.00   0.00   0.00   0.00   0.00   0.00   0.00   0.00   0.00   0.00
 -150   0.00   0.00   0.00   0.00   0.00   0.00   0.00   0.00   0.00   0.00   0.00   0.00   0.00   0.00   0.00   0.00   0.00   0.00   0.00
 -160   0.00   0.00   0.00   0.00   0.00   0.00   0.00   0.00   0.00   0.00   0.00   0.00   0.00   0.00   0.00   0.00   0.00   0.00   0.00
 -170   0.00   0.00   0.00   0.00   0.00   0.00   0.00   0.00   0.00   0.00   0.00   0.00   0.00   0.00   0.00   0.00   0.00   0.00   0.00
 -180   0.00   0.00   0.00   0.00   0.00   0.00   0.00   0.00   0.00   0.00   0.00   0.00   0.00   0.00   0.00   0.00   0.00   0.00   0.00
