#-----------------------------------------------------------------------------------------------------------------------------------------
#ps\ph  -180   -160   -140   -120   -100   -80    -60    -40    -20     0      20     40     60     80    100    120    140    160    180
#-----------------------------------------------------------------------------------------------------------------------------------------
  180  -2.00  -3.00  -4.93  -5.11  -6.68  -7.88  -6.95  -5.00   0.00   0.00   0.00   0.00  -3.27   0.00   0.00   0.00   0.00   0.00   0.00
  170  -1.00  -3.00  -4.59  -5.66  -6.44  -7.62  -7.11  -6.00   0.00   0.00   0.00  -1.00  -3.45   0.00   0.00   0.00   0.00   0.00   0.00
  160  -1.00  -3.00  -4.24  -6.21  -6.19  -7.36  -7.27  -6.00   0.00   0.00   0.00  -1.00  -3.63   0.00   0.00   0.00   0.00   0.00   0.00
  150  -1.00  -2.00  -3.98  -6.91  -5.91  -7.06  -7.11  -6.00   0.00   0.00   0.00  -2.00  -3.85   0.00   0.00   0.00   0.00   0.00   0.00
  140  -1.00  -2.00  -3.73  -6.61  -5.64  -6.75  -6.95  -6.00   0.00   0.00   0.00  -2.00  -4.08   0.00   0.00   0.00   0.00   0.00   0.00
  130  -1.00  -2.00  -3.52  -5.34  -5.27  -6.41  -6.66  -6.00   0.00   0.00   0.00  -3.00  -4.29   0.00   0.00   0.00   0.00   0.00   0.00
  120  -0.00  -2.00  -3.31  -5.06  -4.90  -6.08  -6.36  -6.00   0.00   0.00   0.00  -3.00  -4.50  -1.00   0.00   0.00   0.00   0.00   0.00
  110  -0.00  -1.00  -3.05  -4.87  -4.50  -6.72  -5.98  -6.00   0.00   0.00   0.00  -4.00  -4.75  -2.00   0.00   0.00   0.00   0.00   0.00
  100  -0.00  -1.00  -2.79  -4.69  -4.09  -6.36  -5.61  -5.00   0.00   0.00   0.00  -6.16  -5.00  -3.00   0.00   0.00   0.00   0.00   0.00
   90  -0.00  -1.00  -2.58  -3.38  -3.83  -6.11  -5.34  -5.00   0.00   0.00  -1.00  -6.37  -5.14  -3.00   0.00   0.00   0.00   0.00   0.00
   80  -0.00  -1.00  -2.36  -3.08  -3.56  -5.86  -5.08  -5.00   0.00   0.00  -2.00  -6.58  -5.28  -3.00   0.00   0.00   0.00   0.00   0.00
   70  -0.00   0.00  -2.00  -2.19  -2.91  -4.00  -5.00  -5.00   0.00   0.00  -5.00  -6.78  -5.37  -3.00   0.00   0.00   0.00   0.00   0.00
   60  -0.00   0.00  -2.00  -2.29  -2.25  -3.00  -4.00  -4.00   0.00   0.00  -7.45  -6.98  -5.45  -3.00   0.00   0.00   0.00   0.00   0.00
   50  -0.00   0.00  -1.00  -1.52  -2.00  -2.00  -3.00  -3.00   0.00   0.00  -5.00  -7.09  -5.65  -2.00   0.00   0.00   0.00   0.00   0.00
   40  -0.00   0.00  -0.43  -0.75  -1.00  -2.00  -2.00  -2.00   0.00   0.00  -3.00  -7.21  -5.85  -1.00   0.00   0.00   0.00   0.00   0.00
   30  -0.00   0.00  -0.00  -0.00  -1.00  -1.00  -2.00  -1.00   0.00   0.00  -1.00  -5.00  -3.00   0.00   0.00   0.00   0.00   0.00   0.00
   20   0.00   0.00  -0.00   0.00  -0.58  -1.00   0.00   0.00   0.00   0.00   0.00  -2.00  -1.00   0.00   0.00   0.00   0.00   0.00   0.00
   10   0.00   0.00   0.00   0.00  -0.75   0.00   0.00   0.00   0.00   0.00   0.00   0.00   0.00   0.00   0.00   0.00   0.00   0.00   0.00
    0   0.00   0.00   0.00   0.00  -0.03   0.00   0.00   0.00   0.00   0.00   0.00   0.00   0.00   0.00   0.00   0.00   0.00   0.00   0.00
  -10   0.00   0.00   0.00   0.00   0.00   0.00   0.00   0.00   0.00   0.00   0.00   0.00   0.00   0.00   0.00   0.00   0.00   0.00   0.00
  -20   0.00   0.00   0.00   0.00   0.00   0.00   0.00   0.00   0.00   0.00   0.00   0.00   0.00   0.00   0.00   0.00   0.00   0.00   0.00
  -30   0.00   0.00   0.00   0.00   0.00   0.00   0.00  -2.00   0.00   0.00   0.00   0.00   0.00   0.00   0.00   0.00   0.00   0.00   0.00
  -40   0.00   0.00   0.00   0.00   0.00   0.26  -1.01  -1.00   0.00   0.00   0.00   0.00   0.00   0.00   0.00   0.00   0.00   0.00   0.00
  -50   0.00   0.00   0.00   0.00   0.00   0.00   0.00  -1.00   0.00   0.00   0.00   0.00   0.00   0.00   0.00   0.00   0.00   0.00   0.00
  -60   0.00   0.00   0.00   0.00   0.00   0.00   1.02  -1.00   0.00   0.00   0.00   0.00   0.00   0.00   0.00   0.00   0.00   0.00   0.00
  -70   0.00   0.00   0.00   0.00   0.00   0.00   0.00   0.00   0.00   0.00   0.00   0.00   0.00   0.00   0.00   0.00   0.00   0.00   0.00
  -80   0.00   0.00   0.00   0.00   0.00   0.00   0.00   0.00   0.00   0.00   0.00   0.00   0.00   0.00   0.00   0.00   0.00   0.00   0.00
  -90   0.00   0.00   0.00   0.00   0.00   0.00   0.00   0.00   0.00   0.00   0.00   0.00   0.00   0.00   0.00   0.00   0.00   0.00   0.00
 -100   0.00   0.00   0.00   0.00   0.00   0.00   0.00   0.00   0.00   0.00   0.00   0.00   0.00   0.00   0.00   0.00   0.00   0.00   0.00
 -110   0.00   0.00   0.00   0.00   0.00   0.00   0.00   0.00   0.00   0.00   0.00   0.00   0.00   0.00   0.00   0.00   0.00   0.00   0.00
 -120   0.00   0.00   0.00   0.00   0.00   0.00   0.00   0.00   0.00   0.00   0.00   0.00   0.00   0.00   0.00   0.00   0.00   0.00   0.00
 -130   0.00   0.00   0.00   0.00   0.00   0.00   0.00   0.00   0.00   0.00   0.00   0.00   0.00   0.00   0.00   0.00   0.00   0.00   0.00
 -140   0.00   0.00   0.00   0.00   0.00   0.00   0.00   0.00   0.00   0.00   0.00   0.00   0.00   0.00   0.00   0.00   0.00   0.00   0.00
 -150   0.00   0.00   0.00   0.00   0.00   0.00   0.00   0.00   0.00   0.00   0.00   0.00   0.00   0.00   0.00   0.00   0.00   0.00   0.00
 -160   0.00   0.00   0.00   0.00   0.00   0.00   0.00   0.00   0.00   0.00   0.00   0.00   0.00   0.00   0.00   0.00   0.00   0.00   0.00
 -170   0.00   0.00   0.00   0.00   0.00   0.00   0.00   0.00   0.00   0.00   0.00   0.00   0.00   0.00   0.00   0.00   0.00   0.00   0.00
 -180   0.00   0.00   0.00   0.00   0.00   0.00   0.00   0.00   0.00   0.00   0.00   0.00   0.00   0.00   0.00   0.00   0.00   0.00   0.00
  180   0.00   0.00  -0.96  -0.81  -1.04  -2.98  -6.42   0.00   0.00   0.00   0.00   0.00 -14.26   0.00   0.00   0.00   0.00   0.00   0.00
  170   0.00   0.00  -1.39  -0.87  -0.29  -1.26  -4.16   0.00   0.00   0.00   0.00   0.00 -14.48   0.00   0.00   0.00   0.00   0.00   0.00
  160   0.00   0.00  -1.83  -0.92   0.45   0.46  -1.91   0.00   0.00   0.00   0.00   0.00 -14.70   0.00   0.00   0.00   0.00   0.00   0.00
  150   0.00   0.00  -1.94  -0.95   0.71   1.28  -0.29   0.00   0.00   0.00   0.00   0.00 -15.40   0.00   0.00   0.00   0.00   0.00   0.00
  140   0.00   0.00  -2.06  -0.98   0.96   2.09   1.32   0.00   0.00   0.00   0.00   0.00 -16.10   0.00   0.00   0.00   0.00   0.00   0.00
  130   0.00   0.00  -1.92  -0.83   0.99   1.98   1.48   0.00   0.00   0.00   0.00   0.00 -16.57   0.00   0.00   0.00   0.00   0.00   0.00
  120   0.00   0.00  -1.79  -0.67   1.02   1.87   1.64   0.00   0.00   0.00   0.00   0.00 -17.04   0.00   0.00   0.00   0.00   0.00   0.00
  110   0.00   0.00  -1.61  -0.33   1.22   1.62   0.81   0.00   0.00   0.00   0.00   0.00 -16.50   0.00   0.00   0.00   0.00   0.00   0.00
  100   0.00   0.00  -1.44   0.01   1.41   1.37  -0.01   0.00   0.00   0.00   0.00 -16.61 -15.96   0.00   0.00   0.00   0.00   0.00   0.00
   90   0.00   0.00  -0.99   0.62   2.14   1.89  -0.45   0.00   0.00   0.00   0.00 -14.50 -14.84   0.00   0.00   0.00   0.00   0.00   0.00
   80   0.00   0.00  -0.53   1.22   2.88   2.41  -0.89   0.00   0.00   0.00   0.00 -12.40 -13.72   0.00   0.00   0.00   0.00   0.00   0.00
   70   0.00   0.00   0.00   2.09   4.10   0.00   0.00   0.00   0.00   0.00   0.00 -11.10 -12.57   0.00   0.00   0.00   0.00   0.00   0.00
   60   0.00   0.00   0.00   2.97   5.32   0.00   0.00   0.00   0.00   0.00 -10.13  -9.81 -11.43   0.00   0.00   0.00   0.00   0.00   0.00
   50   0.00   0.00   0.00   3.20   0.00   0.00   0.00   0.00   0.00   0.00   0.00  -9.48 -10.82   0.00   0.00   0.00   0.00   0.00   0.00
   40   0.00   0.00   0.86   3.44   0.00   0.00   0.00   0.00   0.00   0.00   0.00  -9.15 -10.21   0.00   0.00   0.00   0.00   0.00   0.00
   30   0.00   0.00   0.00   0.00   0.00   0.00   0.00   0.00   0.00   0.00   0.00   0.00   0.00   0.00   0.00   0.00   0.00   0.00   0.00
   20   0.00   0.00   0.00   0.00   6.29   0.00   0.00   0.00   0.00   0.00   0.00   0.00   0.00   0.00   0.00   0.00   0.00   0.00   0.00
   10   0.00   0.00   0.00   0.00   5.47   0.00   0.00   0.00   0.00   0.00   0.00   0.00   0.00   0.00   0.00   0.00   0.00   0.00   0.00
    0   0.00   0.00   0.00   0.00   4.66   0.00   0.00   0.00   0.00   0.00   0.00   0.00   0.00   0.00   0.00   0.00   0.00   0.00   0.00
  -10   0.00   0.00   0.00   0.00   0.00   0.00   0.00   0.00   0.00   0.00   0.00   0.00   0.00   0.00   0.00   0.00   0.00   0.00   0.00
  -20   0.00   0.00   0.00   0.00   0.00   0.00   0.00   0.00   0.00   0.00   0.00   0.00   0.00   0.00   0.00   0.00   0.00   0.00   0.00
  -30   0.00   0.00   0.00   0.00   0.00   0.00   0.00   0.00   0.00   0.00   0.00   0.00   0.00   0.00   0.00   0.00   0.00   0.00   0.00
  -40   0.00   0.00   0.00   0.00   0.00   0.55   1.33   0.00   0.00   0.00   0.00   0.00   0.00   0.00   0.00   0.00   0.00   0.00   0.00
  -50   0.00   0.00   0.00   0.00   0.00   0.00   0.00   0.00   0.00   0.00   0.00   0.00   0.00   0.00   0.00   0.00   0.00   0.00   0.00
  -60   0.00   0.00   0.00   0.00   0.00   0.00  -1.32   0.00   0.00   0.00   0.00   0.00   0.00   0.00   0.00   0.00   0.00   0.00   0.00
  -70   0.00   0.00   0.00   0.00   0.00   0.00   0.00   0.00   0.00   0.00   0.00   0.00   0.00   0.00   0.00   0.00   0.00   0.00   0.00
  -80   0.00   0.00   0.00   0.00   0.00   0.00   0.00   0.00   0.00   0.00   0.00   0.00   0.00   0.00   0.00   0.00   0.00   0.00   0.00
  -90   0.00   0.00   0.00   0.00   0.00   0.00   0.00   0.00   0.00   0.00   0.00   0.00   0.00   0.00   0.00   0.00   0.00   0.00   0.00
 -100   0.00   0.00   0.00   0.00   0.00   0.00   0.00   0.00   0.00   0.00   0.00   0.00   0.00   0.00   0.00   0.00   0.00   0.00   0.00
 -110   0.00   0.00   0.00   0.00   0.00   0.00   0.00   0.00   0.00   0.00   0.00   0.00   0.00   0.00   0.00   0.00   0.00   0.00   0.00
 -120   0.00   0.00   0.00   0.00   0.00   0.00   0.00   0.00   0.00   0.00   0.00   0.00   0.00   0.00   0.00   0.00   0.00   0.00   0.00
 -130   0.00   0.00   0.00   0.00   0.00   0.00   0.00   0.00   0.00   0.00   0.00   0.00   0.00   0.00   0.00   0.00   0.00   0.00   0.00
 -140   0.00   0.00   0.00   0.00   0.00   0.00   0.00   0.00   0.00   0.00   0.00   0.00   0.00   0.00   0.00   0.00   0.00   0.00   0.00
 -150   0.00   0.00   0.00   0.00   0.00   0.00   0.00   0.00   0.00   0.00   0.00   0.00   0.00   0.00   0.00   0.00   0.00   0.00   0.00
 -160   0.00   0.00   0.00   0.00   0.00   0.00   0.00   0.00   0.00   0.00   0.00   0.00   0.00   0.00   0.00   0.00   0.00   0.00   0.00
 -170   0.00   0.00   0.00   0.00   0.00   0.00   0.00   0.00   0.00   0.00   0.00   0.00   0.00   0.00   0.00   0.00   0.00   0.00   0.00
 -180   0.00   0.00   0.00   0.00   0.00   0.00   0.00   0.00   0.00   0.00   0.00   0.00   0.00   0.00   0.00   0.00   0.00   0.00   0.00
  180   2.00   2.00   2.10   1.27   0.10  -1.79  -3.69  -2.00   0.00   0.00   0.00   0.00  -1.36   0.00   0.00   0.00   0.00   0.00   0.00
  170   2.00   2.00   2.62   1.77   0.64  -1.06  -2.80  -1.00   0.00   0.00   0.00  -1.00  -1.42   0.00   0.00   0.00   0.00   0.00   0.00
  160   2.00   2.00   3.15   2.27   1.17  -0.32  -1.91  -1.00   0.00   0.00   0.00  -1.00  -1.47   0.00   0.00   0.00   0.00   0.00   0.00
  150   2.00   3.00   4.65   3.88   3.08   1.91   0.53   0.00   0.00   0.00   0.00   0.00   0.17   0.00   0.00   0.00   0.00   0.00   0.00
  140   3.00   5.00   6.15   5.49   4.98   4.15   2.97   1.00   0.00   0.00   0.00   1.00   1.81   0.00   0.00   0.00   0.00   0.00   0.00
  130   5.00   7.00   7.30   6.71   6.67   6.80   6.80   3.00   0.00   0.00   0.00   2.00   3.17   0.00   0.00   0.00   0.00   0.00   0.00
  120   7.00   8.00   8.44   7.94   8.37   7.45  10.64   5.00   0.00   0.00   1.00   3.00   4.53   0.00   0.00   0.00   0.00   0.00   0.00
  110   8.00   8.00   8.42   7.77   8.63   9.24  15.17   9.00   0.00   0.00   3.00   4.00   4.33   0.00   0.00   0.00   0.00   0.00   0.00
  100   7.00   8.00   8.41   7.61   8.89  10.03  19.71  12.00   0.00   0.00   2.00   5.08   4.14   0.00   0.00   0.00   0.00   0.00   0.00
   90   5.00   7.00   7.02   6.49   7.77   9.80  12.70  11.00   0.00   0.00   1.00   3.59   3.07   0.00   0.00   0.00   0.00   0.00   0.00
   80   4.00   5.00   5.63   5.37   6.64   7.57  11.70   9.00   0.00   0.00   0.00   2.10   2.00   0.00   0.00   0.00   0.00   0.00   0.00
   70   3.00   4.00   4.00   4.17   5.42   6.00  10.00   7.00   0.00   0.00   1.00  -0.30   0.46   0.00   0.00   0.00   0.00   0.00   0.00
   60   2.00   3.00   3.00   2.98   4.21   5.00   8.00   5.00   0.00   0.00   3.14  -2.70  -1.08   0.00   0.00   0.00   0.00   0.00   0.00
   50   1.00   2.00   3.00   2.58   3.00   3.00   6.00   3.00   0.00   0.00   1.00  -1.79  -1.90   0.00   0.00   0.00   0.00   0.00   0.00
   40   0.00   1.00   2.61   2.18   2.00   1.00   4.00   2.00   0.00   0.00   0.00  -0.87  -2.72   0.00   0.00   0.00   0.00   0.00   0.00
   30   0.00   0.00   1.00   1.00   1.00   0.00   2.00   1.00   0.00   0.00   0.00   0.00   0.00   0.00   0.00   0.00   0.00   0.00   0.00
   20   0.00   0.00   0.00   0.00   4.03   0.00   1.00   0.00   0.00   0.00   0.00   0.00   0.00   0.00   0.00   0.00   0.00   0.00   0.00
   10   0.00   0.00   0.00   0.00   4.37   0.00   0.00   0.00   0.00   0.00   0.00   0.00   0.00   1.00   4.00   0.00   0.00   0.00   0.00
    0   0.00   0.00   0.00   0.00   4.71   0.00   0.00   0.00   0.00   0.00   0.00   0.00   0.00   3.00   5.00   0.00   0.00   0.00   0.00
  -10   0.00   0.00   0.00   0.00   0.00   0.00   0.00   0.00   0.00   0.00   0.00   0.00   0.00   2.00   4.00   0.00   0.00   0.00   0.00
  -20   0.00   0.00   0.00   0.00   0.00   0.00   0.00   0.00   0.00   0.00   0.00   0.00   0.00   1.00   3.00   0.00   0.00   0.00   0.00
  -30   0.00   0.00   0.00   0.00   0.00   0.00   0.00   0.00   0.00   0.00   0.00   0.00   0.00   0.00   0.00   0.00   0.00   0.00   0.00
  -40   0.00   0.00   0.00   0.00   0.00   0.15   1.37   0.00   0.00   0.00   0.00   0.00   0.00   0.00   0.00   0.00   0.00   0.00   0.00
  -50   0.00   0.00   0.00   0.00  -1.00  -1.00   0.00   0.00   0.00   0.00   0.00   0.00   0.00   0.00   0.00   0.00   0.00   0.00   0.00
  -60   0.00   0.00   0.00   0.00  -1.00  -1.00  -1.37   0.00   0.00   0.00   0.00   0.00   0.00   0.00   0.00   0.00   0.00   0.00   0.00
  -70   0.00   0.00   0.00   0.00   0.00   0.00   0.00   0.00   0.00   0.00   0.00   0.00   0.00   0.00   0.00   0.00   0.00   0.00   0.00
  -80   0.00   0.00   0.00   0.00   0.00   0.00   0.00   0.00   0.00   0.00   0.00   0.00   0.00   0.00   0.00   0.00   0.00   0.00   0.00
  -90   0.00   0.00   0.00   0.00   0.00   0.00   0.00   0.00   0.00   0.00   0.00   0.00   0.00   0.00   0.00   0.00   0.00   0.00   0.00
 -100   0.00   0.00   0.00   0.00   0.00   0.00   0.00   0.00   0.00   0.00   0.00   0.00   0.00   0.00   0.00   0.00   0.00   0.00   0.00
 -110   0.00   0.00   0.00   0.00   0.00   0.00   0.00   0.00   0.00   0.00   0.00   0.00   0.00   0.00   0.00   0.00   0.00   0.00   0.00
 -120   0.00   0.00   0.00   0.00   0.00   0.00   0.00   0.00   0.00   0.00   0.00   0.00   0.00   0.00   0.00   0.00   0.00   0.00   0.00
 -130   0.00   0.00   0.00   0.00   0.00   0.00   0.00   0.00   0.00   0.00   0.00   0.00   0.00   0.00   0.00   0.00   0.00   0.00   0.00
 -140   0.00   0.00   0.00   0.00   0.00   0.00   0.00   0.00   0.00   0.00   0.00   0.00   0.00   0.00   0.00   0.00   0.00   0.00   0.00
 -150   0.00   0.00   0.00   0.00   0.00   0.00   0.00   0.00   0.00   0.00   0.00   0.00   0.00   0.00   0.00   0.00   0.00   0.00   0.00
 -160   0.00   0.00   0.00   0.00   0.00   0.00   0.00   0.00   0.00   0.00   0.00   0.00   0.00   0.00   0.00   0.00   0.00   0.00   0.00
 -170   0.00   0.00   0.00   0.00   0.00   0.00   0.00   0.00   0.00   0.00   0.00   0.00   0.00   0.00   0.00   9.00   8.00   0.00   0.00
 -180   0.00   0.00   0.00   0.00   0.00   0.00   0.00   0.00   0.00   0.00   0.00   0.00   0.00   0.00   0.00   9.00   6.00   0.00   0.00
