#-----------------------------------------------------------------------------------------------------------------------------------------
#ps\ph  -180   -160   -140   -120   -100   -80    -60    -40    -20     0      20     40     60     80    100    120    140    160    180
#-----------------------------------------------------------------------------------------------------------------------------------------
  180   1.03   0.28  -0.48  -0.50  -0.07   0.43  -0.18   0.00   0.00   0.00   0.00   0.00  -0.53   0.00   0.00   0.00   0.00   0.00   0.00
  170   1.00   0.23  -0.62  -0.60  -0.26   0.41  -0.03  -2.75   0.00   0.00   0.00   0.00  -0.93   0.00   0.00   0.00   0.00   0.00   0.00
  160   1.00   0.21  -0.68  -0.76  -0.43   0.42   0.22  -1.87   0.00   0.00   0.00   0.00  -1.33   0.00   0.00   0.00   0.00   0.00   0.00
  150   1.00   0.19  -0.70  -0.87  -0.50   0.34   0.52  -1.15   0.00   0.00   0.00   0.00  -1.00   0.00   0.00   0.00   0.00   0.00   0.00
  140   0.94   0.13  -0.72  -0.89  -0.48   0.35   0.79  -0.53   0.00   0.00   0.00   0.00  -1.00   0.00   0.00   0.00   0.00   0.00   0.00
  130   0.80   0.02  -0.73  -0.88  -0.49   0.37   1.02   0.06   0.00   0.00   0.00   0.00  -1.00   0.00   0.00   0.00   0.00   0.00   0.00
  120   0.58  -0.13  -0.74  -0.86  -0.52   0.80   1.24   0.69   0.00   0.00   0.00   0.00  -1.00   0.00   0.00   0.00   0.00   0.00   0.00
  110   0.33  -0.27  -0.75  -0.80  -0.43   0.93   1.50   1.32   0.00   0.00   0.00   0.00  -1.00   0.00   0.00   0.00   0.00   0.00   0.00
  100   0.11  -0.38  -0.78  -0.72  -0.22   1.06   1.64   1.76   0.00   0.00   0.00   0.00  -1.64   0.00   0.00   0.00   0.00   0.00   0.00
   90  -0.02  -0.45  -0.85  -0.63   0.10   1.50   0.00   2.04   0.00   0.00   0.00  -1.00  -1.00   0.00   0.00   0.00   0.00   0.00   0.00
   80  -0.04  -0.49  -0.98  -0.57   0.46   2.21   0.00   1.00   0.00   0.00   0.00  -1.23  -0.50   0.00   0.00   0.00   0.00   0.00   0.00
   70   0.04  -0.49  -1.11  -0.59   0.79   3.14   1.37   0.50   0.00   0.00   0.00  -1.12   0.00   0.00   0.00   0.00   0.00   0.00   0.00
   60   0.17  -0.44  -1.20  -0.64   1.04   3.87   1.00   0.00   0.00   0.00   0.00  -1.02  -0.86   0.00   0.00   0.00   0.00   0.00   0.00
   50   0.29  -0.35  -1.20  -0.73   1.07  -0.39   0.50   0.00   0.00   0.00   0.00  -0.97  -0.77   0.00   0.00   0.00   0.00   0.00   0.00
   40   0.00  -0.27  -1.12  -0.82   0.88   0.00   0.00   0.00   0.00   0.00   0.00  -0.91  -0.68   0.00   0.00   0.00   0.00   0.00   0.00
   30   0.00  -0.29  -1.04  -0.50   0.66   0.00   0.00   0.00   0.00   0.00   0.00   0.00  -0.54   0.00   0.00   0.00   0.00   0.00   0.00
   20   0.00   0.00  -0.50   0.00   0.00   0.00   0.00   0.00   0.00   0.00   0.00   0.00  -0.39   0.00   0.00   0.00   0.00   0.00   0.00
   10   0.00   0.00   0.00   0.00   0.00   0.00   0.00   0.00   0.00   0.00   0.00   0.00   0.00   0.00   0.00   0.00   0.00   0.00   0.00
    0   0.00   0.00   0.00   0.00   0.00   0.00   0.00   0.00   0.00   0.00   0.00   0.00   0.00   0.00   0.00   0.00   0.00   0.00   0.00
  -10   0.00   0.00   0.00   0.00  -1.00   0.00   0.00   0.50   0.00   0.00   0.00   0.00   0.00   0.00   0.00   0.00   0.00   0.00   0.00
  -20   0.00   0.00   0.00  -1.00  -2.00   0.00   0.00   1.00   0.00   0.00   0.00   0.00   0.00   0.00   0.00   0.00   0.00   0.00   0.00
  -30   0.00   0.00   0.00  -1.00  -2.39  -1.00   0.00   1.44   0.00   0.00   0.00   0.00   0.00   0.00   0.00   0.00   0.00   0.00   0.00
  -40   0.00   0.00   0.00  -1.00  -2.48  -1.49   0.67   0.54   0.00   0.00   0.00   0.00   0.00   0.00   0.00   0.00   0.00   0.00   0.00
  -50   0.00   0.00   0.00  -1.00  -2.56   0.00   0.00  -0.25   0.00   0.00   0.00   0.00   0.00   0.00   0.00   0.00   0.00   0.00   0.00
  -60   0.00   0.00   0.00   0.00  -1.00   0.00  -0.49  -0.59   0.00   0.00   0.00   0.00   0.00   0.00   0.00   0.00   0.00   0.00   0.00
  -70   0.00   0.00   0.00   0.00   0.00   0.00   0.00   0.00   0.00   0.00   0.00   0.00   0.00   0.00   0.00   0.00   0.00   0.00   0.00
  -80   0.00   0.00   0.00   0.00   0.00   0.00   0.00   0.00   0.00   0.00   0.00   0.00   0.00   0.00   0.00   0.00   0.00   0.00   0.00
  -90   0.00   0.00   0.00   0.00   0.00   0.00   0.00   0.00   0.00   0.00   0.00   0.00   0.00   0.00   0.00   0.00   0.00   0.00   0.00
 -100   0.00   0.00   0.00   0.00   0.00   0.00   0.00   0.00   0.00   0.00   0.00   0.00   0.00   0.00   0.00   0.00   0.00   0.00   0.00
 -110   0.00   0.00   0.00   0.00   0.00   0.00   0.00   0.00   0.00   0.00   0.00   0.00   0.00   0.00   0.00   0.00   0.00   0.00   0.00
 -120   0.00   0.00   0.00   0.00   0.00   0.00   0.00   0.00   0.00   0.00   0.00   0.00   0.00   0.00   0.00   0.00   0.00   0.00   0.00
 -130   0.00   0.00   0.00   0.00   0.00   0.00   0.00   0.00   0.00   0.00   0.00   0.00   0.00   0.00   0.00   0.00   0.00   0.00   0.00
 -140   0.00   0.00   0.00   0.00   0.00   0.00   0.00   0.00   0.00   0.00   0.00   0.00   0.00   0.00   0.00   0.00   0.00   0.00   0.00
 -150   0.00   0.00   0.00   0.00   0.00   0.00   0.00   0.00   0.00   0.00   0.00   0.00   0.00   0.00   0.00   0.00   0.00   0.00   0.00
 -160   0.00   0.00   0.00   0.00   0.00   0.00   0.00   0.00   0.00   0.00   0.00   0.00   0.00   0.00   0.00   0.00   0.00   0.00   0.00
 -170   0.00   0.00   0.00   0.00   0.00   0.00   0.00   0.00   0.00   0.00   0.00   0.00   0.00   0.00   0.00   0.00   0.00   0.00   0.00
 -180   1.03   0.28  -0.48  -0.50  -0.07   0.43  -0.18   0.00   0.00   0.00   0.00   0.00  -0.53   0.00   0.00   0.00   0.00   0.00   0.00
  180   0.00   1.00   2.31   2.15   0.91  -1.13  -3.78   0.00   0.00   0.00   0.00   0.00  -2.50   0.00   0.00   0.00   0.00   0.00   0.00
  170   0.00   1.00   2.75   2.69   1.78   0.02  -2.41   0.00   0.00   0.00   0.00   0.00  -1.65   0.00   0.00   0.00   0.00   0.00   0.00
  160   1.00   2.00   3.18   3.24   2.64   1.17  -1.05   0.00   0.00   0.00   0.00  -1.00  -0.81   0.00   0.00   0.00   0.00   0.00   0.00
  150   1.00   2.00   3.31   3.46   3.04   1.79  -0.16   0.00   0.00   0.00   0.00  -2.00   0.47   0.00   0.00   0.00   0.00   0.00   0.00
  140   1.00   2.00   3.44   3.68   3.43   2.40   0.72   0.00   0.00   0.00   0.00  -1.00   1.74   0.00   0.00   0.00   0.00   0.00   0.00
  130   1.00   2.00   3.31   3.36   3.09   2.03   0.72   0.00   0.00   0.00   0.00   0.00   0.51   0.00   0.00   0.00   0.00   0.00   0.00
  120   1.00   2.00   3.18   3.05   2.75   1.66   0.71   0.00   0.00   0.00  -1.00  -2.00  -0.71   0.00   0.00   0.00   0.00   0.00   0.00
  110   0.00   1.00   2.81   2.54   2.09   0.88  -0.34   0.00   0.00   0.00  -2.00  -4.00  -2.06   0.00   0.00   0.00   0.00   0.00   0.00
  100   0.00   1.00   2.44   2.03   1.42   0.11  -1.39   0.00   0.00   0.00  -2.00  -5.53  -3.40   0.00   0.00   0.00   0.00   0.00   0.00
   90   0.00   1.00   2.22   1.90   1.32  -0.09  -2.68   0.00   0.00   0.00  -1.00  -4.27  -2.85   0.00   0.00   0.00   0.00   0.00   0.00
   80   0.00   1.00   1.99   1.77   1.23  -0.28  -3.96   0.00   0.00   0.00  -0.50  -2.00  -2.31   0.00   0.00   0.00   0.00   0.00   0.00
   70   0.00   0.50   1.60   1.77   1.33   0.00  -2.00   0.00   0.00   0.00   0.00  -1.32  -1.20   0.00   0.00   0.00   0.00   0.00   0.00
   60   0.00   0.00   1.60   1.77   1.43   0.00  -1.00   0.00   0.00   0.00  -0.96  -0.64  -0.09   0.00   0.00   0.00   0.00   0.00   0.00
   50   0.00   0.00   1.60   1.79   1.00   0.00  -0.50   0.00   0.00   0.00   0.00  -1.14   0.29   0.00   0.00   0.00   0.00   0.00   0.00
   40   0.00   0.00   1.96   1.81   0.50   0.00   0.00   0.00   0.00   0.00   0.00  -1.64   0.67   0.00   0.00   0.00   0.00   0.00   0.00
   30   0.00   0.00   1.00   1.00   0.00   0.00   0.00   0.00   0.00   0.00   0.00  -1.00   0.00   0.00   0.00   0.00   0.00   0.00   0.00
   20   0.00   0.00   0.50   0.50   0.90   0.00   0.00   0.00   0.00   0.00   0.00  -0.50   0.00   0.00   0.00   0.00   0.00   0.00   0.00
   10   0.00   0.00   0.00   0.00   0.78   0.00   0.00   0.00   0.00   0.00   0.00   0.00   0.00   0.00   0.00   0.00   0.00   0.00   0.00
    0   0.00   0.00   0.00   0.00   0.66   0.00   0.00   0.00   0.00   0.00   0.00   0.00   0.00   0.00   0.00   0.00   0.00   0.00   0.00
  -10   0.00   0.00   0.00   0.00   0.00   0.00   0.00   0.00   0.00   0.00   0.00   0.00   0.00   0.00   0.00   0.00   0.00   0.00   0.00
  -20   0.00   0.00   0.00   0.00   0.00   0.00   0.00   0.00   0.00   0.00   0.00   0.00   0.00   0.00   0.00   0.00   0.00   0.00   0.00
  -30   0.00   0.00   0.00   0.00   0.00   1.00   0.00   0.00   0.00   0.00   0.00   0.00   0.00   0.00   0.00   0.00   0.00   0.00   0.00
  -40   0.00   0.00   0.00   0.00   1.00   1.45   0.88   0.00   0.00   0.00   0.00   0.00   0.00   0.00   0.00   0.00   0.00   0.00   0.00
  -50   0.00   0.00   0.00   0.00   1.00   1.00   0.00   0.00   0.00   0.00   0.00   0.00   0.00   0.00   0.00   0.00   0.00   0.00   0.00
  -60   0.00   0.00   0.00   0.00   0.00   0.00  -0.88   0.00   0.00   0.00   0.00   0.00   0.00   0.00   0.00   0.00   0.00   0.00   0.00
  -70   0.00   0.00   0.00   0.00   0.00   0.00   0.00   0.00   0.00   0.00   0.00   0.00   0.00   0.00   0.00   0.00   0.00   0.00   0.00
  -80   0.00   0.00   0.00   0.00   0.00   0.00   0.00   0.00   0.00   0.00   0.00   0.00   0.00   0.00   0.00   0.00   0.00   0.00   0.00
  -90   0.00   0.00   0.00   0.00   0.00   0.00   0.00   0.00   0.00   0.00   0.00   0.00   0.00   0.00   0.00   0.00   0.00   0.00   0.00
 -100   0.00   0.00   0.00   0.00   0.00   0.00   0.00   0.00   0.00   0.00   0.00   0.00   0.00   0.00   0.00   0.00   0.00   0.00   0.00
 -110   0.00   0.00   0.00   0.00   0.00   0.00   0.00   0.00   0.00   0.00   0.00   0.00   0.00   0.00   0.00   0.00   0.00   0.00   0.00
 -120   0.00   0.00   0.00   0.00   0.00   0.00   0.00   0.00   0.00   0.00   0.00   0.00   0.00   0.00   0.00   0.00   0.00   0.00   0.00
 -130   0.00   0.00   0.00   0.00   0.00   0.00   0.00   0.00   0.00   0.00   0.00   0.00   0.00   0.00   0.00   0.00   0.00   0.00   0.00
 -140   0.00   0.00   0.00   0.00   0.00   0.00   0.00   0.00   0.00   0.00   0.00   0.00   0.00   0.00   0.00   0.00   0.00   0.00   0.00
 -150   0.00   0.00   0.00   0.00   0.00   0.00   0.00   0.00   0.00   0.00   0.00   0.00   0.00   0.00   0.00   0.00   0.00   0.00   0.00
 -160   0.00   0.00   0.00   0.00   0.00   0.00   0.00   0.00   0.00   0.00   0.00   0.00   0.00   0.00   0.00   0.00   0.00   0.00   0.00
 -170   0.00   0.00   0.00   0.00   0.00   0.00   0.00   0.00   0.00   0.00   0.00   0.00   0.00   0.00   0.00   0.00   0.00   0.00   0.00
 -180   0.00   1.00   2.31   2.15   0.91  -1.13  -3.78   0.00   0.00   0.00   0.00   0.00  -2.50   0.00   0.00   0.00   0.00   0.00   0.00
  180   0.29   0.43   0.35   0.73   0.40   0.31   0.24   0.00   0.00   0.00   0.00   0.00   0.01   0.00   0.00   0.00   0.00   0.00   0.00
  170   0.30   0.23   0.53   0.81   0.45   0.66   0.50   0.21   0.00   0.00   0.00   0.00   0.05   0.00   0.00   0.00   0.00   0.00   0.00
  160   0.18   0.38   0.66   0.60   0.61   0.62   0.41   0.23   0.00   0.00   0.00   0.00   0.08   0.00   0.00   0.00   0.00   0.00   0.00
  150   0.21   0.39   0.41   0.39   0.76   0.61   0.53   0.42   0.00   0.00   0.00   0.00   0.00   0.00   0.00   0.00   0.00   0.00   0.00
  140   0.19   0.05   0.51   0.47   0.58   0.68   0.64   0.57   0.00   0.00   0.00   0.00   0.00   0.00   0.00   0.00   0.00   0.00   0.00
  130   0.24   0.16   0.48   0.47   0.76   0.75   0.96   0.65   0.00   0.00   0.00   0.00   0.00   0.00   0.00   0.00   0.00   0.00   0.00
  120   0.06   0.10   0.15   0.64   0.55   0.98   0.94   0.98   0.00   0.00   0.00   0.00   0.00   0.00   0.00   0.00   0.00   0.00   0.00
  110  -0.27   0.26   0.29   0.46   0.73   1.13   0.96   1.09   0.00   0.00   0.00   0.00   0.00   0.00   0.00   0.00   0.00   0.00   0.00
  100  -0.18   0.15   0.44   0.52   1.04   1.28   1.16   1.39   0.00   0.00   0.00   0.00   0.01   0.00   0.00   0.00   0.00   0.00   0.00
   90  -0.12   0.10   0.26   0.69   0.75   1.43   1.00   1.63   0.00   0.00   0.00   0.00   0.10   0.00   0.00   0.00   0.00   0.00   0.00
   80  -0.14   0.01   0.37   0.72   1.02   1.46   1.00   1.00   0.00   0.00   0.00   0.23   0.20   0.00   0.00   0.00   0.00   0.00   0.00
   70  -0.29   0.33   0.46   0.84   1.34   1.89   2.05   0.50   0.00   0.00   0.00   0.37   0.30   0.00   0.00   0.00   0.00   0.00   0.00
   60  -0.03   0.13   0.50   0.82   1.18   1.79   1.00   0.00   0.00   0.00   0.00   0.52   0.44   0.00   0.00   0.00   0.00   0.00   0.00
   50  -0.24  -0.07   0.50   0.85   1.44   0.23   0.50   0.00   0.00   0.00   0.00   0.71   0.50   0.00   0.00   0.00   0.00   0.00   0.00
   40   0.00  -0.19   0.18   0.76   1.60   0.00   0.00   0.00   0.00   0.00   0.00   0.90   0.56   0.00   0.00   0.00   0.00   0.00   0.00
   30   0.00  -0.29   0.10   0.00   1.11   0.00   0.00   0.00   0.00   0.00   0.00   0.00   0.59   0.00   0.00   0.00   0.00   0.00   0.00
   20   0.00   0.00   0.00   0.00   0.50   0.00   0.00   0.00   0.00   0.00   0.00   0.00   0.63   0.00   0.00   0.00   0.00   0.00   0.00
   10   0.00   0.00   0.00   0.00   0.00   0.00   0.00   0.00   0.00   0.00   0.00   0.00   0.00   0.00   0.00   0.00   0.00   0.00   0.00
    0   0.00   0.00   0.00   0.00   0.00   0.00   0.00   0.00   0.00   0.00   0.00   0.00   0.00   0.00   0.00   0.00   0.00   0.00   0.00
  -10   0.00   0.00   0.00   0.00   0.00   0.00   0.00   0.00   0.00   0.00   0.00   0.00   0.00   0.00   0.00   0.00   0.00   0.00   0.00
  -20   0.00   0.00   0.00   0.00   0.00   0.00   0.00   0.00   0.00   0.00   0.00   0.00   0.00   0.00   0.00   0.00   0.00   0.00   0.00
  -30   0.00   0.00   0.00   0.00   0.03   0.13   0.00  -0.01   0.00   0.00   0.00   0.00   0.00   0.00   0.00   0.00   0.00   0.00   0.00
  -40   0.00   0.00   0.00   0.00  -0.09   0.28  -0.08  -0.77   0.00   0.00   0.00   0.00   0.00   0.00   0.00   0.00   0.00   0.00   0.00
  -50   0.00   0.00   0.00   0.00  -0.43   0.00   0.00  -1.03   0.00   0.00   0.00   0.00   0.00   0.00   0.00   0.00   0.00   0.00   0.00
  -60   0.00   0.00   0.00   0.00   0.00   0.00   0.23  -0.94   0.00   0.00   0.00   0.00   0.00   0.00   0.00   0.00   0.00   0.00   0.00
  -70   0.00   0.00   0.00   0.00   0.00   0.00   0.00   0.00   0.00   0.00   0.00   0.00   0.00   0.00   0.00   0.00   0.00   0.00   0.00
  -80   0.00   0.00   0.00   0.00   0.00   0.00   0.00   0.00   0.00   0.00   0.00   0.00   0.00   0.00   0.00   0.00   0.00   0.00   0.00
  -90   0.00   0.00   0.00   0.00   0.00   0.00   0.00   0.00   0.00   0.00   0.00   0.00   0.00   0.00   0.00   0.00   0.00   0.00   0.00
 -100   0.00   0.00   0.00   0.00   0.00   0.00   0.00   0.00   0.00   0.00   0.00   0.00   0.00   0.00   0.00   0.00   0.00   0.00   0.00
 -110   0.00   0.00   0.00   0.00   0.00   0.00   0.00   0.00   0.00   0.00   0.00   0.00   0.00   0.00   0.00   0.00   0.00   0.00   0.00
 -120   0.00   0.00   0.00   0.00   0.00   0.00   0.00   0.00   0.00   0.00   0.00   0.00   0.00   0.00   0.00   0.00   0.00   0.00   0.00
 -130   0.00   0.00   0.00   0.00   0.00   0.00   0.00   0.00   0.00   0.00   0.00   0.00   0.00   0.00   0.00   0.00   0.00   0.00   0.00
 -140   0.00   0.00   0.00   0.00   0.00   0.00   0.00   0.00   0.00   0.00   0.00   0.00   0.00   0.00   0.00   0.00   0.00   0.00   0.00
 -150   0.00   0.00   0.00   0.00   0.00   0.00   0.00   0.00   0.00   0.00   0.00   0.00   0.00   0.00   0.00   0.00   0.00   0.00   0.00
 -160   0.00   0.00   0.00   0.00   0.00   0.00   0.00   0.00   0.00   0.00   0.00   0.00   0.00   0.00   0.00   0.00   0.00   0.00   0.00
 -170   0.00   0.00   0.00   0.00   0.00   0.00   0.00   0.00   0.00   0.00   0.00   0.00   0.00   0.00   0.00   0.00   0.00   0.00   0.00
 -180   0.29   0.43   0.35   0.73   0.40   0.31   0.24   0.00   0.00   0.00   0.00   0.00   0.01   0.00   0.00   0.00   0.00   0.00   0.00
