#-----------------------------------------------------------------------------------------------------------------------------------------
#ps\ph  -180   -160   -140   -120   -100   -80    -60    -40    -20     0      20     40     60     80    100    120    140    160    180
#-----------------------------------------------------------------------------------------------------------------------------------------
  180   0.42  -0.03  -0.49  -0.69  -0.50  -0.44  -0.37   0.00   0.00   0.00   0.00   0.00   0.40   0.00   0.00   0.00   0.00   0.00   0.00
  170   0.40   0.07  -0.24  -0.63  -0.42  -0.47  -0.43  -0.49   0.00   0.00   0.00   0.00   0.38   0.00   0.00   0.00   0.00   0.00   0.00
  160   0.34  -0.02  -0.12  -0.61  -0.46  -0.51  -0.52  -0.55   0.00   0.00   0.00   0.00   0.36   0.00   0.00   0.00   0.00   0.00   0.00
  150   0.26  -0.06  -0.17  -0.69  -0.62  -0.44  -0.56  -0.60   0.00   0.00   0.00   0.00   0.00   0.00   0.00   0.00   0.00   0.00   0.00
  140   0.21  -0.04  -0.23  -0.70  -0.67  -0.49  -0.54  -0.67   0.00   0.00   0.00   0.00   0.00   0.00   0.00   0.00   0.00   0.00   0.00
  130   0.22   0.02  -0.30  -0.68  -0.60  -0.54  -0.52  -0.79   0.00   0.00   0.00   0.00   0.00   0.00   0.00   0.00   0.00   0.00   0.00
  120   0.27   0.08  -0.37  -0.67  -0.64  -0.58  -0.53  -0.88   0.00   0.00   0.00   0.00   0.00   0.00   0.00   0.00   0.00   0.00   0.00
  110   0.31   0.09  -0.46  -0.67  -0.72  -0.56  -0.59  -0.77   0.00   0.00   0.00   0.00   0.00   0.00   0.00   0.00   0.00   0.00   0.00
  100   0.28   0.03  -0.53  -0.66  -0.76  -0.54  -0.46  -0.50   0.00   0.00   0.00   0.00   0.01   0.00   0.00   0.00   0.00   0.00   0.00
   90   0.18  -0.06  -0.58  -0.64  -0.79  -0.60   0.00  -0.36   0.00   0.00   0.00   0.00   0.00   0.00   0.00   0.00   0.00   0.00   0.00
   80   0.05  -0.15  -0.59  -0.62  -0.80  -0.68   0.00   0.00   0.00   0.00   0.00  -0.40   0.00   0.00   0.00   0.00   0.00   0.00   0.00
   70  -0.04  -0.22  -0.56  -0.60  -0.81  -0.71  -0.59   0.00   0.00   0.00   0.00  -0.50   0.00   0.00   0.00   0.00   0.00   0.00   0.00
   60  -0.08  -0.24  -0.48  -0.59  -0.81  -0.67   0.00   0.00   0.00   0.00   0.00  -0.61  -0.25   0.00   0.00   0.00   0.00   0.00   0.00
   50  -0.06  -0.22  -0.36  -0.59  -0.77  -0.19   0.00   0.00   0.00   0.00   0.00  -0.62  -0.33   0.00   0.00   0.00   0.00   0.00   0.00
   40   0.00  -0.17  -0.24  -0.55  -0.68   0.00   0.00   0.00   0.00   0.00   0.00  -0.63  -0.40   0.00   0.00   0.00   0.00   0.00   0.00
   30   0.00  -0.13  -0.18   0.00  -0.52   0.00   0.00   0.00   0.00   0.00   0.00   0.00  -0.42   0.00   0.00   0.00   0.00   0.00   0.00
   20   0.00   0.00   0.00   0.00   0.00   0.00   0.00   0.00   0.00   0.00   0.00   0.00  -0.43   0.00   0.00   0.00   0.00   0.00   0.00
   10   0.00   0.00   0.00   0.00   0.00   0.00   0.00   0.00   0.00   0.00   0.00   0.00   0.00   0.00   0.00   0.00   0.00   0.00   0.00
    0   0.00   0.00   0.00   0.00   0.00   0.00   0.00   0.00   0.00   0.00   0.00   0.00   0.00   0.00   0.00   0.00   0.00   0.00   0.00
  -10   0.00   0.00   0.00   0.00   0.00   0.00   0.00   0.00   0.00   0.00   0.00   0.00   0.00   0.00   0.00   0.00   0.00   0.00   0.00
  -20   0.00   0.00   0.00   0.00   0.00   0.00   0.00   0.00   0.00   0.00   0.00   0.00   0.00   0.00   0.00   0.00   0.00   0.00   0.00
  -30   0.00   0.00   0.00   0.00  -0.37  -0.21   0.00   0.58   0.00   0.00   0.00   0.00   0.00   0.00   0.00   0.00   0.00   0.00   0.00
  -40   0.00   0.00   0.00   0.00  -0.39  -0.34   0.01   0.42   0.00   0.00   0.00   0.00   0.00   0.00   0.00   0.00   0.00   0.00   0.00
  -50   0.00   0.00   0.00   0.00  -0.47   0.00   0.00   0.20   0.00   0.00   0.00   0.00   0.00   0.00   0.00   0.00   0.00   0.00   0.00
  -60   0.00   0.00   0.00   0.00   0.00   0.00  -0.05   0.09   0.00   0.00   0.00   0.00   0.00   0.00   0.00   0.00   0.00   0.00   0.00
  -70   0.00   0.00   0.00   0.00   0.00   0.00   0.00   0.00   0.00   0.00   0.00   0.00   0.00   0.00   0.00   0.00   0.00   0.00   0.00
  -80   0.00   0.00   0.00   0.00   0.00   0.00   0.00   0.00   0.00   0.00   0.00   0.00   0.00   0.00   0.00   0.00   0.00   0.00   0.00
  -90   0.00   0.00   0.00   0.00   0.00   0.00   0.00   0.00   0.00   0.00   0.00   0.00   0.00   0.00   0.00   0.00   0.00   0.00   0.00
 -100   0.00   0.00   0.00   0.00   0.00   0.00   0.00   0.00   0.00   0.00   0.00   0.00   0.00   0.00   0.00   0.00   0.00   0.00   0.00
 -110   0.00   0.00   0.00   0.00   0.00   0.00   0.00   0.00   0.00   0.00   0.00   0.00   0.00   0.00   0.00   0.00   0.00   0.00   0.00
 -120   0.00   0.00   0.00   0.00   0.00   0.00   0.00   0.00   0.00   0.00   0.00   0.00   0.00   0.00   0.00   0.00   0.00   0.00   0.00
 -130   0.00   0.00   0.00   0.00   0.00   0.00   0.00   0.00   0.00   0.00   0.00   0.00   0.00   0.00   0.00   0.00   0.00   0.00   0.00
 -140   0.00   0.00   0.00   0.00   0.00   0.00   0.00   0.00   0.00   0.00   0.00   0.00   0.00   0.00   0.00   0.00   0.00   0.00   0.00
 -150   0.00   0.00   0.00   0.00   0.00   0.00   0.00   0.00   0.00   0.00   0.00   0.00   0.00   0.00   0.00   0.00   0.00   0.00   0.00
 -160   0.00   0.00   0.00   0.00   0.00   0.00   0.00   0.00   0.00   0.00   0.00   0.00   0.00   0.00   0.00   0.00   0.00   0.00   0.00
 -170   0.00   0.00   0.00   0.00   0.00   0.00   0.00   0.00   0.00   0.00   0.00   0.00   0.00   0.00   0.00   0.00   0.00   0.00   0.00
 -180   0.42  -0.03  -0.49  -0.69  -0.50  -0.44  -0.37   0.00   0.00   0.00   0.00   0.00   0.40   0.00   0.00   0.00   0.00   0.00   0.00
  180  -1.00  -3.00  -4.78  -5.27  -4.76  -3.66  -3.04   0.00   0.00   0.00   0.00   0.00   0.91   0.00   0.00   0.00   0.00   0.00   0.00
  170  -1.00  -3.00  -4.43  -5.00  -4.42  -3.14  -2.37   0.00   0.00   0.00   0.00   0.00   1.37   0.00   0.00   0.00   0.00   0.00   0.00
  160  -1.00  -2.00  -4.08  -4.73  -4.07  -2.62  -1.71   0.00   0.00   0.00   0.00   0.00   1.83   0.00   0.00   0.00   0.00   0.00   0.00
  150  -1.00  -2.00  -3.49  -4.34  -3.75  -2.25  -1.21   0.00   0.00   0.00   0.00   0.00   2.27   0.00   0.00   0.00   0.00   0.00   0.00
  140  -1.00  -2.00  -2.90  -3.94  -3.42  -1.88  -0.71   0.00   0.00   0.00   0.00   0.00   2.70   0.00   0.00   0.00   0.00   0.00   0.00
  130   0.00  -1.00  -2.62  -3.82  -3.42  -1.89  -0.61   0.00   0.00   0.00   0.00   0.00   2.91   0.00   0.00   0.00   0.00   0.00   0.00
  120   0.00  -1.00  -2.34  -3.70  -3.42  -1.89  -0.50   0.00   0.00   0.00   0.00   0.00   3.12   0.00   0.00   0.00   0.00   0.00   0.00
  110   0.00  -1.00  -2.67  -4.09  -3.93  -2.46  -0.97   0.00   0.00   0.00   0.00   0.00   2.88   0.00   0.00   0.00   0.00   0.00   0.00
  100   0.00  -2.00  -3.00  -4.48  -4.44  -3.04  -1.44   0.00   0.00   0.00   0.00   2.48   2.63   0.00   0.00   0.00   0.00   0.00   0.00
   90  -1.00  -2.00  -3.62  -5.05  -5.06  -3.80  -2.23   0.00   0.00   0.00   0.00   1.52   2.00   0.00   0.00   0.00   0.00   0.00   0.00
   80  -1.00  -3.00  -4.24  -5.62  -5.67  -4.56  -3.01   0.00   0.00   0.00   0.00   0.57   1.37   0.00   0.00   0.00   0.00   0.00   0.00
   70  -1.00  -2.00  -4.00  -5.78  -5.74  -3.00  -2.00   0.00   0.00   0.00   0.00  -0.10   0.74   0.00   0.00   0.00   0.00   0.00   0.00
   60  -1.00  -2.00  -4.00  -5.93  -5.81  -2.00  -1.00   0.00   0.00   0.00  -1.05  -0.76   0.10   0.00   0.00   0.00   0.00   0.00   0.00
   50  -1.00  -2.00  -4.00  -5.59  -4.00  -1.00   0.00   0.00   0.00   0.00   0.00  -0.75   0.07   0.00   0.00   0.00   0.00   0.00   0.00
   40   0.00  -1.00  -4.79  -5.24  -4.00   0.00   0.00   0.00   0.00   0.00   0.00  -0.73   0.05   0.00   0.00   0.00   0.00   0.00   0.00
   30   0.00  -1.00  -3.00  -4.00  -4.00   0.00   0.00   0.00   0.00   0.00   0.00   0.00   0.00   0.00   0.00   0.00   0.00   0.00   0.00
   20   0.00   0.00  -2.00  -3.00  -4.87   0.00   0.00   0.00   0.00   0.00   0.00   0.00   0.00   0.00   0.00   0.00   0.00   0.00   0.00
   10   0.00   0.00  -1.00  -2.00  -4.37   0.00   0.00   0.00   0.00   0.00   0.00   0.00   0.00   0.00   0.00   0.00   0.00   0.00   0.00
    0   0.00   0.00   0.00  -1.00  -3.86   0.00   0.00   0.00   0.00   0.00   0.00   0.00   0.00   0.00   0.00   0.00   0.00   0.00   0.00
  -10   0.00   0.00   0.00   0.00   0.00   0.00   0.00   0.00   0.00   0.00   0.00   0.00   0.00   0.00   0.00   0.00   0.00   0.00   0.00
  -20   0.00   0.00   0.00   0.00   0.00   0.00   0.00   0.00   0.00   0.00   0.00   0.00   0.00   0.00   0.00   0.00   0.00   0.00   0.00
  -30   0.00   0.00   0.00   0.00   0.00   0.00   0.00   0.00   0.00   0.00   0.00   0.00   0.00   0.00   0.00   0.00   0.00   0.00   0.00
  -40   0.00   0.00   0.00   0.00   0.00  -0.94  -0.08   0.00   0.00   0.00   0.00   0.00   0.00   0.00   0.00   0.00   0.00   0.00   0.00
  -50   0.00   0.00   0.00   0.00   0.00   0.00   0.00   0.00   0.00   0.00   0.00   0.00   0.00   0.00   0.00   0.00   0.00   0.00   0.00
  -60   0.00   0.00   0.00   0.00   0.00   0.00   0.09   0.00   0.00   0.00   0.00   0.00   0.00   0.00   0.00   0.00   0.00   0.00   0.00
  -70   0.00   0.00   0.00   0.00   0.00   0.00   0.00   0.00   0.00   0.00   0.00   0.00   0.00   0.00   0.00   0.00   0.00   0.00   0.00
  -80   0.00   0.00   0.00   0.00   0.00   0.00   0.00   0.00   0.00   0.00   0.00   0.00   0.00   0.00   0.00   0.00   0.00   0.00   0.00
  -90   0.00   0.00   0.00   0.00   0.00   0.00   0.00   0.00   0.00   0.00   0.00   0.00   0.00   0.00   0.00   0.00   0.00   0.00   0.00
 -100   0.00   0.00   0.00   0.00   0.00   0.00   0.00   0.00   0.00   0.00   0.00   0.00   0.00   0.00   0.00   0.00   0.00   0.00   0.00
 -110   0.00   0.00   0.00   0.00   0.00   0.00   0.00   0.00   0.00   0.00   0.00   0.00   0.00   0.00   0.00   0.00   0.00   0.00   0.00
 -120   0.00   0.00   0.00   0.00   0.00   0.00   0.00   0.00   0.00   0.00   0.00   0.00   0.00   0.00   0.00   0.00   0.00   0.00   0.00
 -130   0.00   0.00   0.00   0.00   0.00   0.00   0.00   0.00   0.00   0.00   0.00   0.00   0.00   0.00   0.00   0.00   0.00   0.00   0.00
 -140   0.00   0.00   0.00   0.00   0.00   0.00   0.00   0.00   0.00   0.00   0.00   0.00   0.00   0.00   0.00   0.00   0.00   0.00   0.00
 -150   0.00   0.00   0.00   0.00   0.00   0.00   0.00   0.00   0.00   0.00   0.00   0.00   0.00   0.00   0.00   0.00   0.00   0.00   0.00
 -160   0.00   0.00   0.00   0.00   0.00   0.00   0.00   0.00   0.00   0.00   0.00   0.00   0.00   0.00   0.00   0.00   0.00   0.00   0.00
 -170   0.00   0.00   0.00   0.00   0.00   0.00   0.00   0.00   0.00   0.00   0.00   0.00   0.00   0.00   0.00   0.00   0.00   0.00   0.00
  180  -1.00  -3.00  -4.78  -5.27  -4.76  -3.66  -3.04   0.00   0.00   0.00   0.00   0.00   0.91   0.00   0.00   0.00   0.00   0.00   0.00
  180  -0.19  -0.34  -0.24  -0.44  -0.28  -0.44  -0.40   0.00   0.00   0.00   0.00   0.00   0.03   0.00   0.00   0.00   0.00   0.00   0.00
  170  -0.34  -0.19  -0.36  -0.44  -0.40  -0.46  -0.64  -0.39   0.00   0.00   0.00   0.00  -0.09   0.00   0.00   0.00   0.00   0.00   0.00
  160  -0.01  -0.34  -0.34  -0.40  -0.52  -0.44  -0.43  -0.44   0.00   0.00   0.00   0.00  -0.21   0.00   0.00   0.00   0.00   0.00   0.00
  150  -0.07  -0.27  -0.32  -0.51  -0.45  -0.49  -0.51  -0.41   0.00   0.00   0.00   0.00   0.00   0.00   0.00   0.00   0.00   0.00   0.00
  140  -0.27  -0.29  -0.24  -0.43  -0.55  -0.45  -0.51  -0.28   0.00   0.00   0.00   0.00   0.00   0.00   0.00   0.00   0.00   0.00   0.00
  130  -0.26  -0.30  -0.46  -0.19  -0.41  -0.41  -0.43  -0.51   0.00   0.00   0.00   0.00   0.00   0.00   0.00   0.00   0.00   0.00   0.00
  120  -0.13  -0.18  -0.12  -0.46  -0.35  -0.19  -0.50  -0.44   0.00   0.00   0.00   0.00   0.00   0.00   0.00   0.00   0.00   0.00   0.00
  110  -0.09  -0.23  -0.15  -0.19  -0.27  -0.23  -0.41  -0.10   0.00   0.00   0.00   0.00   0.00   0.00   0.00   0.00   0.00   0.00   0.00
  100  -0.12  -0.01  -0.20  -0.04  -0.30  -0.28  -0.24  -0.05   0.00   0.00   0.00   0.00  -0.59   0.00   0.00   0.00   0.00   0.00   0.00
   90  -0.06   0.05   0.06  -0.08   0.11   0.20   0.00   0.04   0.00   0.00   0.00   0.00   0.00   0.00   0.00   0.00   0.00   0.00   0.00
   80  -0.02   0.06   0.27   0.15   0.18   0.45   0.00   0.00   0.00   0.00   0.00  -0.58   0.00   0.00   0.00   0.00   0.00   0.00   0.00
   70  -0.25  -0.15   0.07   0.20   0.20   0.57   0.26   0.00   0.00   0.00   0.00  -0.65   0.00   0.00   0.00   0.00   0.00   0.00   0.00
   60  -0.36  -0.10   0.10   0.13   0.54   0.88   0.00   0.00   0.00   0.00   0.00  -0.72  -0.61   0.00   0.00   0.00   0.00   0.00   0.00
   50  -0.64  -0.28  -0.10   0.30   0.57   0.19   0.00   0.00   0.00   0.00   0.00  -0.66  -0.59   0.00   0.00   0.00   0.00   0.00   0.00
   40   0.00  -0.45  -0.14   0.37   0.61   0.00   0.00   0.00   0.00   0.00   0.00  -0.60  -0.57   0.00   0.00   0.00   0.00   0.00   0.00
   30   0.00  -0.57  -0.23   0.00   0.64   0.00   0.00   0.00   0.00   0.00   0.00   0.00  -0.50   0.00   0.00   0.00   0.00   0.00   0.00
   20   0.00   0.00   0.00   0.00   0.00   0.00   0.00   0.00   0.00   0.00   0.00   0.00  -0.43   0.00   0.00   0.00   0.00   0.00   0.00
   10   0.00   0.00   0.00   0.00   0.00   0.00   0.00   0.00   0.00   0.00   0.00   0.00   0.00   0.00   0.00   0.00   0.00   0.00   0.00
    0   0.00   0.00   0.00   0.00   0.00   0.00   0.00   0.00   0.00   0.00   0.00   0.00   0.00   0.00   0.00   0.00   0.00   0.00   0.00
  -10   0.00   0.00   0.00   0.00   0.00   0.00   0.00   0.00   0.00   0.00   0.00   0.00   0.00   0.00   0.00   0.00   0.00   0.00   0.00
  -20   0.00   0.00   0.00   0.00   0.00   0.00   0.00   0.00   0.00   0.00   0.00   0.00   0.00   0.00   0.00   0.00   0.00   0.00   0.00
  -30   0.00   0.00   0.00   0.00  -0.55  -0.01   0.00   0.95   0.00   0.00   0.00   0.00   0.00   0.00   0.00   0.00   0.00   0.00   0.00
  -40   0.00   0.00   0.00   0.00  -0.58  -0.26   0.37   0.85   0.00   0.00   0.00   0.00   0.00   0.00   0.00   0.00   0.00   0.00   0.00
  -50   0.00   0.00   0.00   0.00  -0.71   0.00   0.00   0.48   0.00   0.00   0.00   0.00   0.00   0.00   0.00   0.00   0.00   0.00   0.00
  -60   0.00   0.00   0.00   0.00   0.00   0.00  -0.14   0.16   0.00   0.00   0.00   0.00   0.00   0.00   0.00   0.00   0.00   0.00   0.00
  -70   0.00   0.00   0.00   0.00   0.00   0.00   0.00   0.00   0.00   0.00   0.00   0.00   0.00   0.00   0.00   0.00   0.00   0.00   0.00
  -80   0.00   0.00   0.00   0.00   0.00   0.00   0.00   0.00   0.00   0.00   0.00   0.00   0.00   0.00   0.00   0.00   0.00   0.00   0.00
  -90   0.00   0.00   0.00   0.00   0.00   0.00   0.00   0.00   0.00   0.00   0.00   0.00   0.00   0.00   0.00   0.00   0.00   0.00   0.00
 -100   0.00   0.00   0.00   0.00   0.00   0.00   0.00   0.00   0.00   0.00   0.00   0.00   0.00   0.00   0.00   0.00   0.00   0.00   0.00
 -110   0.00   0.00   0.00   0.00   0.00   0.00   0.00   0.00   0.00   0.00   0.00   0.00   0.00   0.00   0.00   0.00   0.00   0.00   0.00
 -120   0.00   0.00   0.00   0.00   0.00   0.00   0.00   0.00   0.00   0.00   0.00   0.00   0.00   0.00   0.00   0.00   0.00   0.00   0.00
 -130   0.00   0.00   0.00   0.00   0.00   0.00   0.00   0.00   0.00   0.00   0.00   0.00   0.00   0.00   0.00   0.00   0.00   0.00   0.00
 -140   0.00   0.00   0.00   0.00   0.00   0.00   0.00   0.00   0.00   0.00   0.00   0.00   0.00   0.00   0.00   0.00   0.00   0.00   0.00
 -150   0.00   0.00   0.00   0.00   0.00   0.00   0.00   0.00   0.00   0.00   0.00   0.00   0.00   0.00   0.00   0.00   0.00   0.00   0.00
 -160   0.00   0.00   0.00   0.00   0.00   0.00   0.00   0.00   0.00   0.00   0.00   0.00   0.00   0.00   0.00   0.00   0.00   0.00   0.00
 -170   0.00   0.00   0.00   0.00   0.00   0.00   0.00   0.00   0.00   0.00   0.00   0.00   0.00   0.00   0.00   0.00   0.00   0.00   0.00
 -180  -0.19  -0.34  -0.24  -0.44  -0.28  -0.44  -0.40   0.00   0.00   0.00   0.00   0.00   0.03   0.00   0.00   0.00   0.00   0.00   0.00
