#-----------------------------------------------------------------------------------------------------------------------------------------
#ps\ph  -180   -160   -140   -120   -100   -80    -60    -40    -20     0      20     40     60     80    100    120    140    160    180
#-----------------------------------------------------------------------------------------------------------------------------------------
  180     0.01   0.03  -0.08  -0.07   0.07   0.21   0.30   0.00   0.00   0.00   0.00   0.00  -0.05   0.00   0.00   0.00   0.00   0.00   0.00
  170     0.00  -0.02  -0.10  -0.11   0.01   0.09   0.27   0.03   0.00   0.00   0.00   0.00  -0.07   0.00   0.00   0.00   0.00   0.00   0.00
  160    -0.02  -0.02  -0.10  -0.10  -0.02   0.01   0.17   0.04   0.00   0.00   0.00   0.00  -0.10   0.00   0.00   0.00   0.00   0.00   0.00
  150    -0.04  -0.06  -0.11  -0.13  -0.04  -0.07   0.07   0.01   0.00   0.00   0.00   0.00   0.00   0.00   0.00   0.00   0.00   0.00   0.00
  140    -0.07  -0.07  -0.14  -0.16  -0.06  -0.06   0.00  -0.03   0.00   0.00   0.00   0.00   0.00   0.00   0.00   0.00   0.00   0.00   0.00
  130    -0.06  -0.07  -0.16  -0.17  -0.08  -0.03  -0.03  -0.08   0.00   0.00   0.00   0.00   0.00   0.00   0.00   0.00   0.00   0.00   0.00
  120    -0.04  -0.04  -0.18  -0.16  -0.11  -0.02  -0.03  -0.10   0.00   0.00   0.00   0.00   0.00   0.00   0.00   0.00   0.00   0.00   0.00
  110    -0.02  -0.01  -0.17  -0.15  -0.10  -0.02  -0.03  -0.12   0.00   0.00   0.00   0.00   0.00   0.00   0.00   0.00   0.00   0.00   0.00
  100     0.00   0.00  -0.15  -0.15  -0.05  -0.03  -0.03  -0.15   0.00   0.00   0.00   0.00  -0.05   0.00   0.00   0.00   0.00   0.00   0.00
   90     0.01  -0.01  -0.12  -0.14  -0.02  -0.03  -0.07  -0.23   0.00   0.00   0.00   0.00   0.00   0.00   0.00   0.00   0.00   0.00   0.00
   80     0.04   0.01  -0.10  -0.12   0.00   0.00  -0.12   0.00   0.00   0.00   0.00   0.04   0.01   0.00   0.00   0.00   0.00   0.00   0.00
   70     0.08   0.05  -0.07  -0.08   0.01   0.00  -0.12   0.00   0.00   0.00   0.00   0.00   0.00   0.00   0.00   0.00   0.00   0.00   0.00
   60     0.12   0.09  -0.03  -0.04   0.02  -0.03   0.00   0.00   0.00   0.00   0.00   0.02   0.07   0.00   0.00   0.00   0.00   0.00   0.00
   50    -0.04   0.12   0.03   0.00   0.04  -0.17   0.00   0.00   0.00   0.00   0.00  -0.10   0.09   0.00   0.00   0.00   0.00   0.00   0.00
   40     0.00   0.13   0.05   0.02   0.08   0.00   0.00   0.00   0.00   0.00   0.00  -0.08   0.08   0.00   0.00   0.00   0.00   0.00   0.00
   30     0.00  -0.07   0.02   0.21   0.18   0.00   0.00   0.00   0.00   0.00   0.00   0.00  -0.01   0.00   0.00   0.00   0.00   0.00   0.00
   20     0.00   0.00   0.00   0.14   0.41   0.00   0.00   0.00   0.00   0.00   0.00   0.00  -0.09   0.00   0.00   0.00   0.00   0.00   0.00
   10     0.00   0.00   0.00   0.00   0.33   0.00   0.00   0.00   0.00   0.00   0.00   0.00   0.00   0.00   0.00   0.00   0.00   0.00   0.00
    0     0.00   0.00   0.00   0.00   0.10   0.95   0.00   0.00   0.00   0.00   0.00   0.00   0.00   0.00   0.00   0.00   0.00   0.00   0.00
  -10     0.00   0.00   0.00   0.00  -0.12   0.62   0.00   0.00   0.00   0.00   0.00   0.00   0.00   0.00   0.00   0.00   0.00   0.00   0.00
  -20     0.00   0.00   0.00   0.00  -0.17   0.17   1.23   0.00   0.00   0.00   0.00   0.00   0.00   0.00   0.00   0.00   0.00   0.00   0.00
  -30     0.00   0.00   0.00   0.00  -0.16  -0.12   0.64   0.83   0.00   0.00   0.00   0.00   0.00   0.00   0.00   0.00   0.00   0.00   0.00
  -40     0.00   0.00   0.00   0.00  -0.12  -0.16   0.11   0.59   0.00   0.00   0.00   0.00   0.00   0.00   0.00   0.00   0.00   0.00   0.00
  -50     0.00   0.00   0.00   0.00  -0.10  -0.13  -0.07   0.14   0.00   0.00   0.00   0.00   0.00   0.00   0.00   0.00   0.00   0.00   0.00
  -60     0.00   0.00   0.00   0.00  -0.03   0.00  -0.10  -0.10   0.00   0.00   0.00   0.00   0.00   0.00   0.00   0.00   0.00   0.00   0.00
  -70     0.00   0.00   0.00   0.00   0.00   0.00   0.00   0.00   0.00   0.00   0.00   0.00   0.00   0.00   0.00   0.00   0.00   0.00   0.00
  -80     0.00   0.00   0.00   0.00   0.00   0.00   0.00   0.00   0.00   0.00   0.00   0.00   0.00   0.00   0.00   0.00   0.00   0.00   0.00
  -90     0.00   0.00   0.00   0.00   0.00   0.00   0.00   0.00   0.00   0.00   0.00   0.00   0.00   0.00   0.00   0.00   0.00   0.00   0.00
 -100     0.00   0.00   0.00   0.00   0.00   0.00   0.00   0.00   0.00   0.00   0.00   0.00   0.00   0.00   0.00   0.00   0.00   0.00   0.00
 -110     0.00   0.00   0.00   0.00   0.00   0.00   0.00   0.00   0.00   0.00   0.00   0.00   0.00   0.00   0.00   0.00   0.00   0.00   0.00
 -120     0.00   0.00   0.00   0.00   0.00   0.00   0.00   0.00   0.00   0.00   0.00   0.00   0.00   0.00   0.00   0.00   0.00   0.00   0.00
 -130     0.00   0.00   0.00   0.00   0.00   0.00   0.00   0.00   0.00   0.00   0.00   0.00   0.00   0.00   0.00   0.00   0.00   0.00   0.00
 -140     0.00   0.00   0.00   0.00   0.00   0.00   0.00   0.00   0.00   0.00   0.00   0.00   0.00   0.00   0.00   0.00   0.00   0.00   0.00
 -150     0.00   0.00   0.00   0.00   0.00   0.00   0.00   0.00   0.00   0.00   0.00   0.00   0.00   0.00   0.00   0.00   0.00   0.00   0.00
 -160     0.00   0.00   0.00   0.00   0.00   0.00   0.00   0.00   0.00   0.00   0.00   0.00   0.00   0.00   0.00   0.00   0.00   0.00   0.00
 -170     0.00   0.00   0.00   0.00   0.00   0.00   0.00   0.00   0.00   0.00   0.00   0.00   0.00   0.00   0.00   0.00   0.00   0.00   0.00
 -180     0.01   0.03  -0.08  -0.07   0.07   0.21   0.30   0.00   0.00   0.00   0.00   0.00  -0.05   0.00   0.00   0.00   0.00   0.00   0.00
  180     1.00   2.81   2.81   1.03  -0.25  -1.40  -1.93  -1.00   0.00   0.00   0.00   0.00  -3.61   0.00   0.00   0.00   0.00   0.00   0.00
  170     1.00   2.81   2.71   0.88  -0.41  -1.57  -2.15  -1.00   0.00   0.00   0.00  -0.50  -3.83   0.00   0.00   0.00   0.00   0.00   0.00
  160     0.50   2.29   2.60   0.72  -0.57  -1.74  -2.38  -1.00   0.00   0.00   0.00  -0.50  -4.04   0.00   0.00   0.00   0.00   0.00   0.00
  150     0.50   2.25   2.44   0.53  -0.74  -1.86  -2.54  -1.00   0.00   0.00   0.00  -0.50  -4.13   0.00   0.00   0.00   0.00   0.00   0.00
  140     0.50   2.21   2.27   0.33  -0.92  -2.00  -2.69  -1.00   0.00   0.00   0.00  -0.50  -4.22   0.00   0.00   0.00   0.00   0.00   0.00
  130     0.50   2.07   1.98   0.02  -1.23  -2.24  -2.86  -1.50   0.00   0.00   0.00  -0.50  -4.34   0.00   0.00   0.00   0.00   0.00   0.00
  120     0.50   1.44   1.67  -0.31  -1.53  -2.48  -3.02  -1.50   0.00   0.00   0.00  -0.50  -4.47   0.00   0.00   0.00   0.00   0.00   0.00
  110     0.50   1.28   1.36  -0.63  -1.84  -2.76  -3.25  -1.50   0.00   0.00   0.00  -0.50  -4.80  -0.50   0.00   0.00   0.00   0.00   0.00
  100     0.50   0.12   1.04  -0.93  -2.16  -3.03  -3.46  -1.50   0.00   0.00   0.00  -0.82  -5.13  -1.00   0.00   0.00   0.00   0.00   0.00
   90     0.50  -1.05   0.85  -1.11  -2.36  -3.27  -3.71  -1.00   0.00   0.00   0.00  -0.97  -5.42  -1.00   0.00   0.00   0.00   0.00   0.00
   80     0.50  -1.47  -1.67  -2.29  -2.55  -3.50  -3.96  -1.00   0.00   0.00   0.00  -1.99  -5.69  -1.50   0.00   0.00   0.00   0.00   0.00
   70     0.00  -1.47  -1.21  -2.26  -2.51  -3.29  -2.50  -1.00   0.00   0.00   0.00  -2.21  -5.77  -1.50   0.00   0.00   0.00   0.00   0.00
   60     0.00  -1.03  -1.71  -2.24  -2.47  -2.80  -2.00  -1.00   0.00   0.00   0.95  -2.43  -5.84  -1.50   0.00   0.00   0.00   0.00   0.00
   50     0.00  -0.04  -1.24  -2.25  -2.27  -2.00  -1.50  -0.50   0.00   0.00   0.00  -3.58  -5.87  -2.50   0.00   0.00   0.00   0.00   0.00
   40     0.00   0.43  -1.61  -2.28  -2.29  -1.00  -1.50  -0.50   0.00   0.00   0.00  -4.72  -5.89  -2.50   0.00   0.00   0.00   0.00   0.00
   30     0.50   0.50   0.00  -1.62  -2.18  -1.00  -1.50  -0.50   0.00   0.00   0.00  -4.50  -5.69  -3.50   0.00   0.00   0.00   0.00   0.00
   20     0.00   0.00  -0.50  -1.50  -2.28  -1.50  -1.00  -0.50   0.00   0.00   0.00  -4.00  -5.63  -4.00   0.00   0.00   0.00   0.00   0.00
   10     0.00   0.00  -0.50  -1.00  -1.58  -1.00  -1.00  -1.00   0.00   0.00   0.00  -2.50  -5.00  -3.00   0.00   0.00   0.00   0.00   0.00
    0     0.00   0.00  -0.50  -1.00  -1.46  -1.50  -1.50  -1.50   0.00   0.00   0.00  -1.00  -4.50  -2.50   0.00   0.00   0.00   0.00   0.00
  -10     0.00   0.00   0.00  -0.50  -1.50  -1.50  -1.50  -2.00   0.00   0.00   0.00   0.00  -4.00  -1.50   0.00   0.00   0.00   0.00   0.00
  -20     0.00   0.00  -0.50  -1.00  -1.52  -2.14  -2.46  -2.57   0.00   0.00   0.00   0.00  -3.50  -1.00   0.00   0.00   0.00   0.00   0.00
  -30     0.00   0.00  -0.50  -1.00  -1.52  -2.08  -2.44  -2.52   0.00   0.00   0.00   0.00  -2.00   0.00   0.00   0.00   0.00   0.00   0.00
  -40     0.00   0.00  -0.50  -1.00  -1.52  -1.91  -2.56  -2.48   0.00   0.00   0.00   0.00  -0.50   0.00   0.00   0.00   0.00   0.00   0.00
  -50     0.00   0.00   0.00  -0.50  -1.49  -2.00  -2.32  -2.33   0.00   0.00   0.00   0.00   0.00   0.00   0.00   0.00   0.00   0.00   0.00
  -60     0.00   0.00   0.00  -0.50  -1.43  -1.97  -2.08  -2.22   0.00   0.00   0.00   0.00   0.00   0.00   0.00   0.00   0.00   0.00   0.00
  -70     0.00   0.00   0.00   0.00  -0.50  -1.00  -1.50  -1.50   0.00   0.00   0.00   0.00   0.00   0.00   0.00   0.00   0.00   0.00   0.00
  -80     0.00   0.00   0.00   0.00   0.00  -0.50  -1.00  -1.00   0.00   0.00   0.00   0.00   0.00   0.00   0.00   0.00   0.00   0.00   0.00
  -90     0.00   0.00   0.00   0.00   0.00   0.00  -0.50  -0.50   0.00   0.00   0.00   0.00   0.00   0.00   0.00   0.00   0.00   0.00   0.00
 -100     0.00   0.00   0.00   0.00   0.00   0.00   0.00   0.00   0.00   0.00   0.00   0.00   0.00   0.00   0.00   0.00   0.00   0.00   0.00
 -110     0.00   0.00   0.00   0.00   0.00   0.00   0.00   0.00   0.00   0.00   0.00   0.00   0.00   0.00   0.00   0.00   0.00   0.00   0.00
 -120     0.00   0.00   0.00   0.00   0.00   0.00   0.00   0.00   0.00   0.00   0.00   0.00   0.00   0.00   0.00   0.00   0.00   0.00   0.00
 -130     0.00   0.00   0.00   0.00   0.00   0.00   0.00   0.00   0.00   0.00   0.00   0.00   0.00   0.00   0.00   0.00   0.00   0.00   0.00
 -140     0.00   0.00   0.00   0.00   0.00   0.00   0.00   0.00   0.00   0.00   0.00   0.00   0.00   0.00   0.00   0.00   0.00   0.00   0.00
 -150     0.00   0.00   0.00   0.00   0.00   0.00   0.00   0.00   0.00   0.00   0.00   0.00   0.00   0.00   0.00   0.00   0.00   0.00   0.00
 -160     0.00   0.00   0.00   0.00   0.00   0.00   0.00   0.00   0.00   0.00   0.00   0.00   0.00   0.00   0.00   0.00   0.00   0.00   0.00
 -170     0.00   0.00   0.00   0.00   0.00   0.00   0.00   0.00   0.00   0.00   0.00   0.00   0.00   0.00   0.00   0.00   0.00   0.00   0.00
 -180     1.00   2.81   2.81   1.03  -0.25  -1.40  -1.93  -1.00   0.00   0.00   0.00   0.00  -3.61   0.00   0.00   0.00   0.00   0.00   0.00
  180     0.58   0.60   0.62   0.67   0.62   0.59   0.61   0.00   0.00   0.00   0.00   0.50   0.67   0.00   0.00   0.00   0.00   0.00   0.00
  170     0.64   0.59   0.66   0.67   0.59   0.61   0.54   0.76   0.00   0.00   0.00   0.50   0.69   0.00   0.00   0.00   0.00   0.00   0.00
  160     0.56   0.65   0.61   0.60   0.57   0.54   0.52   0.56   0.00   0.00   0.00   0.00   0.71   0.00   0.00   0.00   0.00   0.00   0.00
  150     0.59   0.57   0.55   0.53   0.51   0.54   0.48   0.47   0.00   0.00   0.00   0.00   0.50   0.00   0.00   0.00   0.00   0.00   0.00
  140     0.57   0.55   0.60   0.51   0.55   0.47   0.39   0.25   0.00   0.00   0.00   0.00   0.00   0.00   0.00   0.00   0.00   0.00   0.00
  130     0.56   0.59   0.50   0.53   0.52   0.51   0.35   0.08   0.00   0.00   0.00   0.00   0.00   0.00   0.00   0.00   0.00   0.00   0.00
  120     0.56   0.49   0.50   0.50   0.52   0.46   0.41  -0.06   0.00   0.00   0.00   0.00   0.00   0.00   0.00   0.00   0.00   0.00   0.00
  110     0.55   0.51   0.49   0.42   0.47   0.49   0.45  -0.04   0.00   0.00   0.00   0.00   0.00   0.00   0.00   0.00   0.00   0.00   0.00
  100     0.59   0.54   0.42   0.42   0.40   0.49   0.55   0.03   0.00   0.00   0.00   0.00   0.68   0.00   0.00   0.00   0.00   0.00   0.00
   90     0.65   0.57   0.37   0.32   0.47   0.51   0.43   0.14   0.00   0.00   0.00   0.50   0.00   0.00   0.00   0.00   0.00   0.00   0.00
   80     0.67   0.56   0.48   0.35   0.39   0.46   0.47   0.50   0.00   0.00   0.00   0.69   0.46   0.00   0.00   0.00   0.00   0.00   0.00
   70     0.72   0.63   0.53   0.41   0.33   0.39   0.42   0.25   0.00   0.00   0.00   0.70   0.50   0.50   0.00   0.00   0.00   0.00   0.00
   60     0.77   0.70   0.66   0.39   0.26   0.23   0.00   0.00   0.00   0.00   0.00   0.56   0.62   0.50   0.00   0.00   0.00   0.00   0.00
   50     0.61   0.85   0.82   0.66   0.23   0.92   0.00   0.00   0.00   0.00   0.00   0.70   0.67   0.50   0.00   0.00   0.00   0.00   0.00
   40     0.50   0.88   0.80   0.97   0.66   0.50   0.00   0.00   0.00   0.00   0.00   0.45   0.56   0.50   0.00   0.00   0.00   0.00   0.00
   30     0.25   0.70   1.15   0.69   1.68   0.50   0.00   0.00   0.00   0.00   0.00   0.50   0.69   0.50   0.00   0.00   0.00   0.00   0.00
   20     0.00   0.50   0.70   0.64   1.21   0.25   0.00   0.00   0.00   0.00   0.00   0.00   0.69   0.00   0.00   0.00   0.00   0.00   0.00
   10     0.00   0.50   0.50   0.25   0.63   0.00   0.00   0.00   0.00   0.00   0.00   0.00   0.50   0.00   0.00   0.00   0.00   0.00   0.00
    0     0.00   0.25   0.25   0.00   0.60   0.11   0.00   0.00   0.00   0.00   0.00   0.00   0.00   0.00   0.00   0.00   0.00   0.00   0.00
  -10     0.00   0.00   0.00   0.00   0.33   0.34   0.00   0.50   0.00   0.00   0.00   0.00   0.00   0.00   0.00   0.00   0.00   0.00   0.00
  -20     0.00   0.00   0.00   0.00   0.57   0.53   0.07   1.00   0.00   0.00   0.00   0.00   0.00   0.00   0.00   0.00   0.00   0.00   0.00
  -30     0.00   0.00   0.00   0.50   1.16   0.94   0.09   2.04   0.00   0.00   0.00   0.00   0.00   0.00   0.00   0.00   0.00   0.00   0.00
  -40     0.00   0.00   0.00   0.50   0.99   1.11   0.01   1.29   0.00   0.00   0.00   0.00   0.00   0.00   0.00   0.00   0.00   0.00   0.00
  -50     0.00   0.00   0.00   0.50   0.89   0.48   0.03   0.50   0.00   0.00   0.00   0.00   0.00   0.00   0.00   0.00   0.00   0.00   0.00
  -60     0.00   0.00   0.00   0.00   0.52   0.00   0.54   0.26   0.00   0.00   0.00   0.00   0.00   0.00   0.00   0.00   0.00   0.00   0.00
  -70     0.00   0.00   0.00   0.00   0.00   0.00   0.00   0.00   0.00   0.00   0.00   0.00   0.00   0.00   0.00   0.00   0.00   0.00   0.00
  -80     0.00   0.00   0.00   0.00   0.00   0.00   0.00   0.00   0.00   0.00   0.00   0.00   0.00   0.00   0.00   0.00   0.00   0.00   0.00
  -90     0.00   0.00   0.00   0.00   0.00   0.00   0.00   0.00   0.00   0.00   0.00   0.00   0.00   0.00   0.00   0.00   0.00   0.00   0.00
 -100     0.00   0.00   0.00   0.00   0.00   0.00   0.00   0.00   0.00   0.00   0.00   0.00   0.00   0.00   0.00   0.00   0.00   0.00   0.00
 -110     0.00   0.00   0.00   0.00   0.00   0.00   0.00   0.00   0.00   0.00   0.00   0.00   0.00   0.00   0.00   0.00   0.00   0.00   0.00
 -120     0.00   0.00   0.00   0.00   0.00   0.00   0.00   0.00   0.00   0.00   0.00   0.00   0.00   0.00   0.00   0.00   0.00   0.00   0.00
 -130     0.00   0.00   0.00   0.00   0.00   0.00   0.00   0.00   0.00   0.00   0.00   0.00   0.00   0.00   0.00   0.00   0.00   0.00   0.00
 -140     0.00   0.00   0.00   0.00   0.00   0.00   0.00   0.00   0.00   0.00   0.00   0.00   0.00   0.00   0.00   0.00   0.00   0.00   0.00
 -150     0.00   0.00   0.00   0.00   0.00   0.00   0.00   0.00   0.00   0.00   0.00   0.00   0.00   0.00   0.00   0.00   0.00   0.00   0.00
 -160     0.00   0.00   0.00   0.00   0.00   0.00   0.00   0.00   0.00   0.00   0.00   0.00   0.00   0.00   0.00   0.00   0.00   0.00   0.00
 -170     0.00   0.00   0.00   0.00   0.00   0.00   0.00   0.00   0.00   0.00   0.00   0.00   0.00   0.00   0.00   0.00   0.00   0.00   0.00
 -180     0.58   0.60   0.62   0.67   0.62   0.59   0.61   0.00   0.00   0.00   0.00   0.00   0.67   0.00   0.00   0.00   0.00   0.00   0.00
