#-----------------------------------------------------------------------------------------------------------------------------------------
#ps\ph  -180   -160   -140   -120   -100   -80    -60    -40    -20     0      20     40     60     80    100    120    140    160    180
#-----------------------------------------------------------------------------------------------------------------------------------------
  180     0.05  -0.09  -0.20  -0.34  -0.20  -0.30  -0.31   0.00   0.00   0.00   0.00   0.00   0.20   0.00   0.00   0.00   0.00   0.00   0.00
  170     0.04  -0.07  -0.12  -0.28  -0.17  -0.29  -0.28  -0.39   0.00   0.00   0.00   0.00   0.19   0.00   0.00   0.00   0.00   0.00   0.00
  160    -0.02  -0.12  -0.07  -0.24  -0.21  -0.31  -0.31  -0.36   0.00   0.00   0.00   0.00   0.18   0.00   0.00   0.00   0.00   0.00   0.00
  150    -0.01  -0.18  -0.09  -0.29  -0.31  -0.33  -0.37  -0.39   0.00   0.00   0.00   0.00   0.00   0.00   0.00   0.00   0.00   0.00   0.00
  140    -0.02  -0.14  -0.12  -0.31  -0.37  -0.40  -0.41  -0.48   0.00   0.00   0.00   0.00   0.00   0.00   0.00   0.00   0.00   0.00   0.00
  130     0.03  -0.07  -0.15  -0.32  -0.35  -0.42  -0.42  -0.59   0.00   0.00   0.00   0.00   0.00   0.00   0.00   0.00   0.00   0.00   0.00
  120     0.04  -0.01  -0.20  -0.33  -0.38  -0.43  -0.42  -0.68   0.00   0.00   0.00   0.00   0.00   0.00   0.00   0.00   0.00   0.00   0.00
  110     0.06   0.04  -0.26  -0.32  -0.43  -0.43  -0.43  -0.60   0.00   0.00   0.00   0.00   0.00   0.00   0.00   0.00   0.00   0.00   0.00
  100     0.06   0.04  -0.29  -0.31  -0.46  -0.41  -0.36  -0.41   0.00   0.00   0.00   0.00  -0.06   0.00   0.00   0.00   0.00   0.00   0.00
   90     0.02   0.01  -0.29  -0.30  -0.47  -0.41  -0.13  -0.22   0.00   0.00   0.00   0.00   0.00   0.00   0.00   0.00   0.00   0.00   0.00
   80    -0.03  -0.04  -0.27  -0.28  -0.45  -0.43  -0.14   0.00   0.00   0.00   0.00  -0.40  -0.08   0.00   0.00   0.00   0.00   0.00   0.00
   70    -0.04  -0.08  -0.24  -0.27  -0.43  -0.42  -0.45   0.00   0.00   0.00   0.00  -0.25   0.00   0.00   0.00   0.00   0.00   0.00   0.00
   60    -0.02  -0.09  -0.18  -0.27  -0.41  -0.39   0.00   0.00   0.00   0.00   0.00  -0.48  -0.15   0.00   0.00   0.00   0.00   0.00   0.00
   50    -0.03  -0.07  -0.09  -0.27  -0.40  -0.12   0.00   0.00   0.00   0.00   0.00  -0.31  -0.17   0.00   0.00   0.00   0.00   0.00   0.00
   40     0.00  -0.02   0.00  -0.24  -0.35   0.00   0.00   0.00   0.00   0.00   0.00  -0.43  -0.24   0.00   0.00   0.00   0.00   0.00   0.00
   30     0.00  -0.07   0.04   0.06  -0.24   0.00   0.00   0.00   0.00   0.00   0.00   0.00  -0.21   0.00   0.00   0.00   0.00   0.00   0.00
   20     0.00   0.00   0.00   0.10   0.07   0.00   0.00   0.00   0.00   0.00   0.00   0.00  -0.21   0.00   0.00   0.00   0.00   0.00   0.00
   10     0.00   0.00   0.00   0.00   0.12   0.00   0.00   0.00   0.00   0.00   0.00   0.00   0.00   0.00   0.00   0.00   0.00   0.00   0.00
    0     0.00   0.00   0.00   0.00   0.12   0.16   0.00   0.00   0.00   0.00   0.00   0.00   0.00   0.00   0.00   0.00   0.00   0.00   0.00
  -10     0.00   0.00   0.00   0.00   0.10   0.14   0.00   0.00   0.00   0.00   0.00   0.00   0.00   0.00   0.00   0.00   0.00   0.00   0.00
  -20     0.00   0.00   0.00   0.00   0.11   0.12   0.23   0.00   0.00   0.00   0.00   0.00   0.00   0.00   0.00   0.00   0.00   0.00   0.00
  -30     0.00   0.00   0.00   0.00  -0.10  -0.07   0.08   0.54   0.00   0.00   0.00   0.00   0.00   0.00   0.00   0.00   0.00   0.00   0.00
  -40     0.00   0.00   0.00   0.00  -0.18  -0.25  -0.02   0.32   0.00   0.00   0.00   0.00   0.00   0.00   0.00   0.00   0.00   0.00   0.00
  -50     0.00   0.00   0.00   0.00  -0.30  -0.14  -0.12   0.06   0.00   0.00   0.00   0.00   0.00   0.00   0.00   0.00   0.00   0.00   0.00
  -60     0.00   0.00   0.00   0.00  -0.09   0.00  -0.21  -0.11   0.00   0.00   0.00   0.00   0.00   0.00   0.00   0.00   0.00   0.00   0.00
  -70     0.00   0.00   0.00   0.00   0.00   0.00   0.00   0.00   0.00   0.00   0.00   0.00   0.00   0.00   0.00   0.00   0.00   0.00   0.00
  -80     0.00   0.00   0.00   0.00   0.00   0.00   0.00   0.00   0.00   0.00   0.00   0.00   0.00   0.00   0.00   0.00   0.00   0.00   0.00
  -90     0.00   0.00   0.00   0.00   0.00   0.00   0.00   0.00   0.00   0.00   0.00   0.00   0.00   0.00   0.00   0.00   0.00   0.00   0.00
 -100     0.00   0.00   0.00   0.00   0.00   0.00   0.00   0.00   0.00   0.00   0.00   0.00   0.00   0.00   0.00   0.00   0.00   0.00   0.00
 -110     0.00   0.00   0.00   0.00   0.00   0.00   0.00   0.00   0.00   0.00   0.00   0.00   0.00   0.00   0.00   0.00   0.00   0.00   0.00
 -120     0.00   0.00   0.00   0.00   0.00   0.00   0.00   0.00   0.00   0.00   0.00   0.00   0.00   0.00   0.00   0.00   0.00   0.00   0.00
 -130     0.00   0.00   0.00   0.00   0.00   0.00   0.00   0.00   0.00   0.00   0.00   0.00   0.00   0.00   0.00   0.00   0.00   0.00   0.00
 -140     0.00   0.00   0.00   0.00   0.00   0.00   0.00   0.00   0.00   0.00   0.00   0.00   0.00   0.00   0.00   0.00   0.00   0.00   0.00
 -150     0.00   0.00   0.00   0.00   0.00   0.00   0.00   0.00   0.00   0.00   0.00   0.00   0.00   0.00   0.00   0.00   0.00   0.00   0.00
 -160     0.00   0.00   0.00   0.00   0.00   0.00   0.00   0.00   0.00   0.00   0.00   0.00   0.00   0.00   0.00   0.00   0.00   0.00   0.00
 -170     0.00   0.00   0.00   0.00   0.00   0.00   0.00   0.00   0.00   0.00   0.00   0.00   0.00   0.00   0.00   0.00   0.00   0.00   0.00
 -180     0.05  -0.09  -0.20  -0.34  -0.20  -0.30  -0.31   0.00   0.00   0.00   0.00   0.00   0.20   0.00   0.00   0.00   0.00   0.00   0.00
  180    -0.50  -2.25  -3.42  -3.86  -3.23  -2.10  -1.48   0.00   0.00   0.00   0.00   0.00   1.95   0.00   0.00   0.00   0.00   0.00   0.00
  170    -0.50  -2.00  -3.03  -3.55  -2.83  -1.52  -0.77   0.00   0.00   0.00   0.00   0.00   2.40   0.00   0.00   0.00   0.00   0.00   0.00
  160    -0.50  -1.23  -2.65  -3.25  -2.42  -0.94  -0.07   0.00   0.00   0.00   0.00   0.00   2.84   0.00   0.00   0.00   0.00   0.00   0.00
  150    -0.50  -0.87  -2.05  -2.84  -2.10  -0.56   0.44   0.00   0.00   0.00   0.00   0.00   3.30   0.00   0.00   0.00   0.00   0.00   0.00
  140    -0.50  -0.50  -1.45  -2.44  -1.77  -0.19   0.95   0.00   0.00   0.00   0.00   0.00   3.75   0.00   0.00   0.00   0.00   0.00   0.00
  130     0.00   0.11  -1.22  -2.35  -1.82  -0.23   1.01   0.00   0.00   0.00   0.00   0.00   3.94   0.00   0.00   0.00   0.00   0.00   0.00
  120     0.00   0.23  -0.98  -2.27  -1.87  -0.26   1.06   0.00   0.00   0.00   0.00   0.00   4.14   0.50   0.00   0.00   0.00   0.00   0.00
  110     0.00   0.01  -1.38  -2.72  -2.48  -0.95   0.53   0.00   0.00   0.00   0.00   0.00   3.83   0.50   0.00   0.00   0.00   0.00   0.00
  100     0.00  -0.72  -1.77  -3.18  -3.08  -1.64  -0.01   0.00   0.00   0.00   0.00   1.24   3.52   0.50   0.00   0.00   0.00   0.00   0.00
   90    -0.50  -1.13  -2.47  -3.84  -3.76  -2.46  -0.86   0.00   0.00   0.00   0.00   0.76   2.82   0.50   0.00   0.00   0.00   0.00   0.00
   80    -0.50  -2.04  -3.17  -4.50  -4.46  -3.28  -1.71   0.00   0.00   0.00   0.00   1.42   2.13   0.50   0.00   0.00   0.00   0.00   0.00
   70    -0.50  -1.73  -3.22  -4.68  -4.56  -2.60  -1.00   0.00   0.00   0.00   0.00   0.74   1.50   0.50   0.00   0.00   0.00   0.00   0.00
   60    -0.50  -1.93  -3.38  -4.87  -4.67  -2.20  -0.50   0.00   0.00   0.00  -0.53   0.05   0.87   0.00   0.00   0.00   0.00   0.00   0.00
   50    -0.50  -1.82  -3.25  -4.51  -3.52  -1.00   0.00   0.00   0.00   0.00   0.00   0.09   0.85   0.00   0.00   0.00   0.00   0.00   0.00
   40     0.00  -1.21  -3.51  -4.17  -3.29   0.00   0.00   0.00   0.00   0.00   0.00   0.14   0.83   0.00   0.00   0.00   0.00   0.00   0.00
   30     0.00  -1.00  -2.00  -3.31  -3.01   0.00   0.00   0.00   0.00   0.00   0.00   0.00   1.02   0.00   0.00   0.00   0.00   0.00   0.00
   20     0.00   0.00  -1.00  -2.58  -3.18   0.00   0.00   0.00   0.00   0.00   0.00   0.00   1.24   0.50   0.00   0.00   0.00   0.00   0.00
   10     0.00   0.00  -0.50  -1.50  -2.69   0.00   0.00   0.00   0.00   0.00   0.00   0.00   0.50   0.00   0.00   0.00   0.00   0.00   0.00
    0     0.00   0.00   0.00  -0.50  -1.93   0.00   0.00   0.00   0.00   0.00   0.00   0.00   0.00   0.00   0.00   0.00   0.00   0.00   0.00
  -10     0.00   0.00   0.00   0.00   0.00   0.00   0.50   0.00   0.00   0.00   0.00   0.00   0.00   0.00   0.00   0.00   0.00   0.00   0.00
  -20     0.00   0.00   0.00   0.00  -0.20   0.45   0.79   0.95   0.00   0.00   0.00   0.00   0.00   0.00   0.00   0.00   0.00   0.00   0.00
  -30     0.00   0.00   0.00   0.00  -0.01   0.62   1.00   1.09   0.00   0.00   0.00   0.00   0.00   0.00   0.00   0.00   0.00   0.00   0.00
  -40     0.00   0.00   0.00   0.00   0.15   0.38   1.31   1.38   0.00   0.00   0.00   0.00   0.00   0.00   0.00   0.00   0.00   0.00   0.00
  -50     0.00   0.00   0.00   0.00   0.26   0.89   1.33   1.56   0.00   0.00   0.00   0.00   0.00   0.00   0.00   0.00   0.00   0.00   0.00
  -60     0.00   0.00   0.00   0.00   0.21   0.86   1.47   1.51   0.00   0.00   0.00   0.00   0.00   0.00   0.00   0.00   0.00   0.00   0.00
  -70     0.00   0.00   0.00   0.00   0.00   0.50   0.50   1.00   0.00   0.00   0.00   0.00   0.00   0.00   0.00   0.00   0.00   0.00   0.00
  -80     0.00   0.00   0.00   0.00   0.00   0.00   0.00   0.50   0.00   0.00   0.00   0.00   0.00   0.00   0.00   0.00   0.00   0.00   0.00
  -90     0.00   0.00   0.00   0.00   0.00   0.00   0.00   0.00   0.00   0.00   0.00   0.00   0.00   0.00   0.00   0.00   0.00   0.00   0.00
 -100     0.00   0.00   0.00   0.00   0.00   0.00   0.00   0.00   0.00   0.00   0.00   0.00   0.00   0.00   0.00   0.00   0.00   0.00   0.00
 -110     0.00   0.00   0.00   0.00   0.00   0.00   0.00   0.00   0.00   0.00   0.00   0.00   0.00   0.00   0.00   0.00   0.00   0.00   0.00
 -120     0.00   0.00   0.00   0.00   0.00   0.00   0.00   0.00   0.00   0.00   0.00   0.00   0.00   0.00   0.00   0.00   0.00   0.00   0.00
 -130     0.00   0.00   0.00   0.00   0.00   0.00   0.00   0.00   0.00   0.00   0.00   0.00   0.00   0.00   0.00   0.00   0.00   0.00   0.00
 -140     0.00   0.00   0.00   0.00   0.00   0.00   0.00   0.00   0.00   0.00   0.00   0.00   0.00   0.00   0.00   0.00   0.00   0.00   0.00
 -150     0.00   0.00   0.00   0.00   0.00   0.00   0.00   0.00   0.00   0.00   0.00   0.00   0.00   0.00   0.00   0.00   0.00   0.00   0.00
 -160     0.00   0.00   0.00   0.00   0.00   0.00   0.00   0.00   0.00   0.00   0.00   0.00   0.00   0.00   0.00   0.00   0.00   0.00   0.00
 -170     0.00   0.00   0.00   0.00   0.00   0.00   0.00   0.00   0.00   0.00   0.00   0.00   0.00   0.00   0.00   0.00   0.00   0.00   0.00
  180    -0.50  -2.25  -3.42  -3.86  -3.23  -2.10  -1.48   0.00   0.00   0.00   0.00   0.00   1.95   0.00   0.00   0.00   0.00   0.00   0.00
  180     0.07  -0.09   0.08  -0.22   0.17   0.17   0.14   0.00   0.00   0.00   0.00   0.00   0.01   0.00   0.00   0.00   0.00   0.00   0.00
  170    -0.10  -0.04   0.02  -0.05   0.08   0.08   0.02  -0.02   0.00   0.00   0.00   0.00  -0.04   0.00   0.00   0.00   0.00   0.00   0.00
  160     0.06  -0.17  -0.14  -0.05  -0.09   0.06   0.12  -0.02   0.00   0.00   0.00   0.00  -0.10   0.00   0.00   0.00   0.00   0.00   0.00
  150     0.01  -0.19  -0.24  -0.18  -0.05   0.07   0.16   0.08   0.00   0.00   0.00   0.00   0.00   0.00   0.00   0.00   0.00   0.00   0.00
  140    -0.10  -0.14  -0.12  -0.16  -0.20  -0.02   0.01   0.18   0.00   0.00   0.00   0.00   0.00   0.00   0.00   0.00   0.00   0.00   0.00
  130    -0.17  -0.20  -0.28  -0.19  -0.16   0.06   0.16   0.20   0.00   0.00   0.00   0.00   0.00   0.00   0.00   0.00   0.00   0.00   0.00
  120    -0.06  -0.12  -0.03  -0.21  -0.14   0.12   0.20   0.31   0.00   0.00   0.00   0.00   0.00   0.00   0.00   0.00   0.00   0.00   0.00
  110    -0.10  -0.01  -0.07  -0.14  -0.11   0.12   0.30   0.55   0.00   0.00   0.00   0.00   0.00   0.00   0.00   0.00   0.00   0.00   0.00
  100     0.11   0.05  -0.06   0.04  -0.14   0.03   0.37   0.66   0.00   0.00   0.00   0.00  -0.44   0.00   0.00   0.00   0.00   0.00   0.00
   90     0.04   0.11   0.12   0.05   0.14   0.33   0.47   0.68   0.00   0.00   0.00   0.00   0.00   0.00   0.00   0.00   0.00   0.00   0.00
   80     0.10   0.18   0.30   0.20   0.24   0.49   0.41   0.00   0.00   0.00   0.00  -0.09   0.12   0.00   0.00   0.00   0.00   0.00   0.00
   70     0.00   0.09   0.21   0.30   0.26   0.52   0.47   0.00   0.00   0.00   0.00  -0.33   0.00   0.00   0.00   0.00   0.00   0.00   0.00
   60    -0.08   0.06   0.25   0.31   0.47   0.79   0.00   0.00   0.00   0.00   0.00  -0.11  -0.07   0.00   0.00   0.00   0.00   0.00   0.00
   50    -0.32  -0.03   0.09   0.39   0.54   0.43   0.00   0.00   0.00   0.00   0.00  -0.33  -0.29   0.00   0.00   0.00   0.00   0.00   0.00
   40     0.00  -0.18   0.07   0.44   0.63   0.00   0.00   0.00   0.00   0.00   0.00   0.12   0.01   0.00   0.00   0.00   0.00   0.00   0.00
   30     0.00  -0.28   0.06   0.19   0.60   0.00   0.00   0.00   0.00   0.00   0.00   0.00  -0.25   0.00   0.00   0.00   0.00   0.00   0.00
   20     0.00   0.00   0.00   0.16   0.28   0.00   0.00   0.00   0.00   0.00   0.00   0.00  -0.21   0.00   0.00   0.00   0.00   0.00   0.00
   10     0.00   0.00   0.00   0.00   0.25   0.00   0.00   0.00   0.00   0.00   0.00   0.00   0.00   0.00   0.00   0.00   0.00   0.00   0.00
    0     0.00   0.00   0.00   0.00   0.14   0.24   0.00   0.00   0.00   0.00   0.00   0.00   0.00   0.00   0.00   0.00   0.00   0.00   0.00
  -10     0.00   0.00   0.00   0.00   0.04   0.07   0.00   0.00   0.00   0.00   0.00   0.00   0.00   0.00   0.00   0.00   0.00   0.00   0.00
  -20     0.00   0.00   0.00   0.00  -0.04   0.04  -0.03   0.00   0.00   0.00   0.00   0.00   0.00   0.00   0.00   0.00   0.00   0.00   0.00
  -30     0.00   0.00   0.00   0.00  -0.33   0.00  -0.03   0.45   0.00   0.00   0.00   0.00   0.00   0.00   0.00   0.00   0.00   0.00   0.00
  -40     0.00   0.00   0.00   0.00  -0.46  -0.17   0.12   0.38   0.00   0.00   0.00   0.00   0.00   0.00   0.00   0.00   0.00   0.00   0.00
  -50     0.00   0.00   0.00   0.00  -0.55  -0.10  -0.07   0.16   0.00   0.00   0.00   0.00   0.00   0.00   0.00   0.00   0.00   0.00   0.00
  -60     0.00   0.00   0.00   0.00  -0.14   0.00  -0.17   0.02   0.00   0.00   0.00   0.00   0.00   0.00   0.00   0.00   0.00   0.00   0.00
  -70     0.00   0.00   0.00   0.00   0.00   0.00   0.00   0.00   0.00   0.00   0.00   0.00   0.00   0.00   0.00   0.00   0.00   0.00   0.00
  -80     0.00   0.00   0.00   0.00   0.00   0.00   0.00   0.00   0.00   0.00   0.00   0.00   0.00   0.00   0.00   0.00   0.00   0.00   0.00
  -90     0.00   0.00   0.00   0.00   0.00   0.00   0.00   0.00   0.00   0.00   0.00   0.00   0.00   0.00   0.00   0.00   0.00   0.00   0.00
 -100     0.00   0.00   0.00   0.00   0.00   0.00   0.00   0.00   0.00   0.00   0.00   0.00   0.00   0.00   0.00   0.00   0.00   0.00   0.00
 -110     0.00   0.00   0.00   0.00   0.00   0.00   0.00   0.00   0.00   0.00   0.00   0.00   0.00   0.00   0.00   0.00   0.00   0.00   0.00
 -120     0.00   0.00   0.00   0.00   0.00   0.00   0.00   0.00   0.00   0.00   0.00   0.00   0.00   0.00   0.00   0.00   0.00   0.00   0.00
 -130     0.00   0.00   0.00   0.00   0.00   0.00   0.00   0.00   0.00   0.00   0.00   0.00   0.00   0.00   0.00   0.00   0.00   0.00   0.00
 -140     0.00   0.00   0.00   0.00   0.00   0.00   0.00   0.00   0.00   0.00   0.00   0.00   0.00   0.00   0.00   0.00   0.00   0.00   0.00
 -150     0.00   0.00   0.00   0.00   0.00   0.00   0.00   0.00   0.00   0.00   0.00   0.00   0.00   0.00   0.00   0.00   0.00   0.00   0.00
 -160     0.00   0.00   0.00   0.00   0.00   0.00   0.00   0.00   0.00   0.00   0.00   0.00   0.00   0.00   0.00   0.00   0.00   0.00   0.00
 -170     0.00   0.00   0.00   0.00   0.00   0.00   0.00   0.00   0.00   0.00   0.00   0.00   0.00   0.00   0.00   0.00   0.00   0.00   0.00
 -180     0.07  -0.09   0.08  -0.22   0.17   0.17   0.14   0.00   0.00   0.00   0.00   0.00   0.01   0.00   0.00   0.00   0.00   0.00   0.00
