#-----------------------------------------------------------------------------------------------------------------------------------------
#ps\ph  -180   -160   -140   -120   -100   -80    -60    -40    -20     0      20     40     60     80    100    120    140    160    180
#-----------------------------------------------------------------------------------------------------------------------------------------
  180     1.21   0.54  -0.10  -0.25   0.38   0.90   0.35   0.00   0.00   0.00   0.00   0.00  -0.27   0.00   0.00   0.00   0.00   0.00   0.00
  170     1.23   0.47  -0.24  -0.29   0.15   0.79   0.49  -2.16   0.00   0.00   0.00   0.00  -0.47   0.00   0.00   0.00   0.00   0.00   0.00
  160     1.20   0.40  -0.36  -0.48  -0.04   0.72   0.68  -1.34   0.00   0.00   0.00   0.00  -0.67   0.00   0.00   0.00   0.00   0.00   0.00
  150     1.20   0.44  -0.36  -0.57  -0.15   0.65   0.91  -0.64   0.00   0.00   0.00   0.00  -0.50   0.00   0.00   0.00   0.00   0.00   0.00
  140     1.22   0.42  -0.36  -0.57  -0.17   0.65   1.15  -0.01   0.00   0.00   0.00   0.00  -0.50   0.00   0.00   0.00   0.00   0.00   0.00
  130     1.05   0.35  -0.35  -0.56  -0.18   0.68   1.38   0.57   0.00   0.00   0.00   0.00  -0.50   0.00   0.00   0.00   0.00   0.00   0.00
  120     0.96   0.26  -0.34  -0.53  -0.17   0.92   1.61   1.15   0.00   0.00   0.00   0.00  -0.50   0.00   0.00   0.00   0.00   0.00   0.00
  110     0.80   0.16  -0.33  -0.46  -0.07   1.03   1.86   1.73   0.00   0.00   0.00   0.00  -0.50   0.00   0.00   0.00   0.00   0.00   0.00
  100     0.66   0.10  -0.33  -0.33   0.14   1.17   2.03   2.23   0.00   0.00   0.00   0.00  -0.69   0.00   0.00   0.00   0.00   0.00   0.00
   90     0.57   0.09  -0.32  -0.18   0.43   1.48   1.21   2.09   0.00   0.00   0.00  -0.50  -0.50   0.00   0.00   0.00   0.00   0.00   0.00
   80     0.57   0.12  -0.32  -0.03   0.79   1.98   1.06   1.00   0.00   0.00   0.00  -0.28   0.05   0.00   0.00   0.00   0.00   0.00   0.00
   70     0.67   0.20  -0.30   0.08   1.14   2.69   1.48   0.50   0.00   0.00   0.00  -0.26   0.35   0.00   0.00   0.00   0.00   0.00   0.00
   60     0.81   0.34  -0.23   0.15   1.44   3.42   1.00   0.00   0.00   0.00   0.00  -0.17   0.03   0.00   0.00   0.00   0.00   0.00   0.00
   50     0.65   0.51  -0.12   0.19   1.55   1.62   0.50   0.00   0.00   0.00   0.00  -0.48   0.11   0.00   0.00   0.00   0.00   0.00   0.00
   40     0.25   0.64  -0.01   0.18   1.46   1.00   0.00   0.00   0.00   0.00   0.00  -0.16   0.25   0.00   0.00   0.00   0.00   0.00   0.00
   30     0.00   0.35   0.06   0.36   1.29   0.50   0.00   0.00   0.00   0.00   0.00   0.00  -0.27   0.00   0.00   0.00   0.00   0.00   0.00
   20     0.00   0.25   0.25   0.57   0.88   0.25   0.00   0.00   0.00   0.00   0.00   0.00  -0.20   0.00   0.00   0.00   0.00   0.00   0.00
   10     0.00   0.00   0.25   0.50   0.78   0.50   0.00   0.00   0.00   0.00   0.00   0.00   0.00   0.00   0.00   0.00   0.00   0.00   0.00
    0     0.00   0.00   0.00   0.25   0.63   1.11   0.25   0.00   0.00   0.00   0.00   0.00   0.00   0.00   0.00   0.00   0.00   0.00   0.00
  -10     0.00   0.00   0.00   0.00  -0.05   0.96   0.50   0.50   0.00   0.00   0.00   0.00   0.00   0.00   0.00   0.00   0.00   0.00   0.00
  -20     0.00   0.00   0.00  -0.50  -0.76   0.81   1.19   1.00   0.00   0.00   0.00   0.00   0.00   0.00   0.00   0.00   0.00   0.00   0.00
  -30     0.00   0.00   0.00  -0.50  -1.16   0.14   1.07   1.50   0.00   0.00   0.00   0.00   0.00   0.00   0.00   0.00   0.00   0.00   0.00
  -40     0.00   0.00   0.00  -0.50  -1.35  -0.24   1.30   1.06   0.00   0.00   0.00   0.00   0.00   0.00   0.00   0.00   0.00   0.00   0.00
  -50     0.00   0.00   0.00  -0.50  -1.46   0.39   0.87   0.66   0.00   0.00   0.00   0.00   0.00   0.00   0.00   0.00   0.00   0.00   0.00
  -60     0.00   0.00   0.00   0.00  -0.68   0.00   0.54   0.48   0.00   0.00   0.00   0.00   0.00   0.00   0.00   0.00   0.00   0.00   0.00
  -70     0.00   0.00   0.00   0.00   0.00   0.00   0.50   0.50   0.00   0.00   0.00   0.00   0.00   0.00   0.00   0.00   0.00   0.00   0.00
  -80     0.00   0.00   0.00   0.00   0.00   0.00   0.25   0.25   0.00   0.00   0.00   0.00   0.00   0.00   0.00   0.00   0.00   0.00   0.00
  -90     0.00   0.00   0.00   0.00   0.00   0.00   0.00   0.00   0.00   0.00   0.00   0.00   0.00   0.00   0.00   0.00   0.00   0.00   0.00
 -100     0.00   0.00   0.00   0.00   0.00   0.00   0.00   0.00   0.00   0.00   0.00   0.00   0.00   0.00   0.00   0.00   0.00   0.00   0.00
 -110     0.00   0.00   0.00   0.00   0.00   0.00   0.00   0.00   0.00   0.00   0.00   0.00   0.00   0.00   0.00   0.00   0.00   0.00   0.00
 -120     0.00   0.00   0.00   0.00   0.00   0.00   0.00   0.00   0.00   0.00   0.00   0.00   0.00   0.00   0.00   0.00   0.00   0.00   0.00
 -130     0.00   0.00   0.00   0.00   0.00   0.00   0.00   0.00   0.00   0.00   0.00   0.00   0.00   0.00   0.00   0.00   0.00   0.00   0.00
 -140     0.00   0.00   0.00   0.00   0.00   0.00   0.00   0.00   0.00   0.00   0.00   0.00   0.00   0.00   0.00   0.00   0.00   0.00   0.00
 -150     0.00   0.00   0.00   0.00   0.00   0.00   0.00   0.00   0.00   0.00   0.00   0.00   0.00   0.00   0.00   0.00   0.00   0.00   0.00
 -160     0.00   0.00   0.00   0.00   0.00   0.00   0.00   0.00   0.00   0.00   0.00   0.00   0.00   0.00   0.00   0.00   0.00   0.00   0.00
 -170     0.00   0.00   0.00   0.00   0.00   0.00   0.00   0.00   0.00   0.00   0.00   0.00   0.00   0.00   0.00   0.00   0.00   0.00   0.00
 -180     1.21   0.54  -0.10  -0.25   0.38   0.90   0.35   0.00   0.00   0.00   0.00   0.00  -0.27   0.00   0.00   0.00   0.00   0.00   0.00
  180     0.00  -0.04   0.82   0.86  -0.02  -1.88  -4.52   0.00   0.00   0.00   0.00   0.00  -4.13   0.00   0.00   0.00   0.00   0.00   0.00
  170     0.00   0.09   1.18   1.32   0.76  -0.79  -3.19   0.00   0.00   0.00   0.00   0.00  -3.20   0.00   0.00   0.00   0.00   0.00   0.00
  160     0.50   0.72   1.54   1.79   1.54   0.30  -1.87   0.00   0.00   0.00   0.00  -0.50  -2.26   0.00   0.00   0.00   0.00   0.00   0.00
  150     0.50   0.83   1.63   1.96   1.82   0.88  -0.89   0.00   0.00   0.00   0.00  -1.00  -0.97   0.00   0.00   0.00   0.00   0.00   0.00
  140     0.50   0.95   1.72   2.12   2.10   1.46   0.08   0.00   0.00   0.00   0.00  -0.50   0.31   0.00   0.00   0.00   0.00   0.00   0.00
  130     0.50   0.93   1.57   1.77   1.69   0.99  -0.02   0.00   0.00   0.00   0.00   0.00  -0.87   0.00   0.00   0.00   0.00   0.00   0.00
  120     0.50   0.90   1.43   1.42   1.28   0.51  -0.12   0.00   0.00   0.00  -0.50  -1.00  -2.04   0.00   0.00   0.00   0.00   0.00   0.00
  110     0.00   0.19   1.07   0.99   0.67  -0.25  -1.23   0.00   0.00   0.00  -1.00  -2.50  -3.45   0.00   0.00   0.00   0.00   0.00   0.00
  100     0.00  -0.03   0.71   0.54   0.04  -1.02  -2.34   0.00   0.00   0.00  -1.00  -3.77  -4.84   0.00   0.00   0.00   0.00   0.00   0.00
   90     0.00  -0.09   0.51   0.39   0.02  -1.15  -3.58   0.00   0.00   0.00  -0.50  -3.63  -4.35   0.00   0.00   0.00   0.00   0.00   0.00
   80     0.00  -0.17   0.30   0.24  -0.01  -1.27  -4.81   0.00   0.00   0.00  -0.25  -3.40  -3.86   0.00   0.00   0.00   0.00   0.00   0.00
   70     0.00  -0.46   0.11   0.29   0.10  -0.74  -2.50   0.00   0.00   0.00   0.00  -2.75  -2.78   0.00   0.00   0.00   0.00   0.00   0.00
   60     0.00  -0.76   0.12   0.33   0.20  -0.34  -1.00   0.00   0.00   0.00  -0.48  -2.09  -1.70   0.00   0.00   0.00   0.00   0.00   0.00
   50     0.00  -0.77   0.07   0.32  -0.14   0.00  -0.25   0.00   0.00   0.00   0.00  -2.58  -1.35   0.00   0.00   0.00   0.00   0.00   0.00
   40     0.00  -0.77   0.20   0.30  -0.51   0.00   0.00   0.00   0.00   0.00   0.00  -3.06  -1.01   0.00   0.00   0.00   0.00   0.00   0.00
   30     0.00  -0.50   0.00  -0.19  -0.93   0.00   0.00   0.00   0.00   0.00   0.00  -2.00  -1.72   0.00   0.00   0.00   0.00   0.00   0.00
   20     0.00   0.00   0.25  -0.53  -0.65   0.00   0.00   0.00   0.00   0.00   0.00  -1.25  -2.10   0.00   0.00   0.00   0.00   0.00   0.00
   10     0.00   0.00   0.00  -0.50  -0.11   0.00   0.00   0.00   0.00   0.00   0.00  -0.50  -1.50   0.00   0.00   0.00   0.00   0.00   0.00
    0     0.00   0.00   0.00   0.00   0.33   0.00   0.00   0.00   0.00   0.00   0.00   0.00  -1.00   0.00   0.00   0.00   0.00   0.00   0.00
  -10     0.00   0.00   0.00   0.00   0.00   0.00  -0.50  -0.50   0.00   0.00   0.00   0.00  -0.50   0.00   0.00   0.00   0.00   0.00   0.00
  -20     0.00   0.00   0.00   0.00  -0.04  -0.36  -1.27  -1.65   0.00   0.00   0.00   0.00   0.00   0.00   0.00   0.00   0.00   0.00   0.00
  -30     0.00   0.00   0.00   0.00   0.11   0.61  -0.48  -1.27   0.00   0.00   0.00   0.00   0.00   0.00   0.00   0.00   0.00   0.00   0.00
  -40     0.00   0.00   0.00   0.00   0.69   0.86   0.16  -0.74   0.00   0.00   0.00   0.00   0.00   0.00   0.00   0.00   0.00   0.00   0.00
  -50     0.00   0.00   0.00   0.00   0.41   0.44  -0.32  -0.65   0.00   0.00   0.00   0.00   0.00   0.00   0.00   0.00   0.00   0.00   0.00
  -60     0.00   0.00   0.00   0.00  -0.49  -0.65  -1.33  -0.96   0.00   0.00   0.00   0.00   0.00   0.00   0.00   0.00   0.00   0.00   0.00
  -70     0.00   0.00   0.00   0.00   0.00   0.00  -0.50  -0.50   0.00   0.00   0.00   0.00   0.00   0.00   0.00   0.00   0.00   0.00   0.00
  -80     0.00   0.00   0.00   0.00   0.00   0.00   0.00   0.00   0.00   0.00   0.00   0.00   0.00   0.00   0.00   0.00   0.00   0.00   0.00
  -90     0.00   0.00   0.00   0.00   0.00   0.00   0.00   0.00   0.00   0.00   0.00   0.00   0.00   0.00   0.00   0.00   0.00   0.00   0.00
 -100     0.00   0.00   0.00   0.00   0.00   0.00   0.00   0.00   0.00   0.00   0.00   0.00   0.00   0.00   0.00   0.00   0.00   0.00   0.00
 -110     0.00   0.00   0.00   0.00   0.00   0.00   0.00   0.00   0.00   0.00   0.00   0.00   0.00   0.00   0.00   0.00   0.00   0.00   0.00
 -120     0.00   0.00   0.00   0.00   0.00   0.00   0.00   0.00   0.00   0.00   0.00   0.00   0.00   0.00   0.00   0.00   0.00   0.00   0.00
 -130     0.00   0.00   0.00   0.00   0.00   0.00   0.00   0.00   0.00   0.00   0.00   0.00   0.00   0.00   0.00   0.00   0.00   0.00   0.00
 -140     0.00   0.00   0.00   0.00   0.00   0.00   0.00   0.00   0.00   0.00   0.00   0.00   0.00   0.00   0.00   0.00   0.00   0.00   0.00
 -150     0.00   0.00   0.00   0.00   0.00   0.00   0.00   0.00   0.00   0.00   0.00   0.00  -0.50   0.00   0.00   0.00   0.00   0.00   0.00
 -160     0.00   0.00   0.00   0.00   0.00   0.00  -0.50   0.00   0.00   0.00   0.00   0.00  -1.00   0.00   0.00   0.00   0.00   0.00   0.00
 -170     0.00   0.00   0.00   0.00   0.00  -0.50  -1.50   0.00   0.00   0.00   0.00   0.00  -1.50   0.00   0.00   0.00   0.00   0.00   0.00
 -180     0.00  -0.04   0.82   0.86  -0.02  -1.88  -4.52   0.00   0.00   0.00   0.00   0.00  -4.13   0.00   0.00   0.00   0.00   0.00   0.00
  180     0.13   0.28   0.32   0.36   0.40   0.43   0.40   0.00   0.00   0.00   0.00   0.00   0.01   0.00   0.00   0.00   0.00   0.00   0.00
  170     0.11   0.15   0.33   0.49   0.39   0.57   0.58   0.43   0.00   0.00   0.00   0.00   0.03   0.00   0.00   0.00   0.00   0.00   0.00
  160     0.08   0.12   0.28   0.38   0.45   0.58   0.49   0.53   0.00   0.00   0.00   0.00   0.04   0.00   0.00   0.00   0.00   0.00   0.00
  150     0.06   0.24   0.20   0.23   0.52   0.37   0.47   0.54   0.00   0.00   0.00   0.00   0.00   0.00   0.00   0.00   0.00   0.00   0.00
  140     0.01   0.03   0.26   0.23   0.31   0.50   0.64   0.56   0.00   0.00   0.00   0.00   0.00   0.00   0.00   0.00   0.00   0.00   0.00
  130     0.07  -0.02   0.22   0.28   0.37   0.52   0.64   0.61   0.00   0.00   0.00   0.00   0.00   0.00   0.00   0.00   0.00   0.00   0.00
  120    -0.05  -0.04   0.06   0.26   0.33   0.52   0.68   0.90   0.00   0.00   0.00   0.00   0.00   0.00   0.00   0.00   0.00   0.00   0.00
  110    -0.17   0.03   0.10   0.21   0.41   0.72   0.66   0.88   0.00   0.00   0.00   0.00   0.00   0.00   0.00   0.00   0.00   0.00   0.00
  100    -0.20  -0.06   0.04   0.22   0.54   0.71   0.71   0.94   0.00   0.00   0.00   0.00   0.41   0.00   0.00   0.00   0.00   0.00   0.00
   90    -0.15   0.01   0.14   0.34   0.33   0.66   0.54   1.10   0.00   0.00   0.00   0.00   0.45   0.00   0.00   0.00   0.00   0.00   0.00
   80    -0.13  -0.02   0.08   0.27   0.47   0.77   0.59   0.50   0.00   0.00   0.00   0.56   0.48   0.00   0.00   0.00   0.00   0.00   0.00
   70    -0.17   0.04   0.18   0.41   0.73   0.90   1.20   0.25   0.00   0.00   0.00   0.64   0.53   0.00   0.00   0.00   0.00   0.00   0.00
   60    -0.13   0.04   0.21   0.34   0.52   0.86   0.50   0.00   0.00   0.00   0.00   0.75   0.59   0.00   0.00   0.00   0.00   0.00   0.00
   50    -0.12  -0.08   0.27   0.33   0.51   0.12   0.25   0.00   0.00   0.00   0.00   0.85   0.61   0.00   0.00   0.00   0.00   0.00   0.00
   40     0.00  -0.16   0.07   0.40   0.80   0.00   0.00   0.00   0.00   0.00   0.00   0.97   0.65   0.00   0.00   0.00   0.00   0.00   0.00
   30     0.00  -0.14  -0.04  -0.04   0.61   0.00   0.00   0.00   0.00   0.00   0.00   0.00   0.29   0.00   0.00   0.00   0.00   0.00   0.00
   20     0.00   0.00   0.00   0.01   0.33   0.00   0.00   0.00   0.00   0.00   0.00   0.00   0.32   0.00   0.00   0.00   0.00   0.00   0.00
   10     0.00   0.00   0.00   0.00   0.17   0.00   0.00   0.00   0.00   0.00   0.00   0.00   0.00   0.00   0.00   0.00   0.00   0.00   0.00
    0     0.00   0.00   0.00   0.00   0.15   0.18   0.00   0.00   0.00   0.00   0.00   0.00   0.00   0.00   0.00   0.00   0.00   0.00   0.00
  -10     0.00   0.00   0.00   0.00   0.43   0.27   0.00   0.00   0.00   0.00   0.00   0.00   0.00   0.00   0.00   0.00   0.00   0.00   0.00
  -20     0.00   0.00   0.00   0.00   0.46   0.34   0.20   0.00   0.00   0.00   0.00   0.00   0.00   0.00   0.00   0.00   0.00   0.00   0.00
  -30     0.00   0.00   0.00   0.00   0.43   0.47   0.34   0.45   0.00   0.00   0.00   0.00   0.00   0.00   0.00   0.00   0.00   0.00   0.00
  -40     0.00   0.00   0.00   0.00   0.26   0.61   0.37   0.01   0.00   0.00   0.00   0.00   0.00   0.00   0.00   0.00   0.00   0.00   0.00
  -50     0.00   0.00   0.00   0.00   0.03   0.34   0.33  -0.12   0.00   0.00   0.00   0.00   0.00   0.00   0.00   0.00   0.00   0.00   0.00
  -60     0.00   0.00   0.00   0.00   0.21   0.00   0.41  -0.16   0.00   0.00   0.00   0.00   0.00   0.00   0.00   0.00   0.00   0.00   0.00
  -70     0.00   0.00   0.00   0.00   0.00   0.00   0.00   0.00   0.00   0.00   0.00   0.00   0.00   0.00   0.00   0.00   0.00   0.00   0.00
  -80     0.00   0.00   0.00   0.00   0.00   0.00   0.00   0.00   0.00   0.00   0.00   0.00   0.00   0.00   0.00   0.00   0.00   0.00   0.00
  -90     0.00   0.00   0.00   0.00   0.00   0.00   0.00   0.00   0.00   0.00   0.00   0.00   0.00   0.00   0.00   0.00   0.00   0.00   0.00
 -100     0.00   0.00   0.00   0.00   0.00   0.00   0.00   0.00   0.00   0.00   0.00   0.00   0.00   0.00   0.00   0.00   0.00   0.00   0.00
 -110     0.00   0.00   0.00   0.00   0.00   0.00   0.00   0.00   0.00   0.00   0.00   0.00   0.00   0.00   0.00   0.00   0.00   0.00   0.00
 -120     0.00   0.00   0.00   0.00   0.00   0.00   0.00   0.00   0.00   0.00   0.00   0.00   0.00   0.00   0.00   0.00   0.00   0.00   0.00
 -130     0.00   0.00   0.00   0.00   0.00   0.00   0.00   0.00   0.00   0.00   0.00   0.00   0.00   0.00   0.00   0.00   0.00   0.00   0.00
 -140     0.00   0.00   0.00   0.00   0.00   0.00   0.00   0.00   0.00   0.00   0.00   0.00   0.00   0.00   0.00   0.00   0.00   0.00   0.00
 -150     0.00   0.00   0.00   0.00   0.00   0.00   0.00   0.00   0.00   0.00   0.00   0.00   0.00   0.00   0.00   0.00   0.00   0.00   0.00
 -160     0.00   0.00   0.00   0.00   0.00   0.00   0.00   0.00   0.00   0.00   0.00   0.00   0.00   0.00   0.00   0.00   0.00   0.00   0.00
 -170     0.00   0.00   0.00   0.00   0.00   0.00   0.00   0.00   0.00   0.00   0.00   0.00   0.00   0.00   0.00   0.00   0.00   0.00   0.00
 -180     0.13   0.28   0.32   0.36   0.40   0.43   0.40   0.00   0.00   0.00   0.00   0.00   0.01   0.00   0.00   0.00   0.00   0.00   0.00
