#-----------------------------------------------------------------------------------------------------------------------------------------
#ps\ph  -180   -160   -140   -120   -100   -80    -60    -40    -20     0      20     40     60     80    100    120    140    160    180
#-----------------------------------------------------------------------------------------------------------------------------------------
  180   0.10   0.06  -0.03   0.00   0.10   0.23   0.39   0.00   0.00   0.00   0.00   0.00   0.00   0.00   0.00   0.00   0.00   0.00   0.00
  170   0.15   0.02  -0.04  -0.08   0.01   0.08   0.31  -0.20   0.00   0.00   0.00   0.00   0.00   0.00   0.00   0.00   0.00   0.00   0.00
  160   0.16   0.07  -0.04  -0.05  -0.03  -0.04   0.15  -0.15   0.00   0.00   0.00   0.00   0.00   0.00   0.00   0.00   0.00   0.00   0.00
  150   0.20   0.07  -0.02  -0.04  -0.04  -0.11  -0.01  -0.15   0.00   0.00   0.00   0.00   0.00   0.00   0.00   0.00   0.00   0.00   0.00
  140   0.20   0.07   0.00  -0.02  -0.04  -0.09  -0.11  -0.17   0.00   0.00   0.00   0.00   0.00   0.00   0.00   0.00   0.00   0.00   0.00
  130   0.22   0.08   0.03   0.00  -0.05  -0.03  -0.12  -0.20   0.00   0.00   0.00   0.00   0.00   0.00   0.00   0.00   0.00   0.00   0.00
  120   0.20   0.13   0.03   0.02  -0.05   0.01  -0.09  -0.20   0.00   0.00   0.00   0.00   0.00   0.00   0.00   0.00   0.00   0.00   0.00
  110   0.17   0.19   0.06   0.06   0.02   0.03  -0.05  -0.19   0.00   0.00   0.00   0.00   0.00   0.00   0.00   0.00   0.00   0.00   0.00
  100   0.18   0.20   0.10   0.10   0.13   0.03  -0.07  -0.22   0.00   0.00   0.00   0.00   0.05   0.00   0.00   0.00   0.00   0.00   0.00
   90   0.19   0.18   0.14   0.13   0.22   0.05  -0.14  -0.34   0.00   0.00   0.00   0.00   0.00   0.00   0.00   0.00   0.00   0.00   0.00
   80   0.22   0.19   0.17   0.17   0.28   0.07  -0.24   0.00   0.00   0.00   0.00   0.06   0.02   0.00   0.00   0.00   0.00   0.00   0.00
   70   0.28   0.24   0.25   0.25   0.31   0.04  -0.38   0.00   0.00   0.00   0.00   0.00   0.00   0.00   0.00   0.00   0.00   0.00   0.00
   60   0.33   0.32   0.35   0.34   0.32  -0.09   0.00   0.00   0.00   0.00   0.00   0.05  -0.07   0.00   0.00   0.00   0.00   0.00   0.00
   50   0.00   0.39   0.46   0.42   0.35  -0.27   0.00   0.00   0.00   0.00   0.00   0.00   0.00   0.00   0.00   0.00   0.00   0.00   0.00
   40   0.00   0.41   0.51   0.46   0.45   0.00   0.00   0.00   0.00   0.00   0.00   0.24   0.01   0.00   0.00   0.00   0.00   0.00   0.00
   30   0.00   0.00   0.43   0.42   0.67   0.00   0.00   0.00   0.00   0.00   0.00   0.00   0.00   0.00   0.00   0.00   0.00   0.00   0.00
   20   0.00   0.00   0.00   0.29   0.83   0.00   0.00   0.00   0.00   0.00   0.00   0.00   0.00   0.00   0.00   0.00   0.00   0.00   0.00
   10   0.00   0.00   0.00   0.00   0.66   0.00   0.00   0.00   0.00   0.00   0.00   0.00   0.00   0.00   0.00   0.00   0.00   0.00   0.00
    0   0.00   0.00   0.00   0.00   0.19   1.91   0.00   0.00   0.00   0.00   0.00   0.00   0.00   0.00   0.00   0.00   0.00   0.00   0.00
  -10   0.00   0.00   0.00   0.00  -0.23   1.24   0.00   0.00   0.00   0.00   0.00   0.00   0.00   0.00   0.00   0.00   0.00   0.00   0.00
  -20   0.00   0.00   0.00   0.00  -0.34   0.34   2.45   0.00   0.00   0.00   0.00   0.00   0.00   0.00   0.00   0.00   0.00   0.00   0.00
  -30   0.00   0.00   0.00   0.00  -0.25  -0.21   1.27   1.75   0.00   0.00   0.00   0.00   0.00   0.00   0.00   0.00   0.00   0.00   0.00
  -40   0.00   0.00   0.00   0.00  -0.17  -0.36   0.26   1.35   0.00   0.00   0.00   0.00   0.00   0.00   0.00   0.00   0.00   0.00   0.00
  -50   0.00   0.00   0.00   0.00  -0.12  -0.26  -0.15   0.46   0.00   0.00   0.00   0.00   0.00   0.00   0.00   0.00   0.00   0.00   0.00
  -60   0.00   0.00   0.00   0.00  -0.06   0.00  -0.21  -0.07   0.00   0.00   0.00   0.00   0.00   0.00   0.00   0.00   0.00   0.00   0.00
  -70   0.00   0.00   0.00   0.00   0.00   0.00   0.00   0.00   0.00   0.00   0.00   0.00   0.00   0.00   0.00   0.00   0.00   0.00   0.00
  -80   0.00   0.00   0.00   0.00   0.00   0.00   0.00   0.00   0.00   0.00   0.00   0.00   0.00   0.00   0.00   0.00   0.00   0.00   0.00
  -90   0.00   0.00   0.00   0.00   0.00   0.00   0.00   0.00   0.00   0.00   0.00   0.00   0.00   0.00   0.00   0.00   0.00   0.00   0.00
 -100   0.00   0.00   0.00   0.00   0.00   0.00   0.00   0.00   0.00   0.00   0.00   0.00   0.00   0.00   0.00   0.00   0.00   0.00   0.00
 -110   0.00   0.00   0.00   0.00   0.00   0.00   0.00   0.00   0.00   0.00   0.00   0.00   0.00   0.00   0.00   0.00   0.00   0.00   0.00
 -120   0.00   0.00   0.00   0.00   0.00   0.00   0.00   0.00   0.00   0.00   0.00   0.00   0.00   0.00   0.00   0.00   0.00   0.00   0.00
 -130   0.00   0.00   0.00   0.00   0.00   0.00   0.00   0.00   0.00   0.00   0.00   0.00   0.00   0.00   0.00   0.00   0.00   0.00   0.00
 -140   0.00   0.00   0.00   0.00   0.00   0.00   0.00   0.00   0.00   0.00   0.00   0.00   0.00   0.00   0.00   0.00   0.00   0.00   0.00
 -150   0.00   0.00   0.00   0.00   0.00   0.00   0.00   0.00   0.00   0.00   0.00   0.00   0.00   0.00   0.00   0.00   0.00   0.00   0.00
 -160   0.00   0.00   0.00   0.00   0.00   0.00   0.00   0.00   0.00   0.00   0.00   0.00   0.00   0.00   0.00   0.00   0.00   0.00   0.00
 -170   0.00   0.00   0.00   0.00   0.00   0.00   0.00   0.00   0.00   0.00   0.00   0.00   0.00   0.00   0.00   0.00   0.00   0.00   0.00
 -180   0.10   0.06  -0.03   0.00   0.10   0.23   0.39   0.00   0.00   0.00   0.00   0.00   0.00   0.00   0.00   0.00   0.00   0.00   0.00
  180   0.00   0.63   0.33  -1.51  -2.63  -1.82  -1.31  -1.00   0.00   0.00   0.00   0.00  -4.68   0.00   0.00   0.00   0.00   0.00   0.00
  170   0.00   0.61   0.27  -1.64  -2.76  -1.95  -1.51  -1.00   0.00   0.00   0.00   0.00  -4.87   0.00   0.00   0.00   0.00   0.00   0.00
  160   0.00   0.59   0.21  -1.77  -2.89  -2.08  -1.72  -1.00   0.00   0.00   0.00   0.00  -5.05   0.00   0.00   0.00   0.00   0.00   0.00
  150   0.00   0.50   0.11  -1.90  -3.04  -2.18  -1.84  -1.00   0.00   0.00   0.00   0.00  -5.13   0.00   0.00   0.00   0.00   0.00   0.00
  140   0.00   0.41   0.00  -2.04  -3.19  -3.28  -2.96  -2.00   0.00   0.00   0.00   0.00  -5.21   0.00   0.00   0.00   0.00   0.00   0.00
  130   0.00   0.14  -0.25  -2.30  -3.42  -3.46  -3.07  -3.00   0.00   0.00   0.00   0.00  -5.29   0.00   0.00   0.00   0.00   0.00   0.00
  120   0.00   0.88  -0.51  -2.57  -3.66  -3.64  -4.17  -3.00   0.00   0.00   0.00  -1.00  -5.37   0.00   0.00   0.00   0.00   0.00   0.00
  110   0.00   0.56  -1.83  -2.89  -3.98  -3.91  -4.38  -3.00   0.00   0.00   0.00  -1.00  -5.68  -1.00   0.00   0.00   0.00   0.00   0.00
  100   0.00   0.25  -1.16  -3.21  -4.30  -4.18  -4.59  -3.00   0.00   0.00   0.00  -2.00  -5.99  -2.00   0.00   0.00   0.00   0.00   0.00
   90   0.00   0.10  -1.29  -3.32  -4.43  -5.36  -4.78  -2.00   0.00   0.00   0.00  -2.00  -6.24  -2.00   0.00   0.00   0.00   0.00   0.00
   80   0.00  -0.05  -1.41  -3.43  -4.56  -5.54  -4.97  -2.00   0.00   0.00   0.00  -3.73  -6.49  -3.00   0.00   0.00   0.00   0.00   0.00
   70   0.00  -0.06  -1.42  -3.42  -4.54  -5.57  -4.00  -2.00   0.00   0.00   0.00  -3.92  -6.52  -3.00   0.00   0.00   0.00   0.00   0.00
   60   0.00  -0.06  -1.43  -3.41  -4.52  -5.60  -4.00  -2.00   0.00   0.00   0.00  -4.11  -6.55  -3.00   0.00   0.00   0.00   0.00   0.00
   50   0.00  -0.09  -1.48  -3.44  -4.55   4.00  -3.00  -1.00   0.00   0.00   0.00  -4.21  -6.53  -3.00   0.00   0.00   0.00   0.00   0.00
   40   0.00  -0.13  -1.52  -3.48  -4.58   4.00  -3.00  -1.00   0.00   0.00   0.00  -4.31  -6.52  -3.00   0.00   0.00   0.00   0.00   0.00
   30   0.00   0.00  -1.00  -3.24  -4.36   4.00  -3.00  -1.00   0.00   0.00   0.00  -3.00  -6.39  -3.00   0.00   0.00   0.00   0.00   0.00
   20   0.00   0.00  -1.00  -3.00  -4.14   3.00  -2.00  -1.00   0.00   0.00   0.00  -2.00  -6.27  -2.00   0.00   0.00   0.00   0.00   0.00
   10   0.00   0.00  -1.00  -2.00  -3.00  -2.00  -2.00  -2.00   0.00   0.00   0.00  -1.00  -6.00  -2.00   0.00   0.00   0.00   0.00   0.00
    0   0.00   0.00  -1.00  -2.00  -3.00  -3.00  -3.00  -3.00   0.00   0.00   0.00   0.00  -5.00  -1.00   0.00   0.00   0.00   0.00   0.00
  -10   0.00   0.00   0.00  -1.00  -3.00  -3.00  -3.00  -4.00   0.00   0.00   0.00   0.00  -4.00  -1.00   0.00   0.00   0.00   0.00   0.00
  -20   0.00   0.00  -1.00  -2.00  -3.05  -4.28  -4.93  -5.14   0.00   0.00   0.00   0.00  -3.00   0.00   0.00   0.00   0.00   0.00   0.00
  -30   0.00   0.00  -1.00  -2.00  -3.04  -4.15  -4.87  -5.04   0.00   0.00   0.00   0.00  -2.00   0.00   0.00   0.00   0.00   0.00   0.00
  -40   0.00   0.00  -1.00  -2.00  -3.04  -4.16  -4.82  -4.96   0.00   0.00   0.00   0.00  -1.00   0.00   0.00   0.00   0.00   0.00   0.00
  -50   0.00   0.00   0.00  -1.00  -2.98  -3.99  -4.64  -4.66   0.00   0.00   0.00   0.00   0.00   0.00   0.00   0.00   0.00   0.00   0.00
  -60   0.00   0.00   0.00  -1.00  -2.86  -3.94  -4.45  -4.44   0.00   0.00   0.00   0.00   0.00   0.00   0.00   0.00   0.00   0.00   0.00
  -70   0.00   0.00   0.00   0.00  -1.00  -2.00  -3.00  -3.00   0.00   0.00   0.00   0.00   0.00   0.00   0.00   0.00   0.00   0.00   0.00
  -80   0.00   0.00   0.00   0.00   0.00  -1.00  -2.00  -2.00   0.00   0.00   0.00   0.00   0.00   0.00   0.00   0.00   0.00   0.00   0.00
  -90   0.00   0.00   0.00   0.00   0.00   0.00  -1.00  -1.00   0.00   0.00   0.00   0.00   0.00   0.00   0.00   0.00   0.00   0.00   0.00
 -100   0.00   0.00   0.00   0.00   0.00   0.00   0.00   0.00   0.00   0.00   0.00   0.00   0.00   0.00   0.00   0.00   0.00   0.00   0.00
 -110   0.00   0.00   0.00   0.00   0.00   0.00   0.00   0.00   0.00   0.00   0.00   0.00   0.00   0.00   0.00   0.00   0.00   0.00   0.00
 -120   0.00   0.00   0.00   0.00   0.00   0.00   0.00   0.00   0.00   0.00   0.00   0.00   0.00   0.00   0.00   0.00   0.00   0.00   0.00
 -130   0.00   0.00   0.00   0.00   0.00   0.00   0.00   0.00   0.00   0.00   0.00   0.00   0.00   0.00   0.00   0.00   0.00   0.00   0.00
 -140   0.00   0.00   0.00   0.00   0.00   0.00   0.00   0.00   0.00   0.00   0.00   0.00   0.00   0.00   0.00   0.00   0.00   0.00   0.00
 -150   0.00   0.00   0.00   0.00   0.00   0.00   0.00   0.00   0.00   0.00   0.00   0.00   0.00   0.00   0.00   0.00   0.00   0.00   0.00
 -160   0.00   0.00   0.00   0.00   0.00   0.00   0.00   0.00   0.00   0.00   0.00   0.00   0.00   0.00   0.00   0.00   0.00   0.00   0.00
 -170   0.00   0.00   0.00   0.00   0.00   0.00   0.00   0.00   0.00   0.00   0.00   0.00   0.00   0.00   0.00   0.00   0.00   0.00   0.00
 -180   0.00   1.63   0.33  -1.51  -2.63  -3.82  -4.31  -2.00   0.00   0.00   0.00   0.00  -5.68   0.00   0.00   0.00   0.00   0.00   0.00
  180   0.00  -0.05   0.02   0.00  -0.05  -0.02  -0.12   0.00   0.00   0.00   0.00   0.00   0.00   0.00   0.00   0.00   0.00   0.00   0.00
  170   0.08  -0.06   0.07   0.10  -0.10  -0.11  -0.26   0.11   0.00   0.00   0.00   0.00   0.00   0.00   0.00   0.00   0.00   0.00   0.00
  160  -0.01  -0.01   0.08  -0.05  -0.09  -0.11  -0.23  -0.18   0.00   0.00   0.00   0.00   0.00   0.00   0.00   0.00   0.00   0.00   0.00
  150  -0.01   0.00  -0.10  -0.10  -0.13  -0.09  -0.38  -0.50   0.00   0.00   0.00   0.00   0.00   0.00   0.00   0.00   0.00   0.00   0.00
  140  -0.05  -0.05   0.00  -0.10  -0.12  -0.26  -0.47  -0.93   0.00   0.00   0.00   0.00   0.00   0.00   0.00   0.00   0.00   0.00   0.00
  130  -0.02  -0.05  -0.13  -0.18  -0.11  -0.21  -0.50  -1.27   0.00   0.00   0.00   0.00   0.00   0.00   0.00   0.00   0.00   0.00   0.00
  120   0.00  -0.12  -0.12  -0.13  -0.16  -0.15  -0.43  -1.50   0.00   0.00   0.00   0.00   0.00   0.00   0.00   0.00   0.00   0.00   0.00
  110  -0.08  -0.15  -0.16  -0.20  -0.19  -0.07  -0.33  -1.50   0.00   0.00   0.00   0.00   0.00   0.00   0.00   0.00   0.00   0.00   0.00
  100   0.01  -0.10  -0.16  -0.19  -0.30  -0.08  -0.17  -1.26   0.00   0.00   0.00   0.00   0.02   0.00   0.00   0.00   0.00   0.00   0.00
   90   0.05  -0.04  -0.23  -0.26  -0.10   0.00  -0.13  -0.85   0.00   0.00   0.00   0.00   0.00   0.00   0.00   0.00   0.00   0.00   0.00
   80   0.16   0.00   0.04  -0.04  -0.10   0.04  -0.05   0.00   0.00   0.00   0.00  -0.04  -0.07   0.00   0.00   0.00   0.00   0.00   0.00
   70   0.20   0.23   0.17   0.15   0.05   0.14   0.15   0.00   0.00   0.00   0.00   0.00   0.00   0.00   0.00   0.00   0.00   0.00   0.00
   60   0.30   0.29   0.35   0.28   0.19   0.18   0.00   0.00   0.00   0.00   0.00  -0.28  -0.06   0.00   0.00   0.00   0.00   0.00   0.00
   50   0.00   0.40   0.46   0.40   0.44   0.32   0.00   0.00   0.00   0.00   0.00   0.00   0.00   0.00   0.00   0.00   0.00   0.00   0.00
   40   0.00   0.45   0.32   0.41   0.51   0.00   0.00   0.00   0.00   0.00   0.00  -0.49  -0.26   0.00   0.00   0.00   0.00   0.00   0.00
   30   0.00   0.00   0.39   0.37   0.48   0.00   0.00   0.00   0.00   0.00   0.00   0.00   0.00   0.00   0.00   0.00   0.00   0.00   0.00
   20   0.00   0.00   0.00   0.28   0.42   0.00   0.00   0.00   0.00   0.00   0.00   0.00   0.00   0.00   0.00   0.00   0.00   0.00   0.00
   10   0.00   0.00   0.00   0.00   0.26   0.00   0.00   0.00   0.00   0.00   0.00   0.00   0.00   0.00   0.00   0.00   0.00   0.00   0.00
    0   0.00   0.00   0.00   0.00   0.20   0.22   0.00   0.00   0.00   0.00   0.00   0.00   0.00   0.00   0.00   0.00   0.00   0.00   0.00
  -10   0.00   0.00   0.00   0.00   0.16   0.19   0.00   0.00   0.00   0.00   0.00   0.00   0.00   0.00   0.00   0.00   0.00   0.00   0.00
  -20   0.00   0.00   0.00   0.00   0.14   0.05   0.13   0.00   0.00   0.00   0.00   0.00   0.00   0.00   0.00   0.00   0.00   0.00   0.00
  -30   0.00   0.00   0.00   0.00   0.06   0.10   0.17   0.27   0.00   0.00   0.00   0.00   0.00   0.00   0.00   0.00   0.00   0.00   0.00
  -40   0.00   0.00   0.00   0.00   0.09   0.04   0.18   0.34   0.00   0.00   0.00   0.00   0.00   0.00   0.00   0.00   0.00   0.00   0.00
  -50   0.00   0.00   0.00   0.00   0.15  -0.03   0.06   0.27   0.00   0.00   0.00   0.00   0.00   0.00   0.00   0.00   0.00   0.00   0.00
  -60   0.00   0.00   0.00   0.00   0.04   0.00   0.02   0.11   0.00   0.00   0.00   0.00   0.00   0.00   0.00   0.00   0.00   0.00   0.00
  -70   0.00   0.00   0.00   0.00   0.00   0.00   0.00   0.00   0.00   0.00   0.00   0.00   0.00   0.00   0.00   0.00   0.00   0.00   0.00
  -80   0.00   0.00   0.00   0.00   0.00   0.00   0.00   0.00   0.00   0.00   0.00   0.00   0.00   0.00   0.00   0.00   0.00   0.00   0.00
  -90   0.00   0.00   0.00   0.00   0.00   0.00   0.00   0.00   0.00   0.00   0.00   0.00   0.00   0.00   0.00   0.00   0.00   0.00   0.00
 -100   0.00   0.00   0.00   0.00   0.00   0.00   0.00   0.00   0.00   0.00   0.00   0.00   0.00   0.00   0.00   0.00   0.00   0.00   0.00
 -110   0.00   0.00   0.00   0.00   0.00   0.00   0.00   0.00   0.00   0.00   0.00   0.00   0.00   0.00   0.00   0.00   0.00   0.00   0.00
 -120   0.00   0.00   0.00   0.00   0.00   0.00   0.00   0.00   0.00   0.00   0.00   0.00   0.00   0.00   0.00   0.00   0.00   0.00   0.00
 -130   0.00   0.00   0.00   0.00   0.00   0.00   0.00   0.00   0.00   0.00   0.00   0.00   0.00   0.00   0.00   0.00   0.00   0.00   0.00
 -140   0.00   0.00   0.00   0.00   0.00   0.00   0.00   0.00   0.00   0.00   0.00   0.00   0.00   0.00   0.00   0.00   0.00   0.00   0.00
 -150   0.00   0.00   0.00   0.00   0.00   0.00   0.00   0.00   0.00   0.00   0.00   0.00   0.00   0.00   0.00   0.00   0.00   0.00   0.00
 -160   0.00   0.00   0.00   0.00   0.00   0.00   0.00   0.00   0.00   0.00   0.00   0.00   0.00   0.00   0.00   0.00   0.00   0.00   0.00
 -170   0.00   0.00   0.00   0.00   0.00   0.00   0.00   0.00   0.00   0.00   0.00   0.00   0.00   0.00   0.00   0.00   0.00   0.00   0.00
 -180   0.00  -0.05   0.02   0.00  -0.05  -0.02  -0.12   0.00   0.00   0.00   0.00   0.00   0.00   0.00   0.00   0.00   0.00   0.00   0.00
