#-----------------------------------------------------------------------------------------------------------------------------------------
#ps\ph  -180   -160   -140   -120   -100   -80    -60    -40    -20     0      20     40     60     80    100    120    140    160    180
#-----------------------------------------------------------------------------------------------------------------------------------------
  180  -0.31  -0.15   0.08   0.00   0.10  -0.17  -0.25   0.00   0.00   0.00   0.00   0.00   0.00   0.00   0.00   0.00   0.00   0.00   0.00
  170  -0.33  -0.21  -0.01   0.07   0.08  -0.12  -0.13  -0.28   0.00   0.00   0.00   0.00   0.00   0.00   0.00   0.00   0.00   0.00   0.00
  160  -0.39  -0.23  -0.01   0.12   0.05  -0.11  -0.10  -0.17   0.00   0.00   0.00   0.00   0.00   0.00   0.00   0.00   0.00   0.00   0.00
  150  -0.29  -0.31   0.00   0.11   0.00  -0.21  -0.18  -0.18   0.00   0.00   0.00   0.00   0.00   0.00   0.00   0.00   0.00   0.00   0.00
  140  -0.25  -0.25   0.00   0.08  -0.07  -0.30  -0.28  -0.28   0.00   0.00   0.00   0.00   0.00   0.00   0.00   0.00   0.00   0.00   0.00
  130  -0.16  -0.16   0.00   0.04  -0.10  -0.30  -0.32  -0.40   0.00   0.00   0.00   0.00   0.00   0.00   0.00   0.00   0.00   0.00   0.00
  120  -0.20  -0.10  -0.02   0.01  -0.11  -0.29  -0.30  -0.47   0.00   0.00   0.00   0.00   0.00   0.00   0.00   0.00   0.00   0.00   0.00
  110  -0.19  -0.01  -0.05   0.03  -0.15  -0.29  -0.28  -0.44   0.00   0.00   0.00   0.00   0.00   0.00   0.00   0.00   0.00   0.00   0.00
  100  -0.17   0.06  -0.04   0.04  -0.16  -0.27  -0.26  -0.31   0.00   0.00   0.00   0.00  -0.13   0.00   0.00   0.00   0.00   0.00   0.00
   90  -0.14   0.08   0.00   0.04  -0.14  -0.23  -0.26  -0.09   0.00   0.00   0.00   0.00   0.00   0.00   0.00   0.00   0.00   0.00   0.00
   80  -0.10   0.07   0.04   0.05  -0.09  -0.18  -0.27   0.00   0.00   0.00   0.00  -0.40  -0.16   0.00   0.00   0.00   0.00   0.00   0.00
   70  -0.04   0.06   0.08   0.06  -0.04  -0.14  -0.31   0.00   0.00   0.00   0.00   0.00   0.00   0.00   0.00   0.00   0.00   0.00   0.00
   60   0.04   0.06   0.12   0.05  -0.01  -0.10   0.00   0.00   0.00   0.00   0.00  -0.36  -0.06   0.00   0.00   0.00   0.00   0.00   0.00
   50   0.00   0.09   0.18   0.05  -0.02  -0.06   0.00   0.00   0.00   0.00   0.00   0.00   0.00   0.00   0.00   0.00   0.00   0.00   0.00
   40   0.00   0.13   0.23   0.07  -0.02   0.00   0.00   0.00   0.00   0.00   0.00  -0.24  -0.09   0.00   0.00   0.00   0.00   0.00   0.00
   30   0.00   0.00   0.26   0.11   0.04   0.00   0.00   0.00   0.00   0.00   0.00   0.00   0.00   0.00   0.00   0.00   0.00   0.00   0.00
   20   0.00   0.00   0.00   0.19   0.14   0.00   0.00   0.00   0.00   0.00   0.00   0.00   0.00   0.00   0.00   0.00   0.00   0.00   0.00
   10   0.00   0.00   0.00   0.00   0.23   0.00   0.00   0.00   0.00   0.00   0.00   0.00   0.00   0.00   0.00   0.00   0.00   0.00   0.00
    0   0.00   0.00   0.00   0.00   0.24   0.32   0.00   0.00   0.00   0.00   0.00   0.00   0.00   0.00   0.00   0.00   0.00   0.00   0.00
  -10   0.00   0.00   0.00   0.00   0.21   0.29   0.00   0.00   0.00   0.00   0.00   0.00   0.00   0.00   0.00   0.00   0.00   0.00   0.00
  -20   0.00   0.00   0.00   0.00   0.22   0.23   0.45   0.00   0.00   0.00   0.00   0.00   0.00   0.00   0.00   0.00   0.00   0.00   0.00
  -30   0.00   0.00   0.00   0.00   0.18   0.07   0.16   0.51   0.00   0.00   0.00   0.00   0.00   0.00   0.00   0.00   0.00   0.00   0.00
  -40   0.00   0.00   0.00   0.00   0.02  -0.16  -0.06   0.21   0.00   0.00   0.00   0.00   0.00   0.00   0.00   0.00   0.00   0.00   0.00
  -50   0.00   0.00   0.00   0.00  -0.14  -0.29  -0.23  -0.08   0.00   0.00   0.00   0.00   0.00   0.00   0.00   0.00   0.00   0.00   0.00
  -60   0.00   0.00   0.00   0.00  -0.18   0.00  -0.38  -0.31   0.00   0.00   0.00   0.00   0.00   0.00   0.00   0.00   0.00   0.00   0.00
  -70   0.00   0.00   0.00   0.00   0.00   0.00   0.00   0.00   0.00   0.00   0.00   0.00   0.00   0.00   0.00   0.00   0.00   0.00   0.00
  -80   0.00   0.00   0.00   0.00   0.00   0.00   0.00   0.00   0.00   0.00   0.00   0.00   0.00   0.00   0.00   0.00   0.00   0.00   0.00
  -90   0.00   0.00   0.00   0.00   0.00   0.00   0.00   0.00   0.00   0.00   0.00   0.00   0.00   0.00   0.00   0.00   0.00   0.00   0.00
 -100   0.00   0.00   0.00   0.00   0.00   0.00   0.00   0.00   0.00   0.00   0.00   0.00   0.00   0.00   0.00   0.00   0.00   0.00   0.00
 -110   0.00   0.00   0.00   0.00   0.00   0.00   0.00   0.00   0.00   0.00   0.00   0.00   0.00   0.00   0.00   0.00   0.00   0.00   0.00
 -120   0.00   0.00   0.00   0.00   0.00   0.00   0.00   0.00   0.00   0.00   0.00   0.00   0.00   0.00   0.00   0.00   0.00   0.00   0.00
 -130   0.00   0.00   0.00   0.00   0.00   0.00   0.00   0.00   0.00   0.00   0.00   0.00   0.00   0.00   0.00   0.00   0.00   0.00   0.00
 -140   0.00   0.00   0.00   0.00   0.00   0.00   0.00   0.00   0.00   0.00   0.00   0.00   0.00   0.00   0.00   0.00   0.00   0.00   0.00
 -150   0.00   0.00   0.00   0.00   0.00   0.00   0.00   0.00   0.00   0.00   0.00   0.00   0.00   0.00   0.00   0.00   0.00   0.00   0.00
 -160   0.00   0.00   0.00   0.00   0.00   0.00   0.00   0.00   0.00   0.00   0.00   0.00   0.00   0.00   0.00   0.00   0.00   0.00   0.00
 -170   0.00   0.00   0.00   0.00   0.00   0.00   0.00   0.00   0.00   0.00   0.00   0.00   0.00   0.00   0.00   0.00   0.00   0.00   0.00
 -180  -0.31  -0.15   0.08   0.00   0.10  -0.17  -0.25   0.00   0.00   0.00   0.00   0.00   0.00   0.00   0.00   0.00   0.00   0.00   0.00
  180   0.00  -1.50  -2.05  -2.46  -1.71  -0.54   0.08   0.00   0.00   0.00   0.00   0.00   2.98   0.00   0.00   0.00   0.00   0.00   0.00
  170   0.00  -0.99  -1.63  -2.11  -1.24   0.11   0.83   0.00   0.00   0.00   0.00   0.00   3.42   0.00   0.00   0.00   0.00   0.00   0.00
  160   0.00  -0.47  -1.22  -1.77  -0.76   0.75   1.57   0.00   0.00   0.00   0.00   0.00   3.86   0.00   0.00   0.00   0.00   0.00   0.00
  150   0.00   0.26  -0.61  -1.35  -0.44   1.12   2.08   0.00   0.00   0.00   0.00   0.00   4.33   0.00   0.00   0.00   0.00   0.00   0.00
  140   0.00   1.00   0.00  -0.93  -0.13   1.49   2.60   0.00   0.00   0.00   0.00   0.00   4.79   0.00   0.00   0.00   0.00   0.00   0.00
  130   0.00   1.23   0.19  -0.88  -0.22   1.42   2.62   0.00   0.00   0.00   0.00   0.00   4.97   0.00   0.00   0.00   0.00   0.00   0.00
  120   0.00   1.46   0.38  -0.83  -0.32   1.36   2.63   0.00   0.00   0.00   0.00   0.00   5.16   1.00   0.00   0.00   0.00   0.00   0.00
  110   0.00   1.01  -0.08  -1.35  -1.02   0.56   2.03   0.00   0.00   0.00   0.00   0.00   4.78   1.00   0.00   0.00   0.00   0.00   0.00
  100   0.00   0.55  -0.53  -1.88  -1.71  -0.24   1.42   0.00   0.00   0.00   0.00   0.00   4.40   1.00   0.00   0.00   0.00   0.00   0.00
   90   0.00  -0.26  -1.32  -2.63  -2.47  -1.12   0.50   0.00   0.00   0.00   0.00   0.00   3.64   1.00   0.00   0.00   0.00   0.00   0.00
   80   0.00  -1.07  -2.11  -3.37  -3.24  -2.00  -0.42   0.00   0.00   0.00   0.00   2.28   2.89   1.00   0.00   0.00   0.00   0.00   0.00
   70   0.00  -1.46  -2.44  -3.58  -3.38  -2.20   0.00   0.00   0.00   0.00   0.00   1.58   2.26   1.00   0.00   0.00   0.00   0.00   0.00
   60   0.00  -1.85  -2.76  -3.80  -3.53  -2.39   0.00   0.00   0.00   0.00   0.00   0.87   1.64   0.00   0.00   0.00   0.00   0.00   0.00
   50   0.00  -1.64  -2.49  -3.44  -3.05  -1.00   0.00   0.00   0.00   0.00   0.00   0.94   1.62   0.00   0.00   0.00   0.00   0.00   0.00
   40   0.00  -1.42  -2.23  -3.09  -2.57   0.00   0.00   0.00   0.00   0.00   0.00   1.01   1.61   0.00   0.00   0.00   0.00   0.00   0.00
   30   0.00  -1.00  -1.00  -2.62  -2.03   0.00   0.00   0.00   0.00   0.00   0.00   0.00   2.04   0.00   0.00   0.00   0.00   0.00   0.00
   20   0.00   0.00   0.00  -2.15  -1.49   0.00   0.00   0.00   0.00   0.00   0.00   0.00   2.48   1.00   0.00   0.00   0.00   0.00   0.00
   10   0.00   0.00   0.00  -1.00  -1.00   0.00   0.00   0.00   0.00   0.00   0.00   0.00   1.00   0.00   0.00   0.00   0.00   0.00   0.00
    0   0.00   0.00   0.00   0.00   0.00   0.00   0.00   0.00   0.00   0.00   0.00   0.00   0.00   0.00   0.00   0.00   0.00   0.00   0.00
  -10   0.00   0.00   0.00   0.00   0.00   0.00   1.00   0.00   0.00   0.00   0.00   0.00   0.00   0.00   0.00   0.00   0.00   0.00   0.00
  -20   0.00   0.00   0.00   0.00  -0.41   0.90   1.57   1.90   0.00   0.00   0.00   0.00   0.00   0.00   0.00   0.00   0.00   0.00   0.00
  -30   0.00   0.00   0.00   0.00  -0.02   1.25   2.00   2.19   0.00   0.00   0.00   0.00   0.00   0.00   0.00   0.00   0.00   0.00   0.00
  -40   0.00   0.00   0.00   0.00   0.31   1.69   2.71   2.75   0.00   0.00   0.00   0.00   0.00   0.00   0.00   0.00   0.00   0.00   0.00
  -50   0.00   0.00   0.00   0.00   0.52   1.78   2.67   3.12   0.00   0.00   0.00   0.00   0.00   0.00   0.00   0.00   0.00   0.00   0.00
  -60   0.00   0.00   0.00   0.00   0.42   1.73   2.85   3.02   0.00   0.00   0.00   0.00   0.00   0.00   0.00   0.00   0.00   0.00   0.00
  -70   0.00   0.00   0.00   0.00   0.00   1.00   1.00   2.00   0.00   0.00   0.00   0.00   0.00   0.00   0.00   0.00   0.00   0.00   0.00
  -80   0.00   0.00   0.00   0.00   0.00   0.00   0.00   1.00   0.00   0.00   0.00   0.00   0.00   0.00   0.00   0.00   0.00   0.00   0.00
  -90   0.00   0.00   0.00   0.00   0.00   0.00   0.00   0.00   0.00   0.00   0.00   0.00   0.00   0.00   0.00   0.00   0.00   0.00   0.00
 -100   0.00   0.00   0.00   0.00   0.00   0.00   0.00   0.00   0.00   0.00   0.00   0.00   0.00   0.00   0.00   0.00   0.00   0.00   0.00
 -110   0.00   0.00   0.00   0.00   0.00   0.00   0.00   0.00   0.00   0.00   0.00   0.00   0.00   0.00   0.00   0.00   0.00   0.00   0.00
 -120   0.00   0.00   0.00   0.00   0.00   0.00   0.00   0.00   0.00   0.00   0.00   0.00   0.00   0.00   0.00   0.00   0.00   0.00   0.00
 -130   0.00   0.00   0.00   0.00   0.00   0.00   0.00   0.00   0.00   0.00   0.00   0.00   0.00   0.00   0.00   0.00   0.00   0.00   0.00
 -140   0.00   0.00   0.00   0.00   0.00   0.00   0.00   0.00   0.00   0.00   0.00   0.00   0.00   0.00   0.00   0.00   0.00   0.00   0.00
 -150   0.00   0.00   0.00   0.00   0.00   0.00   0.00   0.00   0.00   0.00   0.00   0.00   0.00   0.00   0.00   0.00   0.00   0.00   0.00
 -160   0.00   0.00   0.00   0.00   0.00   0.00   0.00   0.00   0.00   0.00   0.00   0.00   0.00   0.00   0.00   0.00   0.00   0.00   0.00
 -170   0.00   0.00   0.00   0.00   0.00   0.00   0.00   0.00   0.00   0.00   0.00   0.00   0.00   0.00   0.00   0.00   0.00   0.00   0.00
 -180   0.00  -1.50  -2.05  -2.46  -1.71  -0.54   0.08   0.00   0.00   0.00   0.00   0.00   2.98   0.00   0.00   0.00   0.00   0.00   0.00
  180   0.33   0.16   0.41   0.00   0.63   0.77   0.68   0.00   0.00   0.00   0.00   0.00   0.00   0.00   0.00   0.00   0.00   0.00   0.00
  170   0.15   0.11   0.39   0.35   0.55   0.62   0.69   0.36   0.00   0.00   0.00   0.00   0.00   0.00   0.00   0.00   0.00   0.00   0.00
  160   0.12   0.01   0.07   0.30   0.34   0.55   0.67   0.40   0.00   0.00   0.00   0.00   0.00   0.00   0.00   0.00   0.00   0.00   0.00
  150   0.10  -0.11  -0.16   0.14   0.35   0.62   0.83   0.57   0.00   0.00   0.00   0.00   0.00   0.00   0.00   0.00   0.00   0.00   0.00
  140   0.08   0.00   0.00   0.10   0.15   0.41   0.53   0.64   0.00   0.00   0.00   0.00   0.00   0.00   0.00   0.00   0.00   0.00   0.00
  130  -0.08  -0.10  -0.09  -0.19   0.08   0.52   0.75   0.91   0.00   0.00   0.00   0.00   0.00   0.00   0.00   0.00   0.00   0.00   0.00
  120   0.01  -0.06   0.05   0.05   0.07   0.44   0.89   1.05   0.00   0.00   0.00   0.00   0.00   0.00   0.00   0.00   0.00   0.00   0.00
  110  -0.12   0.21   0.02  -0.09   0.05   0.48   1.01   1.20   0.00   0.00   0.00   0.00   0.00   0.00   0.00   0.00   0.00   0.00   0.00
  100   0.34   0.10   0.09   0.11   0.03   0.35   0.98   1.36   0.00   0.00   0.00   0.00  -0.30   0.00   0.00   0.00   0.00   0.00   0.00
   90   0.14   0.16   0.18   0.17   0.18   0.46   0.93   1.32   0.00   0.00   0.00   0.00   0.00   0.00   0.00   0.00   0.00   0.00   0.00
   80   0.22   0.30   0.33   0.25   0.31   0.54   0.82   0.00   0.00   0.00   0.00   0.39   0.25   0.00   0.00   0.00   0.00   0.00   0.00
   70   0.25   0.32   0.35   0.40   0.31   0.47   0.69   0.00   0.00   0.00   0.00   0.00   0.00   0.00   0.00   0.00   0.00   0.00   0.00
   60   0.20   0.22   0.40   0.49   0.39   0.70   0.00   0.00   0.00   0.00   0.00   0.50   0.46   0.00   0.00   0.00   0.00   0.00   0.00
   50   0.00   0.22   0.27   0.48   0.52   0.67   0.00   0.00   0.00   0.00   0.00   0.00   0.00   0.00   0.00   0.00   0.00   0.00   0.00
   40   0.00   0.09   0.27   0.51   0.65   0.00   0.00   0.00   0.00   0.00   0.00   0.84   0.59   0.00   0.00   0.00   0.00   0.00   0.00
   30   0.00   0.00   0.34   0.38   0.57   0.00   0.00   0.00   0.00   0.00   0.00   0.00   0.00   0.00   0.00   0.00   0.00   0.00   0.00
   20   0.00   0.00   0.00   0.32   0.55   0.00   0.00   0.00   0.00   0.00   0.00   0.00   0.00   0.00   0.00   0.00   0.00   0.00   0.00
   10   0.00   0.00   0.00   0.00   0.50   0.00   0.00   0.00   0.00   0.00   0.00   0.00   0.00   0.00   0.00   0.00   0.00   0.00   0.00
    0   0.00   0.00   0.00   0.00   0.28   0.48   0.00   0.00   0.00   0.00   0.00   0.00   0.00   0.00   0.00   0.00   0.00   0.00   0.00
  -10   0.00   0.00   0.00   0.00   0.08   0.14   0.00   0.00   0.00   0.00   0.00   0.00   0.00   0.00   0.00   0.00   0.00   0.00   0.00
  -20   0.00   0.00   0.00   0.00  -0.08   0.07  -0.05   0.00   0.00   0.00   0.00   0.00   0.00   0.00   0.00   0.00   0.00   0.00   0.00
  -30   0.00   0.00   0.00   0.00  -0.10   0.01  -0.05  -0.05   0.00   0.00   0.00   0.00   0.00   0.00   0.00   0.00   0.00   0.00   0.00
  -40   0.00   0.00   0.00   0.00  -0.35  -0.09  -0.13  -0.09   0.00   0.00   0.00   0.00   0.00   0.00   0.00   0.00   0.00   0.00   0.00
  -50   0.00   0.00   0.00   0.00  -0.39  -0.19  -0.13  -0.15   0.00   0.00   0.00   0.00   0.00   0.00   0.00   0.00   0.00   0.00   0.00
  -60   0.00   0.00   0.00   0.00  -0.29   0.00  -0.20  -0.12   0.00   0.00   0.00   0.00   0.00   0.00   0.00   0.00   0.00   0.00   0.00
  -70   0.00   0.00   0.00   0.00   0.00   0.00   0.00   0.00   0.00   0.00   0.00   0.00   0.00   0.00   0.00   0.00   0.00   0.00   0.00
  -80   0.00   0.00   0.00   0.00   0.00   0.00   0.00   0.00   0.00   0.00   0.00   0.00   0.00   0.00   0.00   0.00   0.00   0.00   0.00
  -90   0.00   0.00   0.00   0.00   0.00   0.00   0.00   0.00   0.00   0.00   0.00   0.00   0.00   0.00   0.00   0.00   0.00   0.00   0.00
 -100   0.00   0.00   0.00   0.00   0.00   0.00   0.00   0.00   0.00   0.00   0.00   0.00   0.00   0.00   0.00   0.00   0.00   0.00   0.00
 -110   0.00   0.00   0.00   0.00   0.00   0.00   0.00   0.00   0.00   0.00   0.00   0.00   0.00   0.00   0.00   0.00   0.00   0.00   0.00
 -120   0.00   0.00   0.00   0.00   0.00   0.00   0.00   0.00   0.00   0.00   0.00   0.00   0.00   0.00   0.00   0.00   0.00   0.00   0.00
 -130   0.00   0.00   0.00   0.00   0.00   0.00   0.00   0.00   0.00   0.00   0.00   0.00   0.00   0.00   0.00   0.00   0.00   0.00   0.00
 -140   0.00   0.00   0.00   0.00   0.00   0.00   0.00   0.00   0.00   0.00   0.00   0.00   0.00   0.00   0.00   0.00   0.00   0.00   0.00
 -150   0.00   0.00   0.00   0.00   0.00   0.00   0.00   0.00   0.00   0.00   0.00   0.00   0.00   0.00   0.00   0.00   0.00   0.00   0.00
 -160   0.00   0.00   0.00   0.00   0.00   0.00   0.00   0.00   0.00   0.00   0.00   0.00   0.00   0.00   0.00   0.00   0.00   0.00   0.00
 -170   0.00   0.00   0.00   0.00   0.00   0.00   0.00   0.00   0.00   0.00   0.00   0.00   0.00   0.00   0.00   0.00   0.00   0.00   0.00
 -180   0.33   0.16   0.41   0.00   0.63   0.77   0.68   0.00   0.00   0.00   0.00   0.00   0.00   0.00   0.00   0.00   0.00   0.00   0.00
