#-----------------------------------------------------------------------------------------------------------------------------------------
#ps\ph  -180   -160   -140   -120   -100   -80    -60    -40    -20     0      20     40     60     80    100    120    140    160    180
#-----------------------------------------------------------------------------------------------------------------------------------------
  180   1.03   0.28  -0.48  -0.50  -0.07   0.43  -0.18   0.00   0.00   0.00   0.00   0.00  -0.53   0.00   0.00   0.00   0.00   0.00   0.00
  170   1.00   0.23  -0.62  -0.60  -0.26   0.41  -0.03  -2.75   0.00   0.00   0.00   0.00  -0.93   0.00   0.00   0.00   0.00   0.00   0.00
  160   1.00   0.21  -0.68  -0.76  -0.43   0.42   0.22  -1.87   0.00   0.00   0.00   0.00  -1.33   0.00   0.00   0.00   0.00   0.00   0.00
  150   1.00   0.19  -0.70  -0.87  -0.50   0.34   0.52  -1.15   0.00   0.00   0.00   0.00  -1.00   0.00   0.00   0.00   0.00   0.00   0.00
  140   0.94   0.13  -0.72  -0.89  -0.48   0.35   0.79  -0.53   0.00   0.00   0.00   0.00  -1.00   0.00   0.00   0.00   0.00   0.00   0.00
  130   0.80   0.02  -0.73  -0.88  -0.49   0.37   1.02   0.06   0.00   0.00   0.00   0.00  -1.00   0.00   0.00   0.00   0.00   0.00   0.00
  120   0.58  -0.13  -0.74  -0.86  -0.52   0.80   1.24   0.69   0.00   0.00   0.00   0.00  -1.00   0.00   0.00   0.00   0.00   0.00   0.00
  110   0.33  -0.27  -0.75  -0.80  -0.43   0.93   1.50   1.32   0.00   0.00   0.00   0.00  -1.00   0.00   0.00   0.00   0.00   0.00   0.00
  100   0.11  -0.38  -0.78  -0.72  -0.22   1.06   1.64   1.76   0.00   0.00   0.00   0.00  -1.64   0.00   0.00   0.00   0.00   0.00   0.00
   90  -0.02  -0.45  -0.85  -0.63   0.10   1.50   0.00   2.04   0.00   0.00   0.00  -1.00  -1.00   0.00   0.00   0.00   0.00   0.00   0.00
   80  -0.04  -0.49  -0.98  -0.57   0.46   2.21   0.00   1.00   0.00   0.00   0.00  -1.23  -0.50   0.00   0.00   0.00   0.00   0.00   0.00
   70   0.04  -0.49  -1.11  -0.59   0.79   3.14   1.37   0.50   0.00   0.00   0.00  -1.12   0.00   0.00   0.00   0.00   0.00   0.00   0.00
   60   0.17  -0.44  -1.20  -0.64   1.04   3.87   1.00   0.00   0.00   0.00   0.00  -1.02  -0.86   0.00   0.00   0.00   0.00   0.00   0.00
   50   0.29  -0.35  -1.20  -0.73   1.07  -0.39   0.50   0.00   0.00   0.00   0.00  -0.97  -0.77   0.00   0.00   0.00   0.00   0.00   0.00
   40   0.00  -0.27  -1.12  -0.82   0.88   0.00   0.00   0.00   0.00   0.00   0.00  -0.91  -0.68   0.00   0.00   0.00   0.00   0.00   0.00
   30   0.00  -0.29  -1.04  -0.50   0.66   0.00   0.00   0.00   0.00   0.00   0.00   0.00  -0.54   0.00   0.00   0.00   0.00   0.00   0.00
   20   0.00   0.00  -0.50   0.00   0.00   0.00   0.00   0.00   0.00   0.00   0.00   0.00  -0.39   0.00   0.00   0.00   0.00   0.00   0.00
   10   0.00   0.00   0.00   0.00   0.00   0.00   0.00   0.00   0.00   0.00   0.00   0.00   0.00   0.00   0.00   0.00   0.00   0.00   0.00
    0   0.00   0.00   0.00   0.00   0.00   0.00   0.00   0.00   0.00   0.00   0.00   0.00   0.00   0.00   0.00   0.00   0.00   0.00   0.00
  -10   0.00   0.00   0.00   0.00  -1.00   0.00   0.00   0.50   0.00   0.00   0.00   0.00   0.00   0.00   0.00   0.00   0.00   0.00   0.00
  -20   0.00   0.00   0.00  -1.00  -2.00   0.00   0.00   1.00   0.00   0.00   0.00   0.00   0.00   0.00   0.00   0.00   0.00   0.00   0.00
  -30   0.00   0.00   0.00  -1.00  -2.39  -1.00   0.00   1.44   0.00   0.00   0.00   0.00   0.00   0.00   0.00   0.00   0.00   0.00   0.00
  -40   0.00   0.00   0.00  -1.00  -2.48  -1.49   0.67   0.54   0.00   0.00   0.00   0.00   0.00   0.00   0.00   0.00   0.00   0.00   0.00
  -50   0.00   0.00   0.00  -1.00  -2.56   0.00   0.00  -0.25   0.00   0.00   0.00   0.00   0.00   0.00   0.00   0.00   0.00   0.00   0.00
  -60   0.00   0.00   0.00   0.00  -1.00   0.00  -0.49  -0.59   0.00   0.00   0.00   0.00   0.00   0.00   0.00   0.00   0.00   0.00   0.00
  -70   0.00   0.00   0.00   0.00   0.00   0.00   0.00   0.00   0.00   0.00   0.00   0.00   0.00   0.00   0.00   0.00   0.00   0.00   0.00
  -80   0.00   0.00   0.00   0.00   0.00   0.00   0.00   0.00   0.00   0.00   0.00   0.00   0.00   0.00   0.00   0.00   0.00   0.00   0.00
  -90   0.00   0.00   0.00   0.00   0.00   0.00   0.00   0.00   0.00   0.00   0.00   0.00   0.00   0.00   0.00   0.00   0.00   0.00   0.00
 -100   0.00   0.00   0.00   0.00   0.00   0.00   0.00   0.00   0.00   0.00   0.00   0.00   0.00   0.00   0.00   0.00   0.00   0.00   0.00
 -110   0.00   0.00   0.00   0.00   0.00   0.00   0.00   0.00   0.00   0.00   0.00   0.00   0.00   0.00   0.00   0.00   0.00   0.00   0.00
 -120   0.00   0.00   0.00   0.00   0.00   0.00   0.00   0.00   0.00   0.00   0.00   0.00   0.00   0.00   0.00   0.00   0.00   0.00   0.00
 -130   0.00   0.00   0.00   0.00   0.00   0.00   0.00   0.00   0.00   0.00   0.00   0.00   0.00   0.00   0.00   0.00   0.00   0.00   0.00
 -140   0.00   0.00   0.00   0.00   0.00   0.00   0.00   0.00   0.00   0.00   0.00   0.00   0.00   0.00   0.00   0.00   0.00   0.00   0.00
 -150   0.00   0.00   0.00   0.00   0.00   0.00   0.00   0.00   0.00   0.00   0.00   0.00   0.00   0.00   0.00   0.00   0.00   0.00   0.00
 -160   0.00   0.00   0.00   0.00   0.00   0.00   0.00   0.00   0.00   0.00   0.00   0.00   0.00   0.00   0.00   0.00   0.00   0.00   0.00
 -170   0.00   0.00   0.00   0.00   0.00   0.00   0.00   0.00   0.00   0.00   0.00   0.00   0.00   0.00   0.00   0.00   0.00   0.00   0.00
 -180   1.03   0.28  -0.48  -0.50  -0.07   0.43  -0.18   0.00   0.00   0.00   0.00   0.00  -0.53   0.00   0.00   0.00   0.00   0.00   0.00
  180   1.00   2.06   2.58   2.29   1.23  -0.82  -3.61   0.00   0.00   0.00   0.00   0.00  -2.17   0.00   0.00   0.00   0.00   0.00   0.00
  170   1.00   2.43   2.93   2.94   2.17   0.30  -2.38   0.00   0.00   0.00   0.00   0.00  -1.32   0.00   0.00   0.00   0.00   0.00   0.00
  160   1.00   2.79   3.28   3.59   3.11   1.41  -1.15  -5.57   0.00   0.00   0.00   0.00  -0.48   0.00   0.00   0.00   0.00   0.00   0.00
  150   2.00   3.34   3.66   3.91   3.58   2.12   0.07  -3.75   0.00   0.00   0.00   0.00   0.82   0.00   0.00   0.00   0.00   0.00   0.00
  140   2.00   3.89   4.04   4.22   4.05   2.84   1.30  -1.92   0.00   0.00   0.00   0.00   2.13   0.00   0.00   0.00   0.00   0.00   0.00
  130   2.00   3.87   4.04   4.03   3.75   2.58   1.39  -0.82   0.00   0.00   0.00   0.00   0.97   0.00   0.00   0.00   0.00   0.00   0.00
  120   2.00   3.85   4.04   3.84   3.44   2.32   1.48   0.27   0.00   0.00   0.00  -1.00  -0.18   0.00   0.00   0.00   0.00   0.00   0.00
  110   2.00   3.79   3.80   3.54   3.15   1.74   0.59   0.36   0.00   0.00   0.00  -3.00  -1.25   0.00   0.00   0.00   0.00   0.00   0.00
  100   2.00   3.73   3.56   3.24   2.86   1.16  -0.29   0.44   0.00   0.00   0.00  -5.64  -2.33   0.00   0.00   0.00   0.00   0.00   0.00
   90   2.00   3.82   3.73   3.42   2.92   1.31  -1.39  -1.88   0.00   0.00   0.00  -2.81  -1.43   0.00   0.00   0.00   0.00   0.00   0.00
   80   2.00   3.92   3.90   3.60   2.98   1.47  -2.49  -3.20   0.00   0.00   0.00   0.01  -0.52   0.00   0.00   0.00   0.00   0.00   0.00
   70   3.00   4.00   4.14   3.91   3.35   2.43  -1.00  -2.00   0.00   0.00   0.00   0.85   0.80   0.00   0.00   0.00   0.00   0.00   0.00
   60   3.00   4.09   4.38   4.22   3.73   3.39  -0.50  -1.00   0.00   0.00   0.00   1.69   2.12   0.00   0.00   0.00   0.00   0.00   0.00
   50   2.00   3.92   3.00   4.12   3.44   3.00   0.00  -0.50   0.00   0.00   0.00   0.95   2.45   0.00   0.00   0.00   0.00   0.00   0.00
   40   2.00   3.74   2.00   4.01   3.14   2.00   0.00   0.00   0.00   0.00   0.00   0.21   2.79   0.00   0.00   0.00   0.00   0.00   0.00
   30   1.00   3.00   1.00   3.00   2.72   1.00   0.00   0.00   0.00   0.00   0.00   0.00   1.96   0.00   0.00   0.00   0.00   0.00   0.00
   20   1.00   2.00   0.50   2.00   2.31   0.50   0.00   0.00   0.00   0.00   0.00   0.00   1.13   0.00   0.00   0.00   0.00   0.00   0.00
   10   0.50   1.00   0.00   1.00   2.00   0.00   0.00   0.00   0.00   0.00   0.00   0.00   0.00   0.00   0.00   0.00   0.00   0.00   0.00
    0   0.00   0.50   0.00   0.50   1.00   0.00   0.00   0.00   0.00   0.00   0.00   0.00   0.00   0.00   0.00   0.00   0.00   0.00   0.00
  -10   0.00   0.00   0.00   0.00   0.50   0.00   0.00   0.00   0.00   0.00   0.00   0.00   0.00   0.00   0.00   0.00   0.00   0.00   0.00
  -20   0.00   0.00   0.00   0.00   0.00   0.00   0.00   0.00   0.00   0.00   0.00   0.00   0.00   0.00   0.00   0.00   0.00   0.00   0.00
  -30   0.00   0.00   0.00   0.00   1.00   1.00   0.00   0.00   0.00   0.00   0.00   0.00   0.00   0.00   0.00   0.00   0.00   0.00   0.00
  -40   0.00   0.00   0.00   1.00   2.00   1.72   0.84  -0.44   0.00   0.00   0.00   0.00   0.00   0.00   0.00   0.00   0.00   0.00   0.00
  -50   0.00   0.00   0.00   1.00   2.00   1.00   0.00  -0.33   0.00   0.00   0.00   0.00   0.00   0.00   0.00   0.00   0.00   0.00   0.00
  -60   0.00   2.14   0.00   0.00   1.00   0.50  -0.83  -0.23   0.00   0.00   0.00   0.00   0.00   0.00   0.00   0.00   0.00   0.00   0.00
  -70   0.00   0.00   0.00   0.00   0.00   0.00   0.00   0.00   0.00   0.00   0.00   0.00   0.00   0.00   0.00   0.00   0.00   0.00   0.00
  -80   0.00   0.00   0.00   0.00   0.00   0.00   0.00   0.00   0.00   0.00   0.00   0.00   0.00   0.00   0.00   0.00   0.00   0.00   0.00
  -90   0.00   0.00   0.00   0.00   0.00   0.00   0.00   0.00   0.00   0.00   0.00   0.00   0.00   0.00   0.00   0.00   0.00   0.00   0.00
 -100   0.00   0.00   0.00   0.00   0.00   0.00   0.00   0.00   0.00   0.00   0.00   0.00   0.00   0.00   0.00   0.00   0.00   0.00   0.00
 -110   0.00   0.00   0.00   0.00   0.00   0.00   0.00   0.00   0.00   0.00   0.00   0.00   0.00   0.00   0.00   0.00   0.00   0.00   0.00
 -120   0.00   0.00   0.00   0.00   0.00   0.00   0.00   0.00   0.00   0.00   0.00   0.00   0.00   0.00   0.00   0.00   0.00   0.00   0.00
 -130   0.00   0.00   0.00   0.00   0.00   0.00   0.00   0.00   0.00   0.00   0.00   0.00   0.00   0.00   0.00   0.00   0.00   0.00   0.00
 -140   0.00   0.00   0.00   0.00   0.00   0.00   0.00   0.00   0.00   0.00   0.00   0.00   0.00   0.00   0.00   0.00   0.00   0.00   0.00
 -150   0.00   0.00   0.00   0.00   0.00   0.00   0.00   0.00   0.00   0.00   0.00   0.00   0.00   0.00   0.00   0.00   0.00   0.00   0.00
 -160   0.00   0.00   0.00   0.00   0.00   0.00   0.00   0.00   0.00   0.00   0.00   0.00   0.00   0.00   0.00   0.00   0.00   0.00   0.00
 -170   0.00   0.00   0.00   0.00   0.00   0.00   0.00   0.00   0.00   0.00   0.00   0.00   0.00   0.00   0.00   0.00   0.00   0.00   0.00
 -180   0.00   0.00   0.00   0.00   0.00   0.00   0.00   0.00   0.00   0.00   0.00   0.00   0.00   0.00   0.00   0.00   0.00   0.00   0.00
  180   0.29   0.43   0.35   0.73   0.40   0.31   0.24   0.00   0.00   0.00   0.00   0.00   0.01   0.00   0.00   0.00   0.00   0.00   0.00
  170   0.30   0.23   0.53   0.81   0.45   0.66   0.50   0.21   0.00   0.00   0.00   0.00   0.05   0.00   0.00   0.00   0.00   0.00   0.00
  160   0.18   0.38   0.66   0.60   0.61   0.62   0.41   0.23   0.00   0.00   0.00   0.00   0.08   0.00   0.00   0.00   0.00   0.00   0.00
  150   0.21   0.39   0.41   0.39   0.76   0.61   0.53   0.42   0.00   0.00   0.00   0.00   0.00   0.00   0.00   0.00   0.00   0.00   0.00
  140   0.19   0.05   0.51   0.47   0.58   0.68   0.64   0.57   0.00   0.00   0.00   0.00   0.00   0.00   0.00   0.00   0.00   0.00   0.00
  130   0.24   0.16   0.48   0.47   0.76   0.75   0.96   0.65   0.00   0.00   0.00   0.00   0.00   0.00   0.00   0.00   0.00   0.00   0.00
  120   0.06   0.10   0.15   0.64   0.55   0.98   0.94   0.98   0.00   0.00   0.00   0.00   0.00   0.00   0.00   0.00   0.00   0.00   0.00
  110  -0.27   0.26   0.29   0.46   0.73   1.13   0.96   1.09   0.00   0.00   0.00   0.00   0.00   0.00   0.00   0.00   0.00   0.00   0.00
  100  -0.18   0.15   0.44   0.52   1.04   1.28   1.16   1.39   0.00   0.00   0.00   0.00   0.01   0.00   0.00   0.00   0.00   0.00   0.00
   90  -0.12   0.10   0.26   0.69   0.75   1.43   1.00   1.63   0.00   0.00   0.00   0.00   0.10   0.00   0.00   0.00   0.00   0.00   0.00
   80  -0.14   0.01   0.37   0.72   1.02   1.46   1.00   1.00   0.00   0.00   0.00   0.23   0.20   0.00   0.00   0.00   0.00   0.00   0.00
   70  -0.29   0.33   0.46   0.84   1.34   1.89   2.05   0.50   0.00   0.00   0.00   0.37   0.30   0.00   0.00   0.00   0.00   0.00   0.00
   60  -0.03   0.13   0.50   0.82   1.18   1.79   1.00   0.00   0.00   0.00   0.00   0.52   0.44   0.00   0.00   0.00   0.00   0.00   0.00
   50  -0.24  -0.07   0.50   0.85   1.44   0.23   0.50   0.00   0.00   0.00   0.00   0.71   0.50   0.00   0.00   0.00   0.00   0.00   0.00
   40   0.00  -0.19   0.18   0.76   1.60   0.00   0.00   0.00   0.00   0.00   0.00   0.90   0.56   0.00   0.00   0.00   0.00   0.00   0.00
   30   0.00  -0.29   0.10   0.00   1.11   0.00   0.00   0.00   0.00   0.00   0.00   0.00   0.59   0.00   0.00   0.00   0.00   0.00   0.00
   20   0.00   0.00   0.00   0.00   0.50   0.00   0.00   0.00   0.00   0.00   0.00   0.00   0.63   0.00   0.00   0.00   0.00   0.00   0.00
   10   0.00   0.00   0.00   0.00   0.00   0.00   0.00   0.00   0.00   0.00   0.00   0.00   0.00   0.00   0.00   0.00   0.00   0.00   0.00
    0   0.00   0.00   0.00   0.00   0.00   0.00   0.00   0.00   0.00   0.00   0.00   0.00   0.00   0.00   0.00   0.00   0.00   0.00   0.00
  -10   0.00   0.00   0.00   0.00   0.00   0.00   0.00   0.00   0.00   0.00   0.00   0.00   0.00   0.00   0.00   0.00   0.00   0.00   0.00
  -20   0.00   0.00   0.00   0.00   0.00   0.00   0.00   0.00   0.00   0.00   0.00   0.00   0.00   0.00   0.00   0.00   0.00   0.00   0.00
  -30   0.00   0.00   0.00   0.00   0.03   0.13   0.00  -0.01   0.00   0.00   0.00   0.00   0.00   0.00   0.00   0.00   0.00   0.00   0.00
  -40   0.00   0.00   0.00   0.00  -0.09   0.28  -0.08  -0.77   0.00   0.00   0.00   0.00   0.00   0.00   0.00   0.00   0.00   0.00   0.00
  -50   0.00   0.00   0.00   0.00  -0.43   0.00   0.00  -1.03   0.00   0.00   0.00   0.00   0.00   0.00   0.00   0.00   0.00   0.00   0.00
  -60   0.00   0.00   0.00   0.00   0.00   0.00   0.23  -0.94   0.00   0.00   0.00   0.00   0.00   0.00   0.00   0.00   0.00   0.00   0.00
  -70   0.00   0.00   0.00   0.00   0.00   0.00   0.00   0.00   0.00   0.00   0.00   0.00   0.00   0.00   0.00   0.00   0.00   0.00   0.00
  -80   0.00   0.00   0.00   0.00   0.00   0.00   0.00   0.00   0.00   0.00   0.00   0.00   0.00   0.00   0.00   0.00   0.00   0.00   0.00
  -90   0.00   0.00   0.00   0.00   0.00   0.00   0.00   0.00   0.00   0.00   0.00   0.00   0.00   0.00   0.00   0.00   0.00   0.00   0.00
 -100   0.00   0.00   0.00   0.00   0.00   0.00   0.00   0.00   0.00   0.00   0.00   0.00   0.00   0.00   0.00   0.00   0.00   0.00   0.00
 -110   0.00   0.00   0.00   0.00   0.00   0.00   0.00   0.00   0.00   0.00   0.00   0.00   0.00   0.00   0.00   0.00   0.00   0.00   0.00
 -120   0.00   0.00   0.00   0.00   0.00   0.00   0.00   0.00   0.00   0.00   0.00   0.00   0.00   0.00   0.00   0.00   0.00   0.00   0.00
 -130   0.00   0.00   0.00   0.00   0.00   0.00   0.00   0.00   0.00   0.00   0.00   0.00   0.00   0.00   0.00   0.00   0.00   0.00   0.00
 -140   0.00   0.00   0.00   0.00   0.00   0.00   0.00   0.00   0.00   0.00   0.00   0.00   0.00   0.00   0.00   0.00   0.00   0.00   0.00
 -150   0.00   0.00   0.00   0.00   0.00   0.00   0.00   0.00   0.00   0.00   0.00   0.00   0.00   0.00   0.00   0.00   0.00   0.00   0.00
 -160   0.00   0.00   0.00   0.00   0.00   0.00   0.00   0.00   0.00   0.00   0.00   0.00   0.00   0.00   0.00   0.00   0.00   0.00   0.00
 -170   0.00   0.00   0.00   0.00   0.00   0.00   0.00   0.00   0.00   0.00   0.00   0.00   0.00   0.00   0.00   0.00   0.00   0.00   0.00
 -180   0.29   0.43   0.35   0.73   0.40   0.31   0.24   0.00   0.00   0.00   0.00   0.00   0.01   0.00   0.00   0.00   0.00   0.00   0.00
