#-----------------------------------------------------------------------------------------------------------------------------------------
#ps\ph  -180   -160   -140   -120   -100   -80    -60    -40    -20     0      20     40     60     80    100    120    140    160    180
#-----------------------------------------------------------------------------------------------------------------------------------------
  180  -6.00  -5.00  -4.93  -5.11  -5.68  -4.88  -4.95  -4.00   0.00   0.00   0.00   0.00  -3.27  -4.00  -5.00  -5.00  -4.00   0.00   0.00
  170  -6.00  -5.00  -4.59  -5.66  -5.44  -5.62  -5.11  -4.00   0.00   0.00   0.00  -1.00  -3.45  -4.00  -5.00  -5.00  -4.00   0.00   0.00
  160  -4.00  -4.00  -4.24  -6.21  -5.19  -5.36  -5.27  -5.00   0.00   0.00   0.00  -1.00  -3.63  -4.00  -5.00  -5.00  -4.00   0.00   0.00
  150  -3.00  -4.00  -4.98  -6.91  -5.91  -5.06  -5.11  -5.00   0.00   0.00   0.00  -2.00  -3.85  -4.00  -5.00  -5.00  -4.00   0.00   0.00
  140  -2.00  -3.00  -3.73  -6.61  -5.64  -5.75  -5.95  -5.00   0.00   0.00   0.00  -2.00  -4.08  -4.00   0.00   0.00   0.00   0.00   0.00
  130  -2.00  -2.00  -3.52  -5.34  -5.27  -5.41  -5.66  -4.00   0.00   0.00   0.00  -3.00  -4.29  -4.00   0.00   0.00   0.00   0.00   0.00
  120  -0.00  -2.00  -3.31  -4.06  -5.90  -5.08  -5.36  -3.00   0.00   0.00   0.00  -3.00  -4.50  -3.00   0.00   0.00   0.00   0.00   0.00
  110  -0.00  -1.00  -3.05  -4.87  -5.50  -4.72  -4.98  -1.00   0.00   0.00   0.00  -4.00  -4.75  -3.00   0.00   0.00   0.00   0.00   0.00
  100  -0.00  -1.00  -2.79  -4.69  -5.09  -3.36  -3.61   0.00   0.00   0.00   0.00  -6.16  -5.00  -3.00   0.00   0.00   0.00   0.00   0.00
   90  -0.00  -1.00  -2.58  -4.38  -4.83  -2.11  -2.34   0.00   0.00   0.00  -1.00  -6.37  -5.14  -3.00   0.00   0.00   0.00   0.00   0.00
   80  -0.00  -1.00  -2.36  -3.08  -4.56  -1.86  -1.08   0.00   0.00   0.00  -2.00  -6.58  -5.28  -3.00   0.00   0.00   0.00   0.00   0.00
   70  -0.00   0.00  -2.00  -2.19  -3.91   0.00   0.00   0.00   0.00   0.00  -5.00  -6.78  -5.37  -3.00   0.00   0.00   0.00   0.00   0.00
   60  -0.00   0.00  -2.00  -2.29  -3.25   0.00   0.00   0.00   0.00   0.00  -7.45  -6.98  -5.45  -3.00   0.00   0.00   0.00   0.00   0.00
   50  -0.00   0.00  -1.00  -1.52  -3.00   0.00   0.00   0.00   0.00   0.00  -5.00  -7.09  -5.65  -2.00   0.00   0.00   0.00   0.00   0.00
   40  -0.00   0.00  -0.43  -0.75  -2.00   0.00   0.00   0.00   0.00   0.00  -3.00  -7.21  -5.85  -1.00   0.00   0.00   0.00   0.00   0.00
   30  -0.00   0.00  -0.00  -0.00  -1.00   0.00   0.00   0.00   0.00   0.00  -1.00  -5.00  -3.00   0.00   0.00   0.00   0.00   0.00   0.00
   20   0.00   0.00  -0.00   0.00  -0.58   0.00   0.00   0.00   0.00   0.00   0.00  -2.00  -1.00   0.00   0.00   0.00   0.00   0.00   0.00
   10   0.00   0.00   0.00   1.00  -0.75   0.00   0.00   0.00   0.00   0.00   0.00   0.00   0.00   0.00   0.00   0.00   0.00   0.00   0.00
    0   0.00   0.00   0.00   0.00  -0.03   1.00   0.00   0.00   0.00   0.00   0.00   0.00   0.00   0.00   0.00   0.00   0.00   0.00   0.00
  -10   0.00   0.00   0.00   0.00   0.00   2.00   0.00   0.00   0.00   0.00   0.00   0.00   0.00   0.00   0.00   0.00   0.00   0.00   0.00
  -20   0.00   0.00   0.00   0.00   1.00   2.00   0.00   0.00   0.00   0.00   0.00   0.00   0.00   0.00   0.00   0.00   0.00   0.00   0.00
  -30   0.00   0.00   0.00   0.00   1.00   1.00   0.00  -2.00   0.00   0.00   0.00   0.00   0.00   0.00   0.00   0.00   0.00   0.00   0.00
  -40   0.00   0.00   0.00   0.00   0.00   0.26  -1.01  -1.00   0.00   0.00   0.00   0.00   0.00   0.00   0.00   0.00   0.00   0.00   0.00
  -50   0.00   0.00   0.00   0.00   0.00   0.00   0.00  -1.00   0.00   0.00   0.00   0.00   0.00   0.00   0.00   0.00   0.00   0.00   0.00
  -60   0.00   0.00   0.00   0.00   0.00   0.00   1.02  -1.00   0.00   0.00   0.00   0.00   0.00   0.00   0.00   0.00   0.00   0.00   0.00
  -70   0.00   0.00   0.00   0.00   0.00   0.00   0.00   0.00   0.00   0.00   0.00   0.00   0.00   0.00   0.00   0.00   0.00   0.00   0.00
  -80   0.00   0.00   0.00   0.00   0.00   0.00   0.00   0.00   0.00   0.00   0.00   0.00   0.00   0.00   0.00   0.00   0.00   0.00   0.00
  -90   0.00   0.00   0.00   0.00   0.00   0.00   0.00   0.00   0.00   0.00   0.00   0.00   0.00   0.00   0.00   0.00   0.00   0.00   0.00
 -100   0.00   0.00   0.00   0.00   0.00   0.00   0.00   0.00   0.00   0.00   0.00   0.00   0.00   0.00   0.00   0.00   0.00   0.00   0.00
 -110   0.00   0.00   0.00   0.00   0.00   0.00   0.00   0.00   0.00   0.00   0.00   0.00   0.00   0.00   0.00   0.00   0.00   0.00   0.00
 -120   0.00   0.00   0.00   0.00   0.00   0.00   0.00   0.00   0.00   0.00   0.00   0.00   0.00   0.00   0.00   0.00   0.00   0.00   0.00
 -130   0.00   0.00   0.00   0.00   0.00   0.00   0.00   0.00   0.00   0.00   0.00   0.00   0.00   0.00   0.00   0.00   0.00   0.00   0.00
 -140   0.00   0.00   0.00   0.00   0.00   0.00   0.00   0.00   0.00   0.00   0.00   0.00   0.00   0.00   0.00   0.00   0.00   0.00   0.00
 -150   0.00   0.00   0.00  -1.00  -1.00   0.00   0.00   0.00   0.00   0.00   0.00   0.00   0.00   0.00   0.00   0.00   0.00   0.00   0.00
 -160   0.00  -1.00  -1.00  -3.00  -3.00  -1.00   0.00   0.00   0.00   0.00   0.00   0.00  -1.00   0.00   0.00   0.00   0.00   0.00   0.00
 -170  -1.00  -2.00  -2.00  -4.00  -4.00  -2.00  -1.00   0.00   0.00   0.00   0.00   0.00  -2.00   0.00   0.00   0.00   0.00   0.00   0.00
 -180  -2.00  -3.00  -4.93  -5.11  -6.68  -3.88  -2.95  -1.00   0.00   0.00   0.00   0.00  -3.27  -4.00  -5.00  -5.00  -4.00   0.00   0.00
  180   0.00  -4.69  -3.26  -1.23  -0.65  -2.57  -6.79   0.00   0.00   0.00   0.00   0.00 -13.60   0.00   0.00   0.00   0.00   0.00   0.00
  170   0.00  -4.86  -3.78  -1.32   0.19  -0.81  -4.48   0.00   0.00   0.00   0.00   0.00 -13.74   0.00   0.00   0.00   0.00   0.00   0.00
  160   0.00  -5.03  -4.31  -1.41   1.03   0.94  -2.16  -8.61   0.00   0.00   0.00   0.00 -13.88   0.00   0.00   0.00   0.00   0.00   0.00
  150   0.00  -5.02  -4.34  -1.40   1.35   1.91  -0.37  -6.12   0.00   0.00   0.00   0.00 -14.47   0.00   0.00   0.00   0.00   0.00   0.00
  140   0.00  -5.01  -4.38  -1.39   1.67   2.88   1.42  -3.64   0.00   0.00   0.00   0.00 -15.06   0.00   0.00   0.00   0.00   0.00   0.00
  130   0.00  -5.16  -4.17  -1.12   1.73   2.84   1.68  -2.34   0.00   0.00   0.00   0.00 -15.55   0.00   0.00   0.00   0.00   0.00   0.00
  120   0.00  -5.32  -3.96  -0.86   1.78   2.80   1.94  -1.05   0.00   0.00   0.00   0.00 -16.05   0.00   0.00   0.00   0.00   0.00   0.00
  110   0.00  -5.55  -3.66  -0.43   2.02   2.41   1.09  -1.48   0.00   0.00   0.00   0.00 -15.55   0.00   0.00   0.00   0.00   0.00   0.00
  100   0.00  -5.79  -3.36  -0.01   2.27   2.02   0.23  -1.90   0.00   0.00   0.00 -15.33 -15.05   0.00   0.00   0.00   0.00   0.00   0.00
   90   0.00  -5.64  -2.87   0.63   3.00   2.53  -0.21  -2.96   0.00   0.00   0.00 -13.12 -13.93   0.00   0.00   0.00   0.00   0.00   0.00
   80   0.00  -5.49  -2.39   1.26   3.72   3.04  -0.64  -4.01   0.00   0.00   0.00 -10.92 -12.81   0.00   0.00   0.00   0.00   0.00   0.00
   70   0.00  -4.90  -1.67   2.11   4.87   5.19   0.00   0.00   0.00   0.00   0.00  -9.55 -11.62   0.00   0.00   0.00   0.00   0.00   0.00
   60   0.00  -4.32  -0.95   2.96   6.02   7.33   0.00   0.00   0.00   0.00   0.00  -8.18 -10.44   0.00   0.00   0.00   0.00   0.00   0.00
   50   0.00  -3.89   0.00   3.32   6.55   0.00   0.00   0.00   0.00   0.00   0.00  -7.92  -9.84   0.00   0.00   0.00   0.00   0.00   0.00
   40   0.00  -3.46   0.00   3.69   7.09   0.00   0.00   0.00   0.00   0.00   0.00  -7.66  -9.25   0.00   0.00   0.00   0.00   0.00   0.00
   30   0.00   0.00   0.00   0.00   6.14   0.00   0.00   0.00   0.00   0.00   0.00   0.00  -8.69   0.00   0.00   0.00   0.00   0.00   0.00
   20   0.00   0.00   0.00   0.00   5.20   0.00   0.00   0.00   0.00   0.00   0.00   0.00  -8.13   0.00   0.00   0.00   0.00   0.00   0.00
   10   0.00   0.00   0.00   0.00   0.00   0.00   0.00   0.00   0.00   0.00   0.00   0.00   0.00   0.00   0.00   0.00   0.00   0.00   0.00
    0   0.00   0.00   0.00   0.00   0.00   0.00   0.00   0.00   0.00   0.00   0.00   0.00   0.00   0.00   0.00   0.00   0.00   0.00   0.00
  -10   0.00   0.00   0.00   0.00   0.00   0.00   0.00   0.00   0.00   0.00   0.00   0.00   0.00   0.00   0.00   0.00   0.00   0.00   0.00
  -20   0.00   0.00   0.00   0.00   0.00   0.00   0.00   0.00   0.00   0.00   0.00   0.00   0.00   0.00   0.00   0.00   0.00   0.00   0.00
  -30   0.00   0.00   0.00   0.00   0.00   0.00   0.00   0.00   0.00   0.00   0.00   0.00   0.00   0.00   0.00   0.00   0.00   0.00   0.00
  -40   0.00   0.00   0.00   0.00   0.00   0.86   1.16   0.32   0.00   0.00   0.00   0.00   0.00   0.00   0.00   0.00   0.00   0.00   0.00
  -50   0.00   0.00   0.00   0.00   0.00   0.00   0.00  -0.93   0.00   0.00   0.00   0.00   0.00   0.00   0.00   0.00   0.00   0.00   0.00
  -60   0.00  -7.11   0.00   0.00   0.00   0.00  -1.16  -2.17   0.00   0.00   0.00   0.00   0.00   0.00   0.00   0.00   0.00   0.00   0.00
  -70   0.00   0.00   0.00   0.00   0.00   0.00   0.00   0.00   0.00   0.00   0.00   0.00   0.00   0.00   0.00   0.00   0.00   0.00   0.00
  -80   0.00   0.00   0.00   0.00   0.00   0.00   0.00   0.00   0.00   0.00   0.00   0.00   0.00   0.00   0.00   0.00   0.00   0.00   0.00
  -90   0.00   0.00   0.00   0.00   0.00   0.00   0.00   0.00   0.00   0.00   0.00   0.00   0.00   0.00   0.00   0.00   0.00   0.00   0.00
 -100   0.00   0.00   0.00   0.00   0.00   0.00   0.00   0.00   0.00   0.00   0.00   0.00   0.00   0.00   0.00   0.00   0.00   0.00   0.00
 -110   0.00   0.00   0.00   0.00   0.00   0.00   0.00   0.00   0.00   0.00   0.00   0.00   0.00   0.00   0.00   0.00   0.00   0.00   0.00
 -120   0.00   0.00   0.00   0.00   0.00   0.00   0.00   0.00   0.00   0.00   0.00   0.00   0.00   0.00   0.00   0.00   0.00   0.00   0.00
 -130   0.00   0.00   0.00   0.00   0.00   0.00   0.00   0.00   0.00   0.00   0.00   0.00   0.00   0.00   0.00   0.00   0.00   0.00   0.00
 -140   0.00   0.00   0.00   0.00   0.00   0.00   0.00   0.00   0.00   0.00   0.00   0.00   0.00   0.00   0.00   0.00   0.00   0.00   0.00
 -150   0.00   0.00   0.00   0.00   0.00   0.00   0.00   0.00   0.00   0.00   0.00   0.00   0.00   0.00   0.00   0.00   0.00   0.00   0.00
 -160   0.00   0.00   0.00   0.00   0.00   0.00   0.00   0.00   0.00   0.00   0.00   0.00   0.00   0.00   0.00   0.00   0.00   0.00   0.00
 -170   0.00   0.00   0.00   0.00   0.00   0.00   0.00   0.00   0.00   0.00   0.00   0.00   0.00   0.00   0.00   0.00   0.00   0.00   0.00
 -180   0.00   0.00   0.00   0.00   0.00   0.00   0.00   0.00   0.00   0.00   0.00   0.00   0.00   0.00   0.00   0.00   0.00   0.00   0.00
  180   2.00   2.00   2.10   1.27   0.10  -1.79  -3.69  -2.00   0.00   0.00   0.00   0.00  -1.36   0.00   0.00   0.00   0.00   0.00   0.00
  170   2.00   2.00   2.62   1.77   0.64  -1.06  -2.80  -1.00   0.00   0.00   0.00  -1.00  -1.42   0.00   0.00   0.00   0.00   0.00   0.00
  160   2.00   2.00   3.15   2.27   1.17  -0.32  -1.91  -1.00   0.00   0.00   0.00  -1.00  -1.47   0.00   0.00   0.00   0.00   0.00   0.00
  150   2.00   3.00   4.65   3.88   3.08   1.91   0.53   0.00   0.00   0.00   0.00   0.00   0.17   0.00   0.00   0.00   0.00   0.00   0.00
  140   3.00   5.00   6.15   5.49   4.98   4.15   2.97   1.00   0.00   0.00   0.00   1.00   1.81   0.00   0.00   0.00   0.00   0.00   0.00
  130   5.00   7.00   7.30   6.71   6.67   6.80   6.80   3.00   0.00   0.00   0.00   2.00   3.17   0.00   0.00   0.00   0.00   0.00   0.00
  120   7.00   8.00   8.44   7.94   8.37   7.45  10.64   5.00   0.00   0.00   1.00   3.00   4.53   0.00   0.00   0.00   0.00   0.00   0.00
  110   8.00   8.00   8.42   7.77   8.63   9.24  15.17   9.00   0.00   0.00   3.00   4.00   4.33   0.00   0.00   0.00   0.00   0.00   0.00
  100   7.00   8.00   8.41   7.61   8.89  10.03  19.71  12.00   0.00   0.00   2.00   5.08   4.14   0.00   0.00   0.00   0.00   0.00   0.00
   90   5.00   7.00   7.02   6.49   7.77   9.80  12.70  11.00   0.00   0.00   1.00   3.59   3.07   0.00   0.00   0.00   0.00   0.00   0.00
   80   4.00   5.00   5.63   5.37   6.64   7.57  11.70   9.00   0.00   0.00   0.00   2.10   2.00   0.00   0.00   0.00   0.00   0.00   0.00
   70   3.00   4.00   4.00   4.17   5.42   6.00  10.00   7.00   0.00   0.00   1.00  -0.30   0.46   0.00   0.00   0.00   0.00   0.00   0.00
   60   2.00   3.00   3.00   2.98   4.21   5.00   8.00   5.00   0.00   0.00   3.14  -2.70  -1.08   0.00   0.00   0.00   0.00   0.00   0.00
   50   1.00   2.00   3.00   2.58   3.00   3.00   6.00   3.00   0.00   0.00   1.00  -1.79  -1.90   0.00   0.00   0.00   0.00   0.00   0.00
   40   0.00   1.00   2.61   2.18   2.00   1.00   4.00   2.00   0.00   0.00   0.00  -0.87  -2.72   0.00   0.00   0.00   0.00   0.00   0.00
   30   0.00   0.00   1.00   1.00   1.00   0.00   2.00   1.00   0.00   0.00   0.00   0.00   0.00   0.00   0.00   0.00   0.00   0.00   0.00
   20   0.00   0.00   0.00   0.00   4.03   0.00   1.00   0.00   0.00   0.00   0.00   0.00   0.00   0.00   0.00   0.00   0.00   0.00   0.00
   10   0.00   0.00   0.00   0.00   4.37   0.00   0.00   0.00   0.00   0.00   0.00   0.00   0.00   0.00   0.00   0.00   0.00   0.00   0.00
    0   0.00   0.00   0.00   0.00   4.71   0.00   0.00   0.00   0.00   0.00   0.00   0.00   0.00   0.00   0.00   0.00   0.00   0.00   0.00
  -10   0.00   0.00   0.00   0.00   0.00   0.00   0.00   0.00   0.00   0.00   0.00   0.00   0.00   0.00   0.00   0.00   0.00   0.00   0.00
  -20   0.00   0.00   0.00   0.00   0.00   0.00   0.00   0.00   0.00   0.00   0.00   0.00   0.00   0.00   0.00   0.00   0.00   0.00   0.00
  -30   0.00   0.00   0.00   0.00   0.00   0.00   0.00   0.00   0.00   0.00   0.00   0.00   0.00   0.00   0.00   0.00   0.00   0.00   0.00
  -40   0.00   0.00   0.00   0.00   0.00   0.15   1.37   0.00   0.00   0.00   0.00   0.00   0.00   0.00   0.00   0.00   0.00   0.00   0.00
  -50   0.00   0.00   0.00   0.00  -1.00  -1.00   0.00   0.00   0.00   0.00   0.00   0.00   0.00   0.00   0.00   0.00   0.00   0.00   0.00
  -60   0.00   0.00   0.00   0.00  -1.00  -1.00  -1.37   0.00   0.00   0.00   0.00   0.00   0.00   0.00   0.00   0.00   0.00   0.00   0.00
  -70   0.00   0.00   0.00   0.00   0.00   0.00   0.00   0.00   0.00   0.00   0.00   0.00   0.00   0.00   0.00   0.00   0.00   0.00   0.00
  -80   0.00   0.00   0.00   0.00   0.00   0.00   0.00   0.00   0.00   0.00   0.00   0.00   0.00   0.00   0.00   0.00   0.00   0.00   0.00
  -90   0.00   0.00   0.00   0.00   0.00   0.00   0.00   0.00   0.00   0.00   0.00   0.00   0.00   0.00   0.00   0.00   0.00   0.00   0.00
 -100   0.00   0.00   0.00   0.00   0.00   0.00   0.00   0.00   0.00   0.00   0.00   0.00   0.00   0.00   0.00   0.00   0.00   0.00   0.00
 -110   0.00   0.00   0.00   0.00   0.00   0.00   0.00   0.00   0.00   0.00   0.00   0.00   0.00   0.00   0.00   0.00   0.00   0.00   0.00
 -120   0.00   0.00   0.00   0.00   0.00   0.00   0.00   0.00   0.00   0.00   0.00   0.00   0.00   0.00   0.00   0.00   0.00   0.00   0.00
 -130   0.00   0.00   0.00   0.00   0.00   0.00   0.00   0.00   0.00   0.00   0.00   0.00   0.00   0.00   0.00   0.00   0.00   0.00   0.00
 -140   0.00   0.00   0.00   0.00   0.00   0.00   0.00   0.00   0.00   0.00   0.00   0.00   0.00   0.00   0.00   0.00   0.00   0.00   0.00
 -150   0.00   0.00   0.00   0.00   0.00   0.00   0.00   0.00   0.00   0.00   0.00   0.00   0.00   0.00   0.00   0.00   0.00   0.00   0.00
 -160   0.00   0.00   0.00   0.00   0.00   0.00   0.00   0.00   0.00   0.00   0.00   0.00   0.00   0.00   0.00   0.00   0.00   0.00   0.00
 -170   0.00   0.00   0.00   0.00   0.00   0.00  -2.00  -1.00   0.00   0.00   0.00   0.00   0.00   0.00   0.00   0.00   0.00   0.00   0.00
 -180   2.00   2.00   2.10   1.27   0.10  -1.79  -3.69  -2.00   0.00   0.00   0.00   0.00  -1.36   0.00   0.00   0.00   0.00   0.00   0.00
