#-----------------------------------------------------------------------------------------------------------------------------------------
#ps\ph  -180   -160   -140   -120   -100   -80    -60    -40    -20     0      20     40     60     80    100    120    140    160    180
#-----------------------------------------------------------------------------------------------------------------------------------------
  180     0.01   0.03  -0.08  -0.07   0.07   0.21   0.30   0.00   0.00   0.00   0.00   0.00  -0.05   0.00   0.00   0.00   0.00   0.00   0.00
  170     0.00  -0.02  -0.10  -0.11   0.01   0.09   0.27   0.03   0.00   0.00   0.00   0.00  -0.07   0.00   0.00   0.00   0.00   0.00   0.00
  160    -0.02  -0.02  -0.10  -0.10  -0.02   0.01   0.17   0.04   0.00   0.00   0.00   0.00  -0.10   0.00   0.00   0.00   0.00   0.00   0.00
  150    -0.04  -0.06  -0.11  -0.13  -0.04  -0.07   0.07   0.01   0.00   0.00   0.00   0.00   0.00   0.00   0.00   0.00   0.00   0.00   0.00
  140    -0.07  -0.07  -0.14  -0.16  -0.06  -0.06   0.00  -0.03   0.00   0.00   0.00   0.00   0.00   0.00   0.00   0.00   0.00   0.00   0.00
  130    -0.06  -0.07  -0.16  -0.17  -0.08  -0.03  -0.03  -0.08   0.00   0.00   0.00   0.00   0.00   0.00   0.00   0.00   0.00   0.00   0.00
  120    -0.04  -0.04  -0.18  -0.16  -0.11  -0.02  -0.03  -0.10   0.00   0.00   0.00   0.00   0.00   0.00   0.00   0.00   0.00   0.00   0.00
  110    -0.02  -0.01  -0.17  -0.15  -0.10  -0.02  -0.03  -0.12   0.00   0.00   0.00   0.00   0.00   0.00   0.00   0.00   0.00   0.00   0.00
  100     0.00   0.00  -0.15  -0.15  -0.05  -0.03  -0.03  -0.15   0.00   0.00   0.00   0.00  -0.05   0.00   0.00   0.00   0.00   0.00   0.00
   90     0.01  -0.01  -0.12  -0.14  -0.02  -0.03  -0.07  -0.23   0.00   0.00   0.00   0.00   0.00   0.00   0.00   0.00   0.00   0.00   0.00
   80     0.04   0.01  -0.10  -0.12   0.00   0.00  -0.12   0.00   0.00   0.00   0.00   0.04   0.01   0.00   0.00   0.00   0.00   0.00   0.00
   70     0.08   0.05  -0.07  -0.08   0.01   0.00  -0.12   0.00   0.00   0.00   0.00   0.00   0.00   0.00   0.00   0.00   0.00   0.00   0.00
   60     0.12   0.09  -0.03  -0.04   0.02  -0.03   0.00   0.00   0.00   0.00   0.00   0.02   0.07   0.00   0.00   0.00   0.00   0.00   0.00
   50    -0.04   0.12   0.03   0.00   0.04  -0.17   0.00   0.00   0.00   0.00   0.00  -0.10   0.09   0.00   0.00   0.00   0.00   0.00   0.00
   40     0.00   0.13   0.05   0.02   0.08   0.00   0.00   0.00   0.00   0.00   0.00  -0.08   0.08   0.00   0.00   0.00   0.00   0.00   0.00
   30     0.00  -0.07   0.02   0.21   0.18   0.00   0.00   0.00   0.00   0.00   0.00   0.00  -0.01   0.00   0.00   0.00   0.00   0.00   0.00
   20     0.00   0.00   0.00   0.14   0.41   0.00   0.00   0.00   0.00   0.00   0.00   0.00  -0.09   0.00   0.00   0.00   0.00   0.00   0.00
   10     0.00   0.00   0.00   0.00   0.33   0.00   0.00   0.00   0.00   0.00   0.00   0.00   0.00   0.00   0.00   0.00   0.00   0.00   0.00
    0     0.00   0.00   0.00   0.00   0.10   0.95   0.00   0.00   0.00   0.00   0.00   0.00   0.00   0.00   0.00   0.00   0.00   0.00   0.00
  -10     0.00   0.00   0.00   0.00  -0.12   0.62   0.00   0.00   0.00   0.00   0.00   0.00   0.00   0.00   0.00   0.00   0.00   0.00   0.00
  -20     0.00   0.00   0.00   0.00  -0.17   0.17   1.23   0.00   0.00   0.00   0.00   0.00   0.00   0.00   0.00   0.00   0.00   0.00   0.00
  -30     0.00   0.00   0.00   0.00  -0.16  -0.12   0.64   0.83   0.00   0.00   0.00   0.00   0.00   0.00   0.00   0.00   0.00   0.00   0.00
  -40     0.00   0.00   0.00   0.00  -0.12  -0.16   0.11   0.59   0.00   0.00   0.00   0.00   0.00   0.00   0.00   0.00   0.00   0.00   0.00
  -50     0.00   0.00   0.00   0.00  -0.10  -0.13  -0.07   0.14   0.00   0.00   0.00   0.00   0.00   0.00   0.00   0.00   0.00   0.00   0.00
  -60     0.00   0.00   0.00   0.00  -0.03   0.00  -0.10  -0.10   0.00   0.00   0.00   0.00   0.00   0.00   0.00   0.00   0.00   0.00   0.00
  -70     0.00   0.00   0.00   0.00   0.00   0.00   0.00   0.00   0.00   0.00   0.00   0.00   0.00   0.00   0.00   0.00   0.00   0.00   0.00
  -80     0.00   0.00   0.00   0.00   0.00   0.00   0.00   0.00   0.00   0.00   0.00   0.00   0.00   0.00   0.00   0.00   0.00   0.00   0.00
  -90     0.00   0.00   0.00   0.00   0.00   0.00   0.00   0.00   0.00   0.00   0.00   0.00   0.00   0.00   0.00   0.00   0.00   0.00   0.00
 -100     0.00   0.00   0.00   0.00   0.00   0.00   0.00   0.00   0.00   0.00   0.00   0.00   0.00   0.00   0.00   0.00   0.00   0.00   0.00
 -110     0.00   0.00   0.00   0.00   0.00   0.00   0.00   0.00   0.00   0.00   0.00   0.00   0.00   0.00   0.00   0.00   0.00   0.00   0.00
 -120     0.00   0.00   0.00   0.00   0.00   0.00   0.00   0.00   0.00   0.00   0.00   0.00   0.00   0.00   0.00   0.00   0.00   0.00   0.00
 -130     0.00   0.00   0.00   0.00   0.00   0.00   0.00   0.00   0.00   0.00   0.00   0.00   0.00   0.00   0.00   0.00   0.00   0.00   0.00
 -140     0.00   0.00   0.00   0.00   0.00   0.00   0.00   0.00   0.00   0.00   0.00   0.00   0.00   0.00   0.00   0.00   0.00   0.00   0.00
 -150     0.00   0.00   0.00   0.00   0.00   0.00   0.00   0.00   0.00   0.00   0.00   0.00   0.00   0.00   0.00   0.00   0.00   0.00   0.00
 -160     0.00   0.00   0.00   0.00   0.00   0.00   0.00   0.00   0.00   0.00   0.00   0.00   0.00   0.00   0.00   0.00   0.00   0.00   0.00
 -170     0.00   0.00   0.00   0.00   0.00   0.00   0.00   0.00   0.00   0.00   0.00   0.00   0.00   0.00   0.00   0.00   0.00   0.00   0.00
 -180     0.01   0.03  -0.08  -0.07   0.07   0.21   0.30   0.00   0.00   0.00   0.00   0.00  -0.05   0.00   0.00   0.00   0.00   0.00   0.00
  180     1.50   2.88   1.72   0.37  -0.44  -1.04  -1.01  -0.50   0.00   0.00   0.00  -0.50  -4.44   0.00   0.00   0.00   0.00   0.00   0.00
  170     1.50   2.75   1.54   0.17  -0.62  -1.25  -1.24  -0.50   0.00   0.00   0.00  -1.50  -4.79   0.00   0.00   0.00   0.00   0.00   0.00
  160     1.50   2.62   1.38  -0.03  -0.81  -1.46  -1.48  -0.76   0.00   0.00   0.00  -1.50  -5.14   0.00   0.00   0.00   0.00   0.00   0.00
  150     1.50   2.54   1.25  -0.16  -0.93  -1.52  -1.56  -0.85   0.00   0.00   0.00  -1.50  -5.27   1.00   0.00   0.00   0.00   0.00   0.00
  140     1.50   2.45   1.13  -0.31  -1.07  -1.58  -1.63  -0.95   0.00   0.00   0.00  -1.50  -5.39   1.00   0.00   0.00   0.00   0.00   0.00
  130     1.50   2.32   1.01  -0.41  -1.14  -1.60  -1.58  -0.92   0.00   0.00   0.00  -1.50  -5.33   1.00   0.00   0.00   0.00   0.00   0.00
  120     1.00   2.20   0.89  -0.53  -1.22  -1.62  -1.53  -0.88   0.00   0.00   0.00  -1.50  -5.26  -1.00   0.00   0.00   0.00   0.00   0.00
  110     1.00   2.05   0.76  -0.62  -1.29  -1.67  -1.56  -0.90   0.00   0.00   0.00  -1.50  -5.29  -1.00   0.00   0.00   0.00   0.00   0.00
  100     1.00   1.92   0.64  -0.72  -1.35  -1.71  -1.59  -0.92   0.00   0.00   0.00  -1.54  -5.32  -1.00   0.00   0.00   0.00   0.00   0.00
   90     0.50   1.84  -0.59  -0.74  -1.36  -1.73  -1.67  -0.53   0.00   0.00   0.00  -1.57  -5.37  -1.00   0.00   0.00   0.00   0.00   0.00
   80     0.50   1.76  -0.55  -0.76  -1.38  -1.75  -1.74  -0.60   0.00   0.00   0.00  -1.59  -5.41  -1.00   0.00   0.00   0.00   0.00   0.00
   70     0.50   1.84  -0.64  -0.67  -1.27  -1.66  -0.50   0.00   0.00   0.00   0.00  -1.59  -5.32  -1.00   0.00   0.00   0.00   0.00   0.00
   60     1.00   1.94  -0.62  -0.56  -1.17  -1.56  -0.50   0.00   0.00   0.00   0.00  -1.58  -5.22  -0.50   0.00   0.00   0.00   0.00   0.00
   50     1.00   1.02  -0.53  -0.46  -1.07  -1.42   0.00   0.00   0.00   0.00   0.00  -1.59  -5.13  -0.50   0.00   0.00   0.00   0.00   0.00
   40     0.00   0.69  -0.48  -0.34  -0.98  -1.13   0.00   0.00   0.00   0.00   0.00  -1.60  -5.04  -0.50   0.00   0.00   0.00   0.00   0.00
   30     0.00   0.30  -0.30  -0.53  -0.84  -0.50   0.00   0.00   0.00   0.00   0.00  -1.00  -4.96  -0.50   0.00   0.00   0.00   0.00   0.00
   20     0.00   0.00  -0.20  -0.43  -0.69  -0.50   0.00   0.00   0.00   0.00   0.00  -0.50  -4.88  -0.50   0.00   0.00   0.00   0.00   0.00
   10     0.00   0.00   0.00   0.00  -0.50   0.00   0.00   0.00   0.00   0.00   0.00  -0.50  -3.50  -0.50   0.00   0.00   0.00   0.00   0.00
    0     0.00   0.00   0.00   0.00   0.00   0.00   0.00   0.00   0.00   0.00   0.00   0.00  -2.50   0.00   0.00   0.00   0.00   0.00   0.00
  -10     0.00   0.00   0.00   1.00   1.00  -0.50  -0.50   0.00   0.00   0.00   0.00   0.00  -1.50   0.00   0.00   0.00   0.00   0.00   0.00
  -20     0.00   0.00   0.00   1.00   2.00  -1.12  -1.20   0.00   0.00   0.00   0.00   0.00  -0.50   0.00   0.00   0.00   0.00   0.00   0.00
  -30     0.00   0.00   0.00   0.50   1.00  -1.17  -1.22  -0.50   0.00   0.00   0.00   0.00   0.00   0.00   0.00   0.00   0.00   0.00   0.00
  -40     0.00   0.00   0.00   0.00  -0.41  -1.35  -1.38  -0.81   0.00   0.00   0.00   0.00   0.00   0.00   0.00   0.00   0.00   0.00   0.00
  -50     0.00   0.50   0.00   0.00  -0.82  -1.11  -1.11  -0.52   0.00   0.00   0.00   0.00   0.00   0.00   0.00   0.00   0.00   0.00   0.00
  -60     0.50   4.14   0.43  -0.34  -0.74  -1.01  -0.85  -0.23   0.00   0.00   0.00   0.00   0.00   0.00   0.00   0.00   0.00   0.00   0.00
  -70     0.00   0.50   0.00   0.00  -0.50  -0.50  -0.50  -0.50   0.00   0.00   0.00   0.00   0.00   0.00   0.00   0.00   0.00   0.00   0.00
  -80     0.00   0.00   0.00   0.00   0.00   0.00   0.00   0.00   0.00   0.00   0.00   0.00   0.00   0.00   0.00   0.00   0.00   0.00   0.00
  -90     0.00   0.00   0.00   0.00   0.00   0.00   0.00   0.00   0.00   0.00   0.00   0.00   0.00   0.00   0.00   0.00   0.00   0.00   0.00
 -100     0.00   0.00   0.00   0.00   0.00   0.00   0.00   0.00   0.00   0.00   0.00   0.00   0.00   0.00   0.00   0.00   0.00   0.00   0.00
 -110     0.00   0.00   0.00   0.00   0.00   0.00   0.00   0.00   0.00   0.00   0.00   0.00   0.00   0.00   0.00   0.00   0.00   0.00   0.00
 -120     0.00   0.00   0.00   0.00   0.00   0.00   0.00   0.00   0.00   0.00   0.00   0.00   0.00   0.00   0.00   0.00   0.00   0.00   0.00
 -130     0.00   0.00   0.00   0.00   0.00   0.00   0.00   0.00   0.00   0.00   0.00   0.00   0.00   0.00   0.00   0.00   0.00   0.00   0.00
 -140     0.00   0.00   0.00   0.00   0.00   0.00   0.00   0.00   0.00   0.00   0.00   0.00   0.00   0.00   0.00   0.00   0.00   0.00   0.00
 -150     0.00   0.00   0.00   0.00   0.00   0.00   0.00   0.00   0.00   0.00   0.00   0.00   0.00   0.00   0.00   0.00   0.00   0.00   0.00
 -160     0.00   0.00   0.00   0.00   0.00   0.00   0.00   0.00   0.00   0.00   0.00   0.00   0.00   0.00   0.00   0.00   0.00   0.00   0.00
 -170     0.00   0.00   0.00   0.00   0.00   0.00   0.00   0.00   0.00   0.00   0.00   0.00   0.00   0.00   0.00   0.00   0.00   0.00   0.00
 -180     1.50   3.88   1.72   0.37  -0.44  -1.04  -1.01  -0.50   0.00   0.00   0.00  -0.50  -4.44   0.00   0.00   0.00   0.00   0.00   0.00
  180     0.58   0.60   0.62   0.67   0.62   0.59   0.61   0.00   0.00   0.00   0.00   0.50   0.67   0.00   0.00   0.00   0.00   0.00   0.00
  170     0.64   0.59   0.66   0.67   0.59   0.61   0.54   0.76   0.00   0.00   0.00   0.50   0.69   0.00   0.00   0.00   0.00   0.00   0.00
  160     0.56   0.65   0.61   0.60   0.57   0.54   0.52   0.56   0.00   0.00   0.00   0.00   0.71   0.00   0.00   0.00   0.00   0.00   0.00
  150     0.59   0.57   0.55   0.53   0.51   0.54   0.48   0.47   0.00   0.00   0.00   0.00   0.50   0.00   0.00   0.00   0.00   0.00   0.00
  140     0.57   0.55   0.60   0.51   0.55   0.47   0.39   0.25   0.00   0.00   0.00   0.00   0.00   0.00   0.00   0.00   0.00   0.00   0.00
  130     0.56   0.59   0.50   0.53   0.52   0.51   0.35   0.08   0.00   0.00   0.00   0.00   0.00   0.00   0.00   0.00   0.00   0.00   0.00
  120     0.56   0.49   0.50   0.50   0.52   0.46   0.41  -0.06   0.00   0.00   0.00   0.00   0.00   0.00   0.00   0.00   0.00   0.00   0.00
  110     0.55   0.51   0.49   0.42   0.47   0.49   0.45  -0.04   0.00   0.00   0.00   0.00   0.00   0.00   0.00   0.00   0.00   0.00   0.00
  100     0.59   0.54   0.42   0.42   0.40   0.49   0.55   0.03   0.00   0.00   0.00   0.00   0.68   0.00   0.00   0.00   0.00   0.00   0.00
   90     0.65   0.57   0.37   0.32   0.47   0.51   0.43   0.14   0.00   0.00   0.00   0.50   0.00   0.00   0.00   0.00   0.00   0.00   0.00
   80     0.67   0.56   0.48   0.35   0.39   0.46   0.47   0.50   0.00   0.00   0.00   0.69   0.46   0.00   0.00   0.00   0.00   0.00   0.00
   70     0.72   0.63   0.53   0.41   0.33   0.39   0.42   0.25   0.00   0.00   0.00   0.70   0.50   0.50   0.00   0.00   0.00   0.00   0.00
   60     0.77   0.70   0.66   0.39   0.26   0.23   0.00   0.00   0.00   0.00   0.00   0.56   0.62   0.50   0.00   0.00   0.00   0.00   0.00
   50     0.61   0.85   0.82   0.66   0.23   0.92   0.00   0.00   0.00   0.00   0.00   0.70   0.67   0.50   0.00   0.00   0.00   0.00   0.00
   40     0.50   0.88   0.80   0.97   0.66   0.50   0.00   0.00   0.00   0.00   0.00   0.45   0.56   0.50   0.00   0.00   0.00   0.00   0.00
   30     0.25   0.70   1.15   0.69   1.68   0.50   0.00   0.00   0.00   0.00   0.00   0.50   0.69   0.50   0.00   0.00   0.00   0.00   0.00
   20     0.00   0.50   0.70   0.64   1.21   0.25   0.00   0.00   0.00   0.00   0.00   0.00   0.69   0.00   0.00   0.00   0.00   0.00   0.00
   10     0.00   0.50   0.50   0.25   0.63   0.00   0.00   0.00   0.00   0.00   0.00   0.00   0.50   0.00   0.00   0.00   0.00   0.00   0.00
    0     0.00   0.25   0.25   0.00   0.60   0.11   0.00   0.00   0.00   0.00   0.00   0.00   0.00   0.00   0.00   0.00   0.00   0.00   0.00
  -10     0.00   0.00   0.00   0.00   0.33   0.34   0.00   0.50   0.00   0.00   0.00   0.00   0.00   0.00   0.00   0.00   0.00   0.00   0.00
  -20     0.00   0.00   0.00   0.00   0.57   0.53   0.07   1.00   0.00   0.00   0.00   0.00   0.00   0.00   0.00   0.00   0.00   0.00   0.00
  -30     0.00   0.00   0.00   0.50   1.16   0.94   0.09   2.04   0.00   0.00   0.00   0.00   0.00   0.00   0.00   0.00   0.00   0.00   0.00
  -40     0.00   0.00   0.00   0.50   0.99   1.11   0.01   1.29   0.00   0.00   0.00   0.00   0.00   0.00   0.00   0.00   0.00   0.00   0.00
  -50     0.00   0.00   0.00   0.50   0.89   0.48   0.03   0.50   0.00   0.00   0.00   0.00   0.00   0.00   0.00   0.00   0.00   0.00   0.00
  -60     0.00   0.00   0.00   0.00   0.52   0.00   0.54   0.26   0.00   0.00   0.00   0.00   0.00   0.00   0.00   0.00   0.00   0.00   0.00
  -70     0.00   0.00   0.00   0.00   0.00   0.00   0.00   0.00   0.00   0.00   0.00   0.00   0.00   0.00   0.00   0.00   0.00   0.00   0.00
  -80     0.00   0.00   0.00   0.00   0.00   0.00   0.00   0.00   0.00   0.00   0.00   0.00   0.00   0.00   0.00   0.00   0.00   0.00   0.00
  -90     0.00   0.00   0.00   0.00   0.00   0.00   0.00   0.00   0.00   0.00   0.00   0.00   0.00   0.00   0.00   0.00   0.00   0.00   0.00
 -100     0.00   0.00   0.00   0.00   0.00   0.00   0.00   0.00   0.00   0.00   0.00   0.00   0.00   0.00   0.00   0.00   0.00   0.00   0.00
 -110     0.00   0.00   0.00   0.00   0.00   0.00   0.00   0.00   0.00   0.00   0.00   0.00   0.00   0.00   0.00   0.00   0.00   0.00   0.00
 -120     0.00   0.00   0.00   0.00   0.00   0.00   0.00   0.00   0.00   0.00   0.00   0.00   0.00   0.00   0.00   0.00   0.00   0.00   0.00
 -130     0.00   0.00   0.00   0.00   0.00   0.00   0.00   0.00   0.00   0.00   0.00   0.00   0.00   0.00   0.00   0.00   0.00   0.00   0.00
 -140     0.00   0.00   0.00   0.00   0.00   0.00   0.00   0.00   0.00   0.00   0.00   0.00   0.00   0.00   0.00   0.00   0.00   0.00   0.00
 -150     0.00   0.00   0.00   0.00   0.00   0.00   0.00   0.00   0.00   0.00   0.00   0.00   0.00   0.00   0.00   0.00   0.00   0.00   0.00
 -160     0.00   0.00   0.00   0.00   0.00   0.00   0.00   0.00   0.00   0.00   0.00   0.00   0.00   0.00   0.00   0.00   0.00   0.00   0.00
 -170     0.00   0.00   0.00   0.00   0.00   0.00   0.00   0.00   0.00   0.00   0.00   0.00   0.00   0.00   0.00   0.00   0.00   0.00   0.00
 -180     0.58   0.60   0.62   0.67   0.62   0.59   0.61   0.00   0.00   0.00   0.00   0.00   0.67   0.00   0.00   0.00   0.00   0.00   0.00
