#-----------------------------------------------------------------------------------------------------------------------------------------
#ps\ph  -180   -160   -140   -120   -100   -80    -60    -40    -20     0      20     40     60     80    100    120    140    160    180
#-----------------------------------------------------------------------------------------------------------------------------------------
  180   0.10   0.06  -0.03   0.00   0.10   0.23   0.39   0.00   0.00   0.00   0.00   0.00   0.00   0.00   0.00   0.00   0.00   0.00   0.00
  170   0.15   0.02  -0.04  -0.08   0.01   0.08   0.31  -0.20   0.00   0.00   0.00   0.00   0.00   0.00   0.00   0.00   0.00   0.00   0.00
  160   0.16   0.07  -0.04  -0.05  -0.03  -0.04   0.15  -0.15   0.00   0.00   0.00   0.00   0.00   0.00   0.00   0.00   0.00   0.00   0.00
  150   0.20   0.07  -0.02  -0.04  -0.04  -0.11  -0.01  -0.15   0.00   0.00   0.00   0.00   0.00   0.00   0.00   0.00   0.00   0.00   0.00
  140   0.20   0.07   0.00  -0.02  -0.04  -0.09  -0.11  -0.17   0.00   0.00   0.00   0.00   0.00   0.00   0.00   0.00   0.00   0.00   0.00
  130   0.22   0.08   0.03   0.00  -0.05  -0.03  -0.12  -0.20   0.00   0.00   0.00   0.00   0.00   0.00   0.00   0.00   0.00   0.00   0.00
  120   0.20   0.13   0.03   0.02  -0.05   0.01  -0.09  -0.20   0.00   0.00   0.00   0.00   0.00   0.00   0.00   0.00   0.00   0.00   0.00
  110   0.17   0.19   0.06   0.06   0.02   0.03  -0.05  -0.19   0.00   0.00   0.00   0.00   0.00   0.00   0.00   0.00   0.00   0.00   0.00
  100   0.18   0.20   0.10   0.10   0.13   0.03  -0.07  -0.22   0.00   0.00   0.00   0.00   0.05   0.00   0.00   0.00   0.00   0.00   0.00
   90   0.19   0.18   0.14   0.13   0.22   0.05  -0.14  -0.34   0.00   0.00   0.00   0.00   0.00   0.00   0.00   0.00   0.00   0.00   0.00
   80   0.22   0.19   0.17   0.17   0.28   0.07  -0.24   0.00   0.00   0.00   0.00   0.06   0.02   0.00   0.00   0.00   0.00   0.00   0.00
   70   0.28   0.24   0.25   0.25   0.31   0.04  -0.38   0.00   0.00   0.00   0.00   0.00   0.00   0.00   0.00   0.00   0.00   0.00   0.00
   60   0.33   0.32   0.35   0.34   0.32  -0.09   0.00   0.00   0.00   0.00   0.00   0.05  -0.07   0.00   0.00   0.00   0.00   0.00   0.00
   50   0.00   0.39   0.46   0.42   0.35  -0.27   0.00   0.00   0.00   0.00   0.00   0.00   0.00   0.00   0.00   0.00   0.00   0.00   0.00
   40   0.00   0.41   0.51   0.46   0.45   0.00   0.00   0.00   0.00   0.00   0.00   0.24   0.01   0.00   0.00   0.00   0.00   0.00   0.00
   30   0.00   0.00   0.43   0.42   0.67   0.00   0.00   0.00   0.00   0.00   0.00   0.00   0.00   0.00   0.00   0.00   0.00   0.00   0.00
   20   0.00   0.00   0.00   0.29   0.83   0.00   0.00   0.00   0.00   0.00   0.00   0.00   0.00   0.00   0.00   0.00   0.00   0.00   0.00
   10   0.00   0.00   0.00   0.00   0.66   0.00   0.00   0.00   0.00   0.00   0.00   0.00   0.00   0.00   0.00   0.00   0.00   0.00   0.00
    0   0.00   0.00   0.00   0.00   0.19   1.91   0.00   0.00   0.00   0.00   0.00   0.00   0.00   0.00   0.00   0.00   0.00   0.00   0.00
  -10   0.00   0.00   0.00   0.00  -0.23   1.24   0.00   0.00   0.00   0.00   0.00   0.00   0.00   0.00   0.00   0.00   0.00   0.00   0.00
  -20   0.00   0.00   0.00   0.00  -0.34   0.34   2.45   0.00   0.00   0.00   0.00   0.00   0.00   0.00   0.00   0.00   0.00   0.00   0.00
  -30   0.00   0.00   0.00   0.00  -0.25  -0.21   1.27   1.75   0.00   0.00   0.00   0.00   0.00   0.00   0.00   0.00   0.00   0.00   0.00
  -40   0.00   0.00   0.00   0.00  -0.17  -0.36   0.26   1.35   0.00   0.00   0.00   0.00   0.00   0.00   0.00   0.00   0.00   0.00   0.00
  -50   0.00   0.00   0.00   0.00  -0.12  -0.26  -0.15   0.46   0.00   0.00   0.00   0.00   0.00   0.00   0.00   0.00   0.00   0.00   0.00
  -60   0.00   0.00   0.00   0.00  -0.06   0.00  -0.21  -0.07   0.00   0.00   0.00   0.00   0.00   0.00   0.00   0.00   0.00   0.00   0.00
  -70   0.00   0.00   0.00   0.00   0.00   0.00   0.00   0.00   0.00   0.00   0.00   0.00   0.00   0.00   0.00   0.00   0.00   0.00   0.00
  -80   0.00   0.00   0.00   0.00   0.00   0.00   0.00   0.00   0.00   0.00   0.00   0.00   0.00   0.00   0.00   0.00   0.00   0.00   0.00
  -90   0.00   0.00   0.00   0.00   0.00   0.00   0.00   0.00   0.00   0.00   0.00   0.00   0.00   0.00   0.00   0.00   0.00   0.00   0.00
 -100   0.00   0.00   0.00   0.00   0.00   0.00   0.00   0.00   0.00   0.00   0.00   0.00   0.00   0.00   0.00   0.00   0.00   0.00   0.00
 -110   0.00   0.00   0.00   0.00   0.00   0.00   0.00   0.00   0.00   0.00   0.00   0.00   0.00   0.00   0.00   0.00   0.00   0.00   0.00
 -120   0.00   0.00   0.00   0.00   0.00   0.00   0.00   0.00   0.00   0.00   0.00   0.00   0.00   0.00   0.00   0.00   0.00   0.00   0.00
 -130   0.00   0.00   0.00   0.00   0.00   0.00   0.00   0.00   0.00   0.00   0.00   0.00   0.00   0.00   0.00   0.00   0.00   0.00   0.00
 -140   0.00   0.00   0.00   0.00   0.00   0.00   0.00   0.00   0.00   0.00   0.00   0.00   0.00   0.00   0.00   0.00   0.00   0.00   0.00
 -150   0.00   0.00   0.00   0.00   0.00   0.00   0.00   0.00   0.00   0.00   0.00   0.00   0.00   0.00   0.00   0.00   0.00   0.00   0.00
 -160   0.00   0.00   0.00   0.00   0.00   0.00   0.00   0.00   0.00   0.00   0.00   0.00   0.00   0.00   0.00   0.00   0.00   0.00   0.00
 -170   0.00   0.00   0.00   0.00   0.00   0.00   0.00   0.00   0.00   0.00   0.00   0.00   0.00   0.00   0.00   0.00   0.00   0.00   0.00
 -180   0.10   0.06  -0.03   0.00   0.10   0.23   0.39   0.00   0.00   0.00   0.00   0.00   0.00   0.00   0.00   0.00   0.00   0.00   0.00
  180   0.00   0.87   0.57   0.70   0.46  -0.07  -1.12   0.00   0.00   0.00   0.00  -1.00  -5.10   0.00   0.00   0.00   0.00   0.00   0.00
  170   0.00   0.73   0.38  -0.40  -0.66  -1.27  -2.34  -1.00   0.00   0.00   0.00  -2.00  -5.47   0.00   0.00   0.00   0.00   0.00   0.00
  160   0.00   0.60   0.20  -0.30  -1.86  -2.47  -2.57  -1.90   0.00   0.00   0.00  -2.00  -5.85   0.00   0.00   0.00   0.00   0.00   0.00
  150   0.00   0.54   0.10  -0.22  -1.96  -2.54  -2.62  -1.99   0.00   0.00   0.00  -2.00  -5.94   0.00   0.00   0.00   0.00   0.00   0.00
  140   0.00   1.47   0.00  -0.34  -2.07  -2.61  -2.67  -2.08   0.00   0.00   0.00  -2.00  -6.04   0.00   0.00   0.00   0.00   0.00   0.00
  130   1.00   1.39  -0.07  -1.41  -2.09  -2.57  -2.60  -2.02   0.00   0.00   0.00  -2.00  -5.94   0.00   0.00   0.00   0.00   0.00   0.00
  120   1.00   2.31  -0.14  -1.48  -2.12  -2.54  -2.53  -1.95   0.00   0.00   0.00  -2.00  -5.85   0.00   0.00   0.00   0.00   0.00   0.00
  110   1.00   2.17  -0.24  -1.55  -2.16  -2.55  -2.51  -1.93   0.00   0.00   0.00  -2.00  -5.85   0.00   0.00   0.00   0.00   0.00   0.00
  100   1.00   2.04  -0.35  -1.63  -2.21  -2.56  -2.50  -1.92   0.00   0.00   0.00  -2.00  -5.86   0.00   0.00   0.00   0.00   0.00   0.00
   90   0.00   1.97  -0.39  -1.64  -2.21  -2.57  -2.55  -1.00   0.00   0.00   0.00  -2.00  -5.88   0.00   0.00   0.00   0.00   0.00   0.00
   80   0.00   1.90  -0.43  -1.64  -2.21  -2.58  -2.60  -1.00   0.00   0.00   0.00  -2.00  -5.90   0.00   0.00   0.00   0.00   0.00   0.00
   70   0.00   2.00  -0.33  -1.54  -2.11  -2.49  -1.00   0.00   0.00   0.00   0.00  -2.00  -5.79   0.00   0.00   0.00   0.00   0.00   0.00
   60   1.00   2.10  -0.23  -1.44  -2.00  -2.40  -1.00   0.00   0.00   0.00   0.00  -2.00  -5.67   0.00   0.00   0.00   0.00   0.00   0.00
   50   1.00   2.18  -0.13  -1.34  -1.92  -2.33   0.00   0.00   0.00   0.00   0.00  -2.00  -5.56   0.00   0.00   0.00   0.00   0.00   0.00
   40   1.00   2.26  -0.04  -1.24  -1.84  -2.26   0.00   0.00   0.00   0.00   0.00  -2.00  -5.45   0.00   0.00   0.00   0.00   0.00   0.00
   30   0.00   1.00   0.00  -1.05  -1.71  -1.00   0.00   0.00   0.00   0.00   0.00  -1.00  -5.36   0.00   0.00   0.00   0.00   0.00   0.00
   20   0.00   1.00   0.00  -0.86  -1.57  -1.00   0.00   0.00   0.00   0.00   0.00  -1.00  -5.27   0.00   0.00   0.00   0.00   0.00   0.00
   10   0.00   0.00   0.00   0.00  -1.00   0.00   0.00   0.00   0.00   0.00   0.00  -1.00  -4.00   0.00   0.00   0.00   0.00   0.00   0.00
    0   0.00   0.00   0.00   0.00   0.00   0.00   0.00   0.00   0.00   0.00   0.00   0.00  -3.00   0.00   0.00   0.00   0.00   0.00   0.00
  -10   0.00   0.00   0.00   0.00   0.00  -1.00  -1.00   0.00   0.00   0.00   0.00   0.00  -2.00   0.00   0.00   0.00   0.00   0.00   0.00
  -20   0.00   0.00   0.00   0.00   0.00  -2.24  -2.40   0.00   0.00   0.00   0.00   0.00  -1.00   0.00   0.00   0.00   0.00   0.00   0.00
  -30   0.00   0.00   0.00   0.00  -1.00  -2.33  -2.43  -1.00   0.00   0.00   0.00   0.00   0.00   0.00   0.00   0.00   0.00   0.00   0.00
  -40   0.00   0.00   0.00   0.00  -1.81  -2.42  -2.46  -1.90   0.00   0.00   0.00   0.00   0.00   0.00   0.00   0.00   0.00   0.00   0.00
  -50   0.00   1.00   0.00   0.00  -1.65  -2.22  -2.23  -1.66   0.00   0.00   0.00   0.00   0.00   0.00   0.00   0.00   0.00   0.00   0.00
  -60   1.00   2.43   0.87  -0.67  -1.48  -2.02  -2.00  -1.43   0.00   0.00   0.00   0.00   0.00   0.00   0.00   0.00   0.00   0.00   0.00
  -70   0.00   1.00   0.00   0.00  -1.00  -1.00  -1.00  -1.00   0.00   0.00   0.00   0.00   0.00   0.00   0.00   0.00   0.00   0.00   0.00
  -80   0.00   0.00   0.00   0.00   0.00   0.00   0.00   0.00   0.00   0.00   0.00   0.00   0.00   0.00   0.00   0.00   0.00   0.00   0.00
  -90   0.00   0.00   0.00   0.00   0.00   0.00   0.00   0.00   0.00   0.00   0.00   0.00   0.00   0.00   0.00   0.00   0.00   0.00   0.00
 -100   0.00   0.00   0.00   0.00   0.00   0.00   0.00   0.00   0.00   0.00   0.00   0.00   0.00   0.00   0.00   0.00   0.00   0.00   0.00
 -110   0.00   0.00   0.00   0.00   0.00   0.00   0.00   0.00   0.00   0.00   0.00   0.00   0.00   0.00   0.00   0.00   0.00   0.00   0.00
 -120   0.00   0.00   0.00   0.00   0.00   0.00   0.00   0.00   0.00   0.00   0.00   0.00   0.00   0.00   0.00   0.00   0.00   0.00   0.00
 -130   0.00   0.00   0.00   0.00   0.00   0.00   0.00   0.00   0.00   0.00   0.00   0.00   0.00   0.00   0.00   0.00   0.00   0.00   0.00
 -140   0.00   0.00   0.00   0.00   0.00   0.00   0.00   0.00   0.00   0.00   0.00   0.00   0.00   0.00   0.00   0.00   0.00   0.00   0.00
 -150   0.00   0.00   0.00   0.00   0.00   0.00   0.00   0.00   0.00   0.00   0.00   0.00   0.00   0.00   0.00   0.00   0.00   0.00   0.00
 -160   0.00   0.00   1.00   1.00   1.00   1.00   1.00   0.00   0.00   0.00   0.00   0.00   0.00   0.00   0.00   0.00   0.00   0.00   0.00
 -170   0.00   1.00   1.00   1.00   1.00   0.50  -0.50   0.00   0.00   0.00   0.00   0.00  -3.00   0.00   0.00   0.00   0.00   0.00   0.00
 -180   0.00   0.87   0.57   0.70   0.46  -0.07  -1.12   0.00   0.00   0.00   0.00  -1.00  -5.10   0.00   0.00   0.00   0.00   0.00   0.00
  180   0.00  -0.05   0.02   0.00  -0.05  -0.02  -0.12   0.00   0.00   0.00   0.00   0.00   0.00   0.00   0.00   0.00   0.00   0.00   0.00
  170   0.08  -0.06   0.07   0.10  -0.10  -0.11  -0.26   0.11   0.00   0.00   0.00   0.00   0.00   0.00   0.00   0.00   0.00   0.00   0.00
  160  -0.01  -0.01   0.08  -0.05  -0.09  -0.11  -0.23  -0.18   0.00   0.00   0.00   0.00   0.00   0.00   0.00   0.00   0.00   0.00   0.00
  150  -0.01   0.00  -0.10  -0.10  -0.13  -0.09  -0.38  -0.50   0.00   0.00   0.00   0.00   0.00   0.00   0.00   0.00   0.00   0.00   0.00
  140  -0.05  -0.05   0.00  -0.10  -0.12  -0.26  -0.47  -0.93   0.00   0.00   0.00   0.00   0.00   0.00   0.00   0.00   0.00   0.00   0.00
  130  -0.02  -0.05  -0.13  -0.18  -0.11  -0.21  -0.50  -1.27   0.00   0.00   0.00   0.00   0.00   0.00   0.00   0.00   0.00   0.00   0.00
  120   0.00  -0.12  -0.12  -0.13  -0.16  -0.15  -0.43  -1.50   0.00   0.00   0.00   0.00   0.00   0.00   0.00   0.00   0.00   0.00   0.00
  110  -0.08  -0.15  -0.16  -0.20  -0.19  -0.07  -0.33  -1.50   0.00   0.00   0.00   0.00   0.00   0.00   0.00   0.00   0.00   0.00   0.00
  100   0.01  -0.10  -0.16  -0.19  -0.30  -0.08  -0.17  -1.26   0.00   0.00   0.00   0.00   0.02   0.00   0.00   0.00   0.00   0.00   0.00
   90   0.05  -0.04  -0.23  -0.26  -0.10   0.00  -0.13  -0.85   0.00   0.00   0.00   0.00   0.00   0.00   0.00   0.00   0.00   0.00   0.00
   80   0.16   0.00   0.04  -0.04  -0.10   0.04  -0.05   0.00   0.00   0.00   0.00  -0.04  -0.07   0.00   0.00   0.00   0.00   0.00   0.00
   70   0.20   0.23   0.17   0.15   0.05   0.14   0.15   0.00   0.00   0.00   0.00   0.00   0.00   0.00   0.00   0.00   0.00   0.00   0.00
   60   0.30   0.29   0.35   0.28   0.19   0.18   0.00   0.00   0.00   0.00   0.00  -0.28  -0.06   0.00   0.00   0.00   0.00   0.00   0.00
   50   0.00   0.40   0.46   0.40   0.44   0.32   0.00   0.00   0.00   0.00   0.00   0.00   0.00   0.00   0.00   0.00   0.00   0.00   0.00
   40   0.00   0.45   0.32   0.41   0.51   0.00   0.00   0.00   0.00   0.00   0.00  -0.49  -0.26   0.00   0.00   0.00   0.00   0.00   0.00
   30   0.00   0.00   0.39   0.37   0.48   0.00   0.00   0.00   0.00   0.00   0.00   0.00   0.00   0.00   0.00   0.00   0.00   0.00   0.00
   20   0.00   0.00   0.00   0.28   0.42   0.00   0.00   0.00   0.00   0.00   0.00   0.00   0.00   0.00   0.00   0.00   0.00   0.00   0.00
   10   0.00   0.00   0.00   0.00   0.26   0.00   0.00   0.00   0.00   0.00   0.00   0.00   0.00   0.00   0.00   0.00   0.00   0.00   0.00
    0   0.00   0.00   0.00   0.00   0.20   0.22   0.00   0.00   0.00   0.00   0.00   0.00   0.00   0.00   0.00   0.00   0.00   0.00   0.00
  -10   0.00   0.00   0.00   0.00   0.16   0.19   0.00   0.00   0.00   0.00   0.00   0.00   0.00   0.00   0.00   0.00   0.00   0.00   0.00
  -20   0.00   0.00   0.00   0.00   0.14   0.05   0.13   0.00   0.00   0.00   0.00   0.00   0.00   0.00   0.00   0.00   0.00   0.00   0.00
  -30   0.00   0.00   0.00   0.00   0.06   0.10   0.17   0.27   0.00   0.00   0.00   0.00   0.00   0.00   0.00   0.00   0.00   0.00   0.00
  -40   0.00   0.00   0.00   0.00   0.09   0.04   0.18   0.34   0.00   0.00   0.00   0.00   0.00   0.00   0.00   0.00   0.00   0.00   0.00
  -50   0.00   0.00   0.00   0.00   0.15  -0.03   0.06   0.27   0.00   0.00   0.00   0.00   0.00   0.00   0.00   0.00   0.00   0.00   0.00
  -60   0.00   0.00   0.00   0.00   0.04   0.00   0.02   0.11   0.00   0.00   0.00   0.00   0.00   0.00   0.00   0.00   0.00   0.00   0.00
  -70   0.00   0.00   0.00   0.00   0.00   0.00   0.00   0.00   0.00   0.00   0.00   0.00   0.00   0.00   0.00   0.00   0.00   0.00   0.00
  -80   0.00   0.00   0.00   0.00   0.00   0.00   0.00   0.00   0.00   0.00   0.00   0.00   0.00   0.00   0.00   0.00   0.00   0.00   0.00
  -90   0.00   0.00   0.00   0.00   0.00   0.00   0.00   0.00   0.00   0.00   0.00   0.00   0.00   0.00   0.00   0.00   0.00   0.00   0.00
 -100   0.00   0.00   0.00   0.00   0.00   0.00   0.00   0.00   0.00   0.00   0.00   0.00   0.00   0.00   0.00   0.00   0.00   0.00   0.00
 -110   0.00   0.00   0.00   0.00   0.00   0.00   0.00   0.00   0.00   0.00   0.00   0.00   0.00   0.00   0.00   0.00   0.00   0.00   0.00
 -120   0.00   0.00   0.00   0.00   0.00   0.00   0.00   0.00   0.00   0.00   0.00   0.00   0.00   0.00   0.00   0.00   0.00   0.00   0.00
 -130   0.00   0.00   0.00   0.00   0.00   0.00   0.00   0.00   0.00   0.00   0.00   0.00   0.00   0.00   0.00   0.00   0.00   0.00   0.00
 -140   0.00   0.00   0.00   0.00   0.00   0.00   0.00   0.00   0.00   0.00   0.00   0.00   0.00   0.00   0.00   0.00   0.00   0.00   0.00
 -150   0.00   0.00   0.00   0.00   0.00   0.00   0.00   0.00   0.00   0.00   0.00   0.00   0.00   0.00   0.00   0.00   0.00   0.00   0.00
 -160   0.00   0.00   0.00   0.00   0.00   0.00   0.00   0.00   0.00   0.00   0.00   0.00   0.00   0.00   0.00   0.00   0.00   0.00   0.00
 -170   0.00   0.00   0.00   0.00   0.00   0.00   0.00   0.00   0.00   0.00   0.00   0.00   0.00   0.00   0.00   0.00   0.00   0.00   0.00
 -180   0.00  -0.05   0.02   0.00  -0.05  -0.02  -0.12   0.00   0.00   0.00   0.00   0.00   0.00   0.00   0.00   0.00   0.00   0.00   0.00
