#-----------------------------------------------------------------------------------------------------------------------------------------
#ps\ph  -180   -160   -140   -120   -100   -80    -60    -40    -20     0      20     40     60     80    100    120    140    160    180
#-----------------------------------------------------------------------------------------------------------------------------------------
  180   1.38   0.80   0.29   0.00   0.83   1.36   0.88   0.00   0.00   0.00   0.00   0.00   0.00   0.00   0.00   0.00   0.00   0.00   0.00
  170   1.45   0.72   0.13   0.01   0.57   1.18   1.01  -1.57   0.00   0.00   0.00   0.00   0.00   0.00   0.00   0.00   0.00   0.00   0.00
  160   1.40   0.60  -0.03  -0.20   0.36   1.03   1.15  -0.81   0.00   0.00   0.00   0.00   0.00   0.00   0.00   0.00   0.00   0.00   0.00
  150   1.40   0.68  -0.03  -0.27   0.21   0.95   1.30  -0.12   0.00   0.00   0.00   0.00   0.00   0.00   0.00   0.00   0.00   0.00   0.00
  140   1.50   0.72   0.00  -0.26   0.14   0.94   1.50   0.52   0.00   0.00   0.00   0.00   0.00   0.00   0.00   0.00   0.00   0.00   0.00
  130   1.30   0.69   0.03  -0.24   0.13   0.98   1.73   1.07   0.00   0.00   0.00   0.00   0.00   0.00   0.00   0.00   0.00   0.00   0.00
  120   1.33   0.65   0.06  -0.20   0.19   1.04   1.98   1.60   0.00   0.00   0.00   0.00   0.00   0.00   0.00   0.00   0.00   0.00   0.00
  110   1.27   0.60   0.09  -0.11   0.30   1.14   2.23   2.14   0.00   0.00   0.00   0.00   0.00   0.00   0.00   0.00   0.00   0.00   0.00
  100   1.20   0.59   0.13   0.05   0.50   1.28   2.42   2.70   0.00   0.00   0.00   0.00   0.26   0.00   0.00   0.00   0.00   0.00   0.00
   90   1.16   0.63   0.21   0.26   0.77   1.45   2.42   2.15   0.00   0.00   0.00   0.00   0.00   0.00   0.00   0.00   0.00   0.00   0.00
   80   1.19   0.73   0.34   0.50   1.12   1.74   2.12   1.00   0.00   0.00   0.00   0.67   0.60   0.00   0.00   0.00   0.00   0.00   0.00
   70   1.30   0.89   0.52   0.75   1.49   2.23   1.59   0.50   0.00   0.00   0.00   0.60   0.70   0.00   0.00   0.00   0.00   0.00   0.00
   60   1.46   1.12   0.73   0.95   1.83   2.97   1.00   0.00   0.00   0.00   0.00   0.68   0.92   0.00   0.00   0.00   0.00   0.00   0.00
   50   1.00   1.36   0.95   1.11   2.03   3.63   0.50   0.00   0.00   0.00   0.00   0.00   1.00   0.00   0.00   0.00   0.00   0.00   0.00
   40   0.50   1.55   1.11   1.19   2.04   2.00   0.00   0.00   0.00   0.00   0.00   0.60   1.19   0.00   0.00   0.00   0.00   0.00   0.00
   30   0.00   1.00   1.17   1.22   1.92   1.00   0.00   0.00   0.00   0.00   0.00   0.00   0.00   0.00   0.00   0.00   0.00   0.00   0.00
   20   0.00   0.50   1.00   1.15   1.76   0.50   0.00   0.00   0.00   0.00   0.00   0.00   0.00   0.00   0.00   0.00   0.00   0.00   0.00
   10   0.00   0.00   0.50   1.00   1.55   1.00   0.00   0.00   0.00   0.00   0.00   0.00   0.00   0.00   0.00   0.00   0.00   0.00   0.00
    0   0.00   0.00   0.00   0.50   1.26   2.23   0.50   0.00   0.00   0.00   0.00   0.00   0.00   0.00   0.00   0.00   0.00   0.00   0.00
  -10   0.00   0.00   0.00   0.00   0.90   1.93   1.00   0.50   0.00   0.00   0.00   0.00   0.00   0.00   0.00   0.00   0.00   0.00   0.00
  -20   0.00   0.00   0.00   0.00   0.48   1.61   2.38   1.00   0.00   0.00   0.00   0.00   0.00   0.00   0.00   0.00   0.00   0.00   0.00
  -30   0.00   0.00   0.00   0.00   0.07   1.28   2.15   1.57   0.00   0.00   0.00   0.00   0.00   0.00   0.00   0.00   0.00   0.00   0.00
  -40   0.00   0.00   0.00   0.00  -0.23   1.00   1.93   1.58   0.00   0.00   0.00   0.00   0.00   0.00   0.00   0.00   0.00   0.00   0.00
  -50   0.00   0.00   0.00   0.00  -0.36   0.77   1.74   1.56   0.00   0.00   0.00   0.00   0.00   0.00   0.00   0.00   0.00   0.00   0.00
  -60   0.00   0.00   0.00   0.00  -0.35   0.00   1.57   1.54   0.00   0.00   0.00   0.00   0.00   0.00   0.00   0.00   0.00   0.00   0.00
  -70   0.00   0.00   0.00   0.00   0.00   0.00   1.00   1.00   0.00   0.00   0.00   0.00   0.00   0.00   0.00   0.00   0.00   0.00   0.00
  -80   0.00   0.00   0.00   0.00   0.00   0.00   0.50   0.50   0.00   0.00   0.00   0.00   0.00   0.00   0.00   0.00   0.00   0.00   0.00
  -90   0.00   0.00   0.00   0.00   0.00   0.00   0.00   0.00   0.00   0.00   0.00   0.00   0.00   0.00   0.00   0.00   0.00   0.00   0.00
 -100   0.00   0.00   0.00   0.00   0.00   0.00   0.00   0.00   0.00   0.00   0.00   0.00   0.00   0.00   0.00   0.00   0.00   0.00   0.00
 -110   0.00   0.00   0.00   0.00   0.00   0.00   0.00   0.00   0.00   0.00   0.00   0.00   0.00   0.00   0.00   0.00   0.00   0.00   0.00
 -120   0.00   0.00   0.00   0.00   0.00   0.00   0.00   0.00   0.00   0.00   0.00   0.00   0.00   0.00   0.00   0.00   0.00   0.00   0.00
 -130   0.00   0.00   0.00   0.00   0.00   0.00   0.00   0.00   0.00   0.00   0.00   0.00   0.00   0.00   0.00   0.00   0.00   0.00   0.00
 -140   0.00   0.00   0.00   0.00   0.00   0.00   0.00   0.00   0.00   0.00   0.00   0.00   0.00   0.00   0.00   0.00   0.00   0.00   0.00
 -150   0.00   0.00   0.00   0.00   0.00   0.00   0.00   0.00   0.00   0.00   0.00   0.00   0.00   0.00   0.00   0.00   0.00   0.00   0.00
 -160   0.00   0.00   0.00   0.00   0.00   0.00   0.00   0.00   0.00   0.00   0.00   0.00   0.00   0.00   0.00   0.00   0.00   0.00   0.00
 -170   0.00   0.00   0.00   0.00   0.00   0.00   0.00   0.00   0.00   0.00   0.00   0.00   0.00   0.00   0.00   0.00   0.00   0.00   0.00
 -180   1.38   0.80   0.29   0.00   0.83   1.36   0.88   0.00   0.00   0.00   0.00   0.00   0.00   0.00   0.00   0.00   0.00   0.00   0.00
  180   0.00  -1.74  -1.08  -0.93  -1.44  -2.94  -5.76  -4.00   0.00   0.00   0.00   0.00  -5.81   0.00   0.00   0.00   0.00   0.00   0.00
  170   0.00  -1.35  -0.84  -0.45  -0.76  -1.91  -4.46  -5.00   0.00   0.00   0.00   0.00  -4.86   0.00   0.00   0.00   0.00   0.00   0.00
  160   0.00  -0.97  -0.60   0.04  -0.07  -0.87  -3.16  -6.56   0.00   0.00   0.00   0.00  -3.91   0.00   0.00   0.00   0.00   0.00   0.00
  150   0.00  -0.61  -0.30   0.18   0.17  -0.36  -2.03  -5.81   0.00   0.00   0.00   0.00  -2.52   0.00   0.00   0.00   0.00   0.00   0.00
  140   0.00  -0.25   0.00   0.32   0.41   0.16  -0.90  -4.06   0.00   0.00   0.00   0.00  -1.14   0.00   0.00   0.00   0.00   0.00   0.00
  130   0.00  -0.24  -0.13   0.16   0.18  -0.26  -0.98  -3.01   0.00   0.00   0.00   0.00  -2.32   0.00   0.00   0.00   0.00   0.00   0.00
  120   0.00  -0.22  -0.25   0.00  -0.05  -0.67  -1.06  -1.95   0.00   0.00   0.00   0.00  -3.49   0.00   0.00   0.00   0.00   0.00   0.00
  110   0.00  -0.26  -0.35  -0.19  -0.45  -1.26  -1.98  -1.91   0.00   0.00   0.00   0.00  -4.70   0.00   0.00   0.00   0.00   0.00   0.00
  100   0.00  -0.30  -0.44  -0.38  -0.86  -1.84  -2.90  -1.87   0.00   0.00   0.00   0.00  -5.91   0.00   0.00   0.00   0.00   0.00   0.00
   90   0.00  -0.17  -0.31  -0.23  -0.57  -1.51  -3.92  -1.00   0.00   0.00   0.00   0.00  -5.07   0.00   0.00   0.00   0.00   0.00   0.00
   80   0.00  -0.05  -0.17  -0.08  -0.28  -1.17  -4.93   0.00   0.00   0.00   0.00   0.00  -4.22   0.00   0.00   0.00   0.00   0.00   0.00
   70   0.00   0.01   0.01   0.22   0.05  -0.20  -3.00   0.00   0.00   0.00   0.00   0.00  -3.07   0.00   0.00   0.00   0.00   0.00   0.00
   60   0.00   0.07   0.19   0.51   0.37   0.76  -2.00   0.00   0.00   0.00   0.00   0.00  -1.92   0.00   0.00   0.00   0.00   0.00   0.00
   50   0.00  -0.12   0.13   0.36   0.09   0.39  -1.00   0.00   0.00   0.00   0.00   0.00  -1.69   0.00   0.00   0.00   0.00   0.00   0.00
   40   0.00  -0.30   0.07   0.21  -0.20   0.02   0.00   0.00   0.00   0.00   0.00   0.00  -1.47   0.00   0.00   0.00   0.00   0.00   0.00
   30   0.00   0.00   0.00  -0.19  -0.63   0.00   0.00   0.00   0.00   0.00   0.00   0.00  -2.40   0.00   0.00   0.00   0.00   0.00   0.00
   20   0.00   0.00   0.00  -0.58  -1.05   0.00   0.00   0.00   0.00   0.00   0.00   0.00  -3.33   0.00   0.00   0.00   0.00   0.00   0.00
   10   0.00   0.00   0.00   0.00   0.00   0.00   0.00   0.00   0.00   0.00   0.00   0.00  -2.00   0.00   0.00   0.00   0.00   0.00   0.00
    0   0.00   0.00   0.00   0.00   0.00   0.00   0.00   0.00   0.00   0.00   0.00   0.00  -1.00   0.00   0.00   0.00   0.00   0.00   0.00
  -10   0.00   0.00   0.00   0.00   0.00   0.00  -1.00   0.00   0.00   0.00   0.00   0.00   0.00   0.00   0.00   0.00   0.00   0.00   0.00
  -20   0.00   0.00   0.00   0.00   0.00  -0.75  -2.89  -1.00   0.00   0.00   0.00   0.00   0.00   0.00   0.00   0.00   0.00   0.00   0.00
  -30   0.00   0.00   0.00   0.00   0.00  -0.47  -1.93  -2.00   0.00   0.00   0.00   0.00   0.00   0.00   0.00   0.00   0.00   0.00   0.00
  -40   0.00   0.00   0.00   0.00  -0.12  -0.18  -0.97  -3.28   0.00   0.00   0.00   0.00   0.00   0.00   0.00   0.00   0.00   0.00   0.00
  -50   0.00  -1.00  -1.00  -1.00  -0.83  -1.03  -1.62  -2.97   0.00   0.00   0.00   0.00   0.00   0.00   0.00   0.00   0.00   0.00   0.00
  -60   0.00  -1.45  -1.59  -1.51  -1.54  -1.88  -2.26  -2.66   0.00   0.00   0.00   0.00   0.00   0.00   0.00   0.00   0.00   0.00   0.00
  -70   0.00  -1.00  -1.00  -1.00  -1.00  -1.00  -1.00  -1.00   0.00   0.00   0.00   0.00   0.00   0.00   0.00   0.00   0.00   0.00   0.00
  -80   0.00   0.00   0.00   0.00   0.00   0.00   0.00   0.00   0.00   0.00   0.00   0.00   0.00   0.00   0.00   0.00   0.00   0.00   0.00
  -90   0.00   0.00   0.00   0.00   0.00   0.00   0.00   0.00   0.00   0.00   0.00   0.00   0.00   0.00   0.00   0.00   0.00   0.00   0.00
 -100   0.00   0.00   0.00   0.00   0.00   0.00   0.00   0.00   0.00   0.00   0.00   0.00   0.00   0.00   0.00   0.00   0.00   0.00   0.00
 -110   0.00   0.00   0.00   0.00   0.00   0.00   0.00   0.00   0.00   0.00   0.00   0.00   0.00   0.00   0.00   0.00   0.00   0.00   0.00
 -120   0.00   0.00   0.00   0.00   0.00   0.00   0.00   0.00   0.00   0.00   0.00   0.00   0.00   0.00   0.00   0.00   0.00   0.00   0.00
 -130   0.00   0.00   0.00   0.00   0.00   0.00   0.00   0.00   0.00   0.00   0.00   0.00   0.00   0.00   0.00   0.00   0.00   0.00   0.00
 -140   0.00   0.00   0.00   0.00   0.00   0.00   0.00   0.00   0.00   0.00   0.00   0.00   0.00   0.00   0.00   0.00   0.00   0.00   0.00
 -150   0.00   0.00   0.00   0.00   0.00   0.00   0.00   0.00   0.00   0.00   0.00   0.00   0.00   0.00   0.00   0.00   0.00   0.00   0.00
 -160   0.00   0.00   0.00   0.00   0.00   0.00  -1.00  -1.00   0.00   0.00   0.00   0.00  -1.00   0.00   0.00   0.00   0.00   0.00   0.00
 -170   0.00   0.00   0.00   0.00  -1.00  -1.00  -3.00  -2.00   0.00   0.00   0.00   0.00  -3.00   0.00   0.00   0.00   0.00   0.00   0.00
  180   0.00  -1.74  -1.08  -0.93  -1.44  -2.94  -5.76  -4.00   0.00   0.00   0.00   0.00  -5.81   0.00   0.00   0.00   0.00   0.00   0.00
  180  -0.03   0.12   0.29   0.00   0.40   0.54   0.57   0.00   0.00   0.00   0.00   0.00   0.00   0.00   0.00   0.00   0.00   0.00   0.00
  170  -0.07   0.07   0.12   0.18   0.33   0.49   0.66   0.66   0.00   0.00   0.00   0.00   0.00   0.00   0.00   0.00   0.00   0.00   0.00
  160  -0.02  -0.13  -0.10   0.15   0.29   0.54   0.58   0.83   0.00   0.00   0.00   0.00   0.00   0.00   0.00   0.00   0.00   0.00   0.00
  150  -0.09   0.10  -0.01   0.06   0.28   0.13   0.40   0.66   0.00   0.00   0.00   0.00   0.00   0.00   0.00   0.00   0.00   0.00   0.00
  140  -0.17   0.01   0.00  -0.01   0.04   0.32   0.64   0.56   0.00   0.00   0.00   0.00   0.00   0.00   0.00   0.00   0.00   0.00   0.00
  130  -0.09  -0.20  -0.03   0.09  -0.02   0.28   0.32   0.57   0.00   0.00   0.00   0.00   0.00   0.00   0.00   0.00   0.00   0.00   0.00
  120  -0.16  -0.19  -0.03  -0.13   0.11   0.06   0.42   0.82   0.00   0.00   0.00   0.00   0.00   0.00   0.00   0.00   0.00   0.00   0.00
  110  -0.06  -0.21  -0.09  -0.05   0.10   0.32   0.35   0.66   0.00   0.00   0.00   0.00   0.00   0.00   0.00   0.00   0.00   0.00   0.00
  100  -0.22  -0.26  -0.37  -0.08   0.03   0.15   0.26   0.49   0.00   0.00   0.00   0.00   0.81   0.00   0.00   0.00   0.00   0.00   0.00
   90  -0.17  -0.07   0.01   0.00  -0.09  -0.10   0.08   0.57   0.00   0.00   0.00   0.00   0.79   0.00   0.00   0.00   0.00   0.00   0.00
   80  -0.12  -0.05  -0.20  -0.17  -0.08   0.08   0.19   0.00   0.00   0.00   0.00   0.88   0.77   0.00   0.00   0.00   0.00   0.00   0.00
   70  -0.05  -0.25  -0.11  -0.01   0.11  -0.09   0.35   0.00   0.00   0.00   0.00   0.90   0.75   0.00   0.00   0.00   0.00   0.00   0.00
   60  -0.23  -0.05  -0.08  -0.14  -0.13  -0.06   0.00   0.00   0.00   0.00   0.00   0.98   0.74   0.00   0.00   0.00   0.00   0.00   0.00
   50   0.00  -0.09   0.04  -0.19  -0.42   0.00   0.00   0.00   0.00   0.00   0.00   1.00   0.73   0.00   0.00   0.00   0.00   0.00   0.00
   40   0.00  -0.13  -0.04   0.04  -0.01   0.00   0.00   0.00   0.00   0.00   0.00   1.03   0.73   0.00   0.00   0.00   0.00   0.00   0.00
   30   0.00   0.00  -0.17  -0.07   0.11   0.00   0.00   0.00   0.00   0.00   0.00   0.00   0.00   0.00   0.00   0.00   0.00   0.00   0.00
   20   0.00   0.00   0.00   0.03   0.16   0.00   0.00   0.00   0.00   0.00   0.00   0.00   0.00   0.00   0.00   0.00   0.00   0.00   0.00
   10   0.00   0.00   0.00   0.00   0.34   0.00   0.00   0.00   0.00   0.00   0.00   0.00   0.00   0.00   0.00   0.00   0.00   0.00   0.00
    0   0.00   0.00   0.00   0.00   0.30   0.37   0.00   0.00   0.00   0.00   0.00   0.00   0.00   0.00   0.00   0.00   0.00   0.00   0.00
  -10   0.00   0.00   0.00   0.00   0.87   0.53   0.00   0.00   0.00   0.00   0.00   0.00   0.00   0.00   0.00   0.00   0.00   0.00   0.00
  -20   0.00   0.00   0.00   0.00   0.91   0.67   0.41   0.00   0.00   0.00   0.00   0.00   0.00   0.00   0.00   0.00   0.00   0.00   0.00
  -30   0.00   0.00   0.00   0.00   0.83   0.82   0.67   0.90   0.00   0.00   0.00   0.00   0.00   0.00   0.00   0.00   0.00   0.00   0.00
  -40   0.00   0.00   0.00   0.00   0.60   0.95   0.82   0.78   0.00   0.00   0.00   0.00   0.00   0.00   0.00   0.00   0.00   0.00   0.00
  -50   0.00   0.00   0.00   0.00   0.49   0.69   0.66   0.78   0.00   0.00   0.00   0.00   0.00   0.00   0.00   0.00   0.00   0.00   0.00
  -60   0.00   0.00   0.00   0.00   0.43   0.00   0.60   0.62   0.00   0.00   0.00   0.00   0.00   0.00   0.00   0.00   0.00   0.00   0.00
  -70   0.00   0.00   0.00   0.00   0.00   0.00   0.00   0.00   0.00   0.00   0.00   0.00   0.00   0.00   0.00   0.00   0.00   0.00   0.00
  -80   0.00   0.00   0.00   0.00   0.00   0.00   0.00   0.00   0.00   0.00   0.00   0.00   0.00   0.00   0.00   0.00   0.00   0.00   0.00
  -90   0.00   0.00   0.00   0.00   0.00   0.00   0.00   0.00   0.00   0.00   0.00   0.00   0.00   0.00   0.00   0.00   0.00   0.00   0.00
 -100   0.00   0.00   0.00   0.00   0.00   0.00   0.00   0.00   0.00   0.00   0.00   0.00   0.00   0.00   0.00   0.00   0.00   0.00   0.00
 -110   0.00   0.00   0.00   0.00   0.00   0.00   0.00   0.00   0.00   0.00   0.00   0.00   0.00   0.00   0.00   0.00   0.00   0.00   0.00
 -120   0.00   0.00   0.00   0.00   0.00   0.00   0.00   0.00   0.00   0.00   0.00   0.00   0.00   0.00   0.00   0.00   0.00   0.00   0.00
 -130   0.00   0.00   0.00   0.00   0.00   0.00   0.00   0.00   0.00   0.00   0.00   0.00   0.00   0.00   0.00   0.00   0.00   0.00   0.00
 -140   0.00   0.00   0.00   0.00   0.00   0.00   0.00   0.00   0.00   0.00   0.00   0.00   0.00   0.00   0.00   0.00   0.00   0.00   0.00
 -150   0.00   0.00   0.00   0.00   0.00   0.00   0.00   0.00   0.00   0.00   0.00   0.00   0.00   0.00   0.00   0.00   0.00   0.00   0.00
 -160   0.00   0.00   0.00   0.00   0.00   0.00   0.00   0.00   0.00   0.00   0.00   0.00   0.00   0.00   0.00   0.00   0.00   0.00   0.00
 -170   0.00   0.00   0.00   0.00   0.00   0.00   0.00   0.00   0.00   0.00   0.00   0.00   0.00   0.00   0.00   0.00   0.00   0.00   0.00
 -180  -0.03   0.12   0.29   0.00   0.40   0.54   0.57   0.00   0.00   0.00   0.00   0.00   0.00   0.00   0.00   0.00   0.00   0.00   0.00
