#-----------------------------------------------------------------------------------------------------------------------------------------
#ps\ph  -180   -160   -140   -120   -100   -80    -60    -40    -20     0      20     40     60     80    100    120    140    160    180
#-----------------------------------------------------------------------------------------------------------------------------------------
  180  -0.31  -0.15   0.08   0.00   0.10  -0.17  -0.25   0.00   0.00   0.00   0.00   0.00   0.00   0.00   0.00   0.00   0.00   0.00   0.00
  170  -0.33  -0.21  -0.01   0.07   0.08  -0.12  -0.13  -0.28   0.00   0.00   0.00   0.00   0.00   0.00   0.00   0.00   0.00   0.00   0.00
  160  -0.39  -0.23  -0.01   0.12   0.05  -0.11  -0.10  -0.17   0.00   0.00   0.00   0.00   0.00   0.00   0.00   0.00   0.00   0.00   0.00
  150  -0.29  -0.31   0.00   0.11   0.00  -0.21  -0.18  -0.18   0.00   0.00   0.00   0.00   0.00   0.00   0.00   0.00   0.00   0.00   0.00
  140  -0.25  -0.25   0.00   0.08  -0.07  -0.30  -0.28  -0.28   0.00   0.00   0.00   0.00   0.00   0.00   0.00   0.00   0.00   0.00   0.00
  130  -0.16  -0.16   0.00   0.04  -0.10  -0.30  -0.32  -0.40   0.00   0.00   0.00   0.00   0.00   0.00   0.00   0.00   0.00   0.00   0.00
  120  -0.20  -0.10  -0.02   0.01  -0.11  -0.29  -0.30  -0.47   0.00   0.00   0.00   0.00   0.00   0.00   0.00   0.00   0.00   0.00   0.00
  110  -0.19  -0.01  -0.05   0.03  -0.15  -0.29  -0.28  -0.44   0.00   0.00   0.00   0.00   0.00   0.00   0.00   0.00   0.00   0.00   0.00
  100  -0.17   0.06  -0.04   0.04  -0.16  -0.27  -0.26  -0.31   0.00   0.00   0.00   0.00  -0.13   0.00   0.00   0.00   0.00   0.00   0.00
   90  -0.14   0.08   0.00   0.04  -0.14  -0.23  -0.26  -0.09   0.00   0.00   0.00   0.00   0.00   0.00   0.00   0.00   0.00   0.00   0.00
   80  -0.10   0.07   0.04   0.05  -0.09  -0.18  -0.27   0.00   0.00   0.00   0.00  -0.40  -0.16   0.00   0.00   0.00   0.00   0.00   0.00
   70  -0.04   0.06   0.08   0.06  -0.04  -0.14  -0.31   0.00   0.00   0.00   0.00   0.00   0.00   0.00   0.00   0.00   0.00   0.00   0.00
   60   0.04   0.06   0.12   0.05  -0.01  -0.10   0.00   0.00   0.00   0.00   0.00  -0.36  -0.06   0.00   0.00   0.00   0.00   0.00   0.00
   50   0.00   0.09   0.18   0.05  -0.02  -0.06   0.00   0.00   0.00   0.00   0.00   0.00   0.00   0.00   0.00   0.00   0.00   0.00   0.00
   40   0.00   0.13   0.23   0.07  -0.02   0.00   0.00   0.00   0.00   0.00   0.00  -0.24  -0.09   0.00   0.00   0.00   0.00   0.00   0.00
   30   0.00   0.00   0.26   0.11   0.04   0.00   0.00   0.00   0.00   0.00   0.00   0.00   0.00   0.00   0.00   0.00   0.00   0.00   0.00
   20   0.00   0.00   0.00   0.19   0.14   0.00   0.00   0.00   0.00   0.00   0.00   0.00   0.00   0.00   0.00   0.00   0.00   0.00   0.00
   10   0.00   0.00   0.00   0.00   0.23   0.00   0.00   0.00   0.00   0.00   0.00   0.00   0.00   0.00   0.00   0.00   0.00   0.00   0.00
    0   0.00   0.00   0.00   0.00   0.24   0.32   0.00   0.00   0.00   0.00   0.00   0.00   0.00   0.00   0.00   0.00   0.00   0.00   0.00
  -10   0.00   0.00   0.00   0.00   0.21   0.29   0.00   0.00   0.00   0.00   0.00   0.00   0.00   0.00   0.00   0.00   0.00   0.00   0.00
  -20   0.00   0.00   0.00   0.00   0.22   0.23   0.45   0.00   0.00   0.00   0.00   0.00   0.00   0.00   0.00   0.00   0.00   0.00   0.00
  -30   0.00   0.00   0.00   0.00   0.18   0.07   0.16   0.51   0.00   0.00   0.00   0.00   0.00   0.00   0.00   0.00   0.00   0.00   0.00
  -40   0.00   0.00   0.00   0.00   0.02  -0.16  -0.06   0.21   0.00   0.00   0.00   0.00   0.00   0.00   0.00   0.00   0.00   0.00   0.00
  -50   0.00   0.00   0.00   0.00  -0.14  -0.29  -0.23  -0.08   0.00   0.00   0.00   0.00   0.00   0.00   0.00   0.00   0.00   0.00   0.00
  -60   0.00   0.00   0.00   0.00  -0.18   0.00  -0.38  -0.31   0.00   0.00   0.00   0.00   0.00   0.00   0.00   0.00   0.00   0.00   0.00
  -70   0.00   0.00   0.00   0.00   0.00   0.00   0.00   0.00   0.00   0.00   0.00   0.00   0.00   0.00   0.00   0.00   0.00   0.00   0.00
  -80   0.00   0.00   0.00   0.00   0.00   0.00   0.00   0.00   0.00   0.00   0.00   0.00   0.00   0.00   0.00   0.00   0.00   0.00   0.00
  -90   0.00   0.00   0.00   0.00   0.00   0.00   0.00   0.00   0.00   0.00   0.00   0.00   0.00   0.00   0.00   0.00   0.00   0.00   0.00
 -100   0.00   0.00   0.00   0.00   0.00   0.00   0.00   0.00   0.00   0.00   0.00   0.00   0.00   0.00   0.00   0.00   0.00   0.00   0.00
 -110   0.00   0.00   0.00   0.00   0.00   0.00   0.00   0.00   0.00   0.00   0.00   0.00   0.00   0.00   0.00   0.00   0.00   0.00   0.00
 -120   0.00   0.00   0.00   0.00   0.00   0.00   0.00   0.00   0.00   0.00   0.00   0.00   0.00   0.00   0.00   0.00   0.00   0.00   0.00
 -130   0.00   0.00   0.00   0.00   0.00   0.00   0.00   0.00   0.00   0.00   0.00   0.00   0.00   0.00   0.00   0.00   0.00   0.00   0.00
 -140   0.00   0.00   0.00   0.00   0.00   0.00   0.00   0.00   0.00   0.00   0.00   0.00   0.00   0.00   0.00   0.00   0.00   0.00   0.00
 -150   0.00   0.00   0.00   0.00   0.00   0.00   0.00   0.00   0.00   0.00   0.00   0.00   0.00   0.00   0.00   0.00   0.00   0.00   0.00
 -160   0.00   0.00   0.00   0.00   0.00   0.00   0.00   0.00   0.00   0.00   0.00   0.00   0.00   0.00   0.00   0.00   0.00   0.00   0.00
 -170   0.00   0.00   0.00   0.00   0.00   0.00   0.00   0.00   0.00   0.00   0.00   0.00   0.00   0.00   0.00   0.00   0.00   0.00   0.00
 -180  -0.31  -0.15   0.08   0.00   0.10  -0.17  -0.25   0.00   0.00   0.00   0.00   0.00   0.00   0.00   0.00   0.00   0.00   0.00   0.00
  180   0.00  -1.22  -1.79  -1.71  -0.92   0.14   0.81   0.00   0.00   0.00   0.00   0.00   2.91   0.00   0.00   0.00   0.00   0.00   0.00
  170   0.00  -0.61  -1.39  -1.37  -0.42   0.78   1.51   0.00   0.00   0.00   0.00   0.00   3.41   0.00   0.00   0.00   0.00   0.00   0.00
  160   0.00   0.00  -1.00  -1.03   0.07   1.42   2.21   1.96   0.00   0.00   0.00   0.00   3.90   0.00   0.00   0.00   0.00   0.00   0.00
  150   0.00   0.72  -0.50  -0.75   0.27   1.69   2.64   2.48   0.00   0.00   0.00   0.00   4.30   0.00   0.00   0.00   0.00   0.00   0.00
  140   0.00   1.45   0.00  -0.47   0.47   1.95   3.08   3.00   0.00   0.00   0.00   0.00   4.70   0.00   0.00   0.00   0.00   0.00   0.00
  130   0.00   1.52   0.04  -0.56   0.23   1.66   2.88   2.96   0.00   0.00   0.00   2.00   4.75   0.00   0.00   0.00   0.00   0.00   0.00
  120   0.00   1.58   0.08  -0.65  -0.01   1.38   2.69   2.92   0.00   0.00   0.00   2.00   4.80   0.00   0.00   0.00   0.00   0.00   0.00
  110   0.00   0.88  -0.61  -1.40  -0.90   0.46   1.89   2.34   0.00   0.00   0.00   2.00   4.19   0.00   0.00   0.00   0.00   0.00   0.00
  100   0.00   0.19  -1.29  -2.16  -1.79  -0.45   1.09   1.75   0.00   0.00   0.00   1.00   3.59   0.00   0.00   0.00   0.00   0.00   0.00
   90   0.00  -0.78  -2.18  -3.02  -2.70  -1.45   0.06   1.00   0.00   0.00   0.00   1.00   2.61   0.00   0.00   0.00   0.00   0.00   0.00
   80   0.00  -1.74  -3.07  -3.88  -3.62  -2.45  -0.97   0.00   0.00   0.00   0.00   1.00   1.64   0.00   0.00   0.00   0.00   0.00   0.00
   70  -1.00  -2.17  -3.42  -4.12  -3.82  -2.68   0.00   0.00   0.00   0.00   0.00   0.00   1.02   0.00   0.00   0.00   0.00   0.00   0.00
   60  -1.00  -2.60  -3.78  -4.37  -4.02  -2.91   0.00   0.00   0.00   0.00   0.00   0.00   0.39   0.00   0.00   0.00   0.00   0.00   0.00
   50  -1.00  -2.31  -3.42  -3.90  -3.48  -2.36   0.00   0.00   0.00   0.00   0.00   0.00   0.53   0.00   0.00   0.00   0.00   0.00   0.00
   40  -1.00  -2.03  -3.05  -3.44  -2.94  -1.81   0.00   0.00   0.00   0.00   0.00   0.00   0.68   0.00   0.00   0.00   0.00   0.00   0.00
   30   0.00  -1.00  -2.00  -2.81  -2.25  -1.00   0.00   0.00   0.00   0.00   0.00   1.00   1.27   0.00   0.00   0.00   0.00   0.00   0.00
   20   0.00   0.00  -1.00  -2.18  -1.57   0.00   0.00   0.00   0.00   0.00   0.00   0.00   1.86   0.00   0.00   0.00   0.00   0.00   0.00
   10   0.00   0.00   0.00  -1.00  -1.00   0.00   0.00   0.00   0.00   0.00   0.00   0.00   0.00   0.00   0.00   0.00   0.00   0.00   0.00
    0   0.00   0.00   0.00   0.00   0.00   0.00   0.00   0.00   0.00   0.00   0.00   0.00   0.00   0.00   0.00   0.00   0.00   0.00   0.00
  -10   0.00   0.00   0.00   0.00   0.00   1.00   1.00   0.00   0.00   0.00   0.00   0.00   0.00   0.00   0.00   0.00   0.00   0.00   0.00
  -20   0.00   0.00   0.00   0.00   0.00   1.32   2.11   1.00   0.00   0.00   0.00   0.00   0.00   0.00   0.00   0.00   0.00   0.00   0.00
  -30   0.00   0.00   0.00   0.00   0.00   1.70   2.58   2.00   0.00   0.00   0.00   0.00   0.00   0.00   0.00   0.00   0.00   0.00   0.00
  -40   0.00   0.00   0.00   0.00   0.72   2.08   3.04   3.06   0.00   0.00   0.00   0.00   0.00   0.00   0.00   0.00   0.00   0.00   0.00
  -50   0.00   0.00   0.00   0.00   0.69   2.00   3.02   3.14   0.00   0.00   0.00   0.00   0.00   0.00   0.00   0.00   0.00   0.00   0.00
  -60   1.00   2.43   1.02   0.29   0.66   1.92   3.01   3.22   0.00   0.00   0.00   0.00   0.00   0.00   0.00   0.00   0.00   0.00   0.00
  -70   0.00   0.00   0.00   0.00   0.00   1.00   2.00   2.00   0.00   0.00   0.00   0.00   0.00   0.00   0.00   0.00   0.00   0.00   0.00
  -80   0.00   0.00   0.00   0.00   0.00   0.00   1.00   1.00   0.00   0.00   0.00   0.00   0.00   0.00   0.00   0.00   0.00   0.00   0.00
  -90   0.00   0.00   0.00   0.00   0.00   0.00   0.00   0.00   0.00   0.00   0.00   0.00   0.00   0.00   0.00   0.00   0.00   0.00   0.00
 -100   0.00   0.00   0.00   0.00   0.00   0.00   0.00   0.00   0.00   0.00   0.00   0.00   0.00   0.00   0.00   0.00   0.00   0.00   0.00
 -110   0.00   0.00   0.00   0.00   0.00   0.00   0.00   0.00   0.00   0.00   0.00   0.00   0.00   0.00   0.00   0.00   0.00   0.00   0.00
 -120   0.00   0.00   0.00   0.00   0.00   0.00   0.00   0.00   0.00   0.00   0.00   0.00   0.00   0.00   0.00   0.00   0.00   0.00   0.00
 -130   0.00   0.00   0.00   0.00   0.00   0.00   0.00   0.00   0.00   0.00   0.00   0.00   0.00   0.00   0.00   0.00   0.00   0.00   0.00
 -140   0.00   0.00   0.00   0.00   0.00   0.00   0.00   0.00   0.00   0.00   0.00   0.00   0.00   0.00   0.00   0.00   0.00   0.00   0.00
 -150   0.00   0.00   0.00   0.00   0.00   0.00   0.00   0.00   0.00   0.00   0.00   0.00   0.00   0.00   0.00   0.00   0.00   0.00   0.00
 -160   0.00   0.00   0.00   0.00   0.00   0.00   0.00   0.00   0.00   0.00   0.00   0.00   0.00   0.00   0.00   0.00   0.00   0.00   0.00
 -170   0.00   0.00   0.00   0.00   0.00   0.00   0.00   0.00   0.00   0.00   0.00   0.00   0.00   0.00   0.00   0.00   0.00   0.00   0.00
 -180   0.00  -1.22  -1.79  -1.71  -0.92   0.14   0.81   0.00   0.00   0.00   0.00   0.00   2.91   0.00   0.00   0.00   0.00   0.00   0.00
  180   0.33   0.16   0.41   0.00   0.63   0.77   0.68   0.00   0.00   0.00   0.00   0.00   0.00   0.00   0.00   0.00   0.00   0.00   0.00
  170   0.15   0.11   0.39   0.35   0.55   0.62   0.69   0.36   0.00   0.00   0.00   0.00   0.00   0.00   0.00   0.00   0.00   0.00   0.00
  160   0.12   0.01   0.07   0.30   0.34   0.55   0.67   0.40   0.00   0.00   0.00   0.00   0.00   0.00   0.00   0.00   0.00   0.00   0.00
  150   0.10  -0.11  -0.16   0.14   0.35   0.62   0.83   0.57   0.00   0.00   0.00   0.00   0.00   0.00   0.00   0.00   0.00   0.00   0.00
  140   0.08   0.00   0.00   0.10   0.15   0.41   0.53   0.64   0.00   0.00   0.00   0.00   0.00   0.00   0.00   0.00   0.00   0.00   0.00
  130  -0.08  -0.10  -0.09  -0.19   0.08   0.52   0.75   0.91   0.00   0.00   0.00   0.00   0.00   0.00   0.00   0.00   0.00   0.00   0.00
  120   0.01  -0.06   0.05   0.05   0.07   0.44   0.89   1.05   0.00   0.00   0.00   0.00   0.00   0.00   0.00   0.00   0.00   0.00   0.00
  110  -0.12   0.21   0.02  -0.09   0.05   0.48   1.01   1.20   0.00   0.00   0.00   0.00   0.00   0.00   0.00   0.00   0.00   0.00   0.00
  100   0.34   0.10   0.09   0.11   0.03   0.35   0.98   1.36   0.00   0.00   0.00   0.00  -0.30   0.00   0.00   0.00   0.00   0.00   0.00
   90   0.14   0.16   0.18   0.17   0.18   0.46   0.93   1.32   0.00   0.00   0.00   0.00   0.00   0.00   0.00   0.00   0.00   0.00   0.00
   80   0.22   0.30   0.33   0.25   0.31   0.54   0.82   0.00   0.00   0.00   0.00   0.39   0.25   0.00   0.00   0.00   0.00   0.00   0.00
   70   0.25   0.32   0.35   0.40   0.31   0.47   0.69   0.00   0.00   0.00   0.00   0.00   0.00   0.00   0.00   0.00   0.00   0.00   0.00
   60   0.20   0.22   0.40   0.49   0.39   0.70   0.00   0.00   0.00   0.00   0.00   0.50   0.46   0.00   0.00   0.00   0.00   0.00   0.00
   50   0.00   0.22   0.27   0.48   0.52   0.67   0.00   0.00   0.00   0.00   0.00   0.00   0.00   0.00   0.00   0.00   0.00   0.00   0.00
   40   0.00   0.09   0.27   0.51   0.65   0.00   0.00   0.00   0.00   0.00   0.00   0.84   0.59   0.00   0.00   0.00   0.00   0.00   0.00
   30   0.00   0.00   0.34   0.38   0.57   0.00   0.00   0.00   0.00   0.00   0.00   0.00   0.00   0.00   0.00   0.00   0.00   0.00   0.00
   20   0.00   0.00   0.00   0.32   0.55   0.00   0.00   0.00   0.00   0.00   0.00   0.00   0.00   0.00   0.00   0.00   0.00   0.00   0.00
   10   0.00   0.00   0.00   0.00   0.50   0.00   0.00   0.00   0.00   0.00   0.00   0.00   0.00   0.00   0.00   0.00   0.00   0.00   0.00
    0   0.00   0.00   0.00   0.00   0.28   0.48   0.00   0.00   0.00   0.00   0.00   0.00   0.00   0.00   0.00   0.00   0.00   0.00   0.00
  -10   0.00   0.00   0.00   0.00   0.08   0.14   0.00   0.00   0.00   0.00   0.00   0.00   0.00   0.00   0.00   0.00   0.00   0.00   0.00
  -20   0.00   0.00   0.00   0.00  -0.08   0.07  -0.05   0.00   0.00   0.00   0.00   0.00   0.00   0.00   0.00   0.00   0.00   0.00   0.00
  -30   0.00   0.00   0.00   0.00  -0.10   0.01  -0.05  -0.05   0.00   0.00   0.00   0.00   0.00   0.00   0.00   0.00   0.00   0.00   0.00
  -40   0.00   0.00   0.00   0.00  -0.35  -0.09  -0.13  -0.09   0.00   0.00   0.00   0.00   0.00   0.00   0.00   0.00   0.00   0.00   0.00
  -50   0.00   0.00   0.00   0.00  -0.39  -0.19  -0.13  -0.15   0.00   0.00   0.00   0.00   0.00   0.00   0.00   0.00   0.00   0.00   0.00
  -60   0.00   0.00   0.00   0.00  -0.29   0.00  -0.20  -0.12   0.00   0.00   0.00   0.00   0.00   0.00   0.00   0.00   0.00   0.00   0.00
  -70   0.00   0.00   0.00   0.00   0.00   0.00   0.00   0.00   0.00   0.00   0.00   0.00   0.00   0.00   0.00   0.00   0.00   0.00   0.00
  -80   0.00   0.00   0.00   0.00   0.00   0.00   0.00   0.00   0.00   0.00   0.00   0.00   0.00   0.00   0.00   0.00   0.00   0.00   0.00
  -90   0.00   0.00   0.00   0.00   0.00   0.00   0.00   0.00   0.00   0.00   0.00   0.00   0.00   0.00   0.00   0.00   0.00   0.00   0.00
 -100   0.00   0.00   0.00   0.00   0.00   0.00   0.00   0.00   0.00   0.00   0.00   0.00   0.00   0.00   0.00   0.00   0.00   0.00   0.00
 -110   0.00   0.00   0.00   0.00   0.00   0.00   0.00   0.00   0.00   0.00   0.00   0.00   0.00   0.00   0.00   0.00   0.00   0.00   0.00
 -120   0.00   0.00   0.00   0.00   0.00   0.00   0.00   0.00   0.00   0.00   0.00   0.00   0.00   0.00   0.00   0.00   0.00   0.00   0.00
 -130   0.00   0.00   0.00   0.00   0.00   0.00   0.00   0.00   0.00   0.00   0.00   0.00   0.00   0.00   0.00   0.00   0.00   0.00   0.00
 -140   0.00   0.00   0.00   0.00   0.00   0.00   0.00   0.00   0.00   0.00   0.00   0.00   0.00   0.00   0.00   0.00   0.00   0.00   0.00
 -150   0.00   0.00   0.00   0.00   0.00   0.00   0.00   0.00   0.00   0.00   0.00   0.00   0.00   0.00   0.00   0.00   0.00   0.00   0.00
 -160   0.00   0.00   0.00   0.00   0.00   0.00   0.00   0.00   0.00   0.00   0.00   0.00   0.00   0.00   0.00   0.00   0.00   0.00   0.00
 -170   0.00   0.00   0.00   0.00   0.00   0.00   0.00   0.00   0.00   0.00   0.00   0.00   0.00   0.00   0.00   0.00   0.00   0.00   0.00
 -180   0.33   0.16   0.41   0.00   0.63   0.77   0.68   0.00   0.00   0.00   0.00   0.00   0.00   0.00   0.00   0.00   0.00   0.00   0.00
