#-----------------------------------------------------------------------------------------------------------------------------------------
#ps\ph  -180   -160   -140   -120   -100   -80    -60    -40    -20   0    20   40   60   80    100    120    140    160    180
#-----------------------------------------------------------------------------------------------------------------------------------------
  180   0.42  -0.03  -0.49  -0.69  -0.50  -0.44  -0.37   0.00   0.00   0.00   0.00   0.00   0.40   0.00   0.00   0.00   0.00   0.00   0.00
  170   0.40   0.07  -0.24  -0.63  -0.42  -0.47  -0.43  -0.49   0.00   0.00   0.00   0.00   0.38   0.00   0.00   0.00   0.00   0.00   0.00
  160   0.34  -0.02  -0.12  -0.61  -0.46  -0.51  -0.52  -0.55   0.00   0.00   0.00   0.00   0.36   0.00   0.00   0.00   0.00   0.00   0.00
  150   0.26  -0.06  -0.17  -0.69  -0.62  -0.44  -0.56  -0.60   0.00   0.00   0.00   0.00   0.00   0.00   0.00   0.00   0.00   0.00   0.00
  140   0.21  -0.04  -0.23  -0.70  -0.67  -0.49  -0.54  -0.67   0.00   0.00   0.00   0.00   0.00   0.00   0.00   0.00   0.00   0.00   0.00
  130   0.22   0.02  -0.30  -0.68  -0.60  -0.54  -0.52  -0.79   0.00   0.00   0.00   0.00   0.00   0.00   0.00   0.00   0.00   0.00   0.00
  120   0.27   0.08  -0.37  -0.67  -0.64  -0.58  -0.53  -0.88   0.00   0.00   0.00   0.00   0.00   0.00   0.00   0.00   0.00   0.00   0.00
  110   0.31   0.09  -0.46  -0.67  -0.72  -0.56  -0.59  -0.77   0.00   0.00   0.00   0.00   0.00   0.00   0.00   0.00   0.00   0.00   0.00
  100   0.28   0.03  -0.53  -0.66  -0.76  -0.54  -0.46  -0.50   0.00   0.00   0.00   0.00   0.01   0.00   0.00   0.00   0.00   0.00   0.00
   90   0.18  -0.06  -0.58  -0.64  -0.79  -0.60   0.00  -0.36   0.00   0.00   0.00   0.00   0.00   0.00   0.00   0.00   0.00   0.00   0.00
   80   0.05  -0.15  -0.59  -0.62  -0.80  -0.68   0.00   0.00   0.00   0.00   0.00  -0.40   0.00   0.00   0.00   0.00   0.00   0.00   0.00
   70  -0.04  -0.22  -0.56  -0.60  -0.81  -0.71  -0.59   0.00   0.00   0.00   0.00  -0.50   0.00   0.00   0.00   0.00   0.00   0.00   0.00
   60  -0.08  -0.24  -0.48  -0.59  -0.81  -0.67   0.00   0.00   0.00   0.00   0.00  -0.61  -0.25   0.00   0.00   0.00   0.00   0.00   0.00
   50  -0.06  -0.22  -0.36  -0.59  -0.77  -0.19   0.00   0.00   0.00   0.00   0.00  -0.62  -0.33   0.00   0.00   0.00   0.00   0.00   0.00
   40   0.00  -0.17  -0.24  -0.55  -0.68   0.00   0.00   0.00   0.00   0.00   0.00  -0.63  -0.40   0.00   0.00   0.00   0.00   0.00   0.00
   30   0.00  -0.13  -0.18   0.00  -0.52   0.00   0.00   0.00   0.00   0.00   0.00   0.00  -0.42   0.00   0.00   0.00   0.00   0.00   0.00
   20   0.00   0.00   0.00   0.00   0.00   0.00   0.00   0.00   0.00   0.00   0.00   0.00  -0.43   0.00   0.00   0.00   0.00   0.00   0.00
   10   0.00   0.00   0.00   0.00   0.00   0.00   0.00   0.00   0.00   0.00   0.00   0.00   0.00   0.00   0.00   0.00   0.00   0.00   0.00
    0   0.00   0.00   0.00   0.00   0.00   0.00   0.00   0.00   0.00   0.00   0.00   0.00   0.00   0.00   0.00   0.00   0.00   0.00   0.00
  -10   0.00   0.00   0.00   0.00   0.00   0.00   0.00   0.00   0.00   0.00   0.00   0.00   0.00   0.00   0.00   0.00   0.00   0.00   0.00
  -20   0.00   0.00   0.00   0.00   0.00   0.00   0.00   0.00   0.00   0.00   0.00   0.00   0.00   0.00   0.00   0.00   0.00   0.00   0.00
  -30   0.00   0.00   0.00   0.00  -0.37  -0.21   0.00   0.58   0.00   0.00   0.00   0.00   0.00   0.00   0.00   0.00   0.00   0.00   0.00
  -40   0.00   0.00   0.00   0.00  -0.39  -0.34   0.01   0.42   0.00   0.00   0.00   0.00   0.00   0.00   0.00   0.00   0.00   0.00   0.00
  -50   0.00   0.00   0.00   0.00  -0.47   0.00   0.00   0.20   0.00   0.00   0.00   0.00   0.00   0.00   0.00   0.00   0.00   0.00   0.00
  -60   0.00   0.00   0.00   0.00   0.00   0.00  -0.05   0.09   0.00   0.00   0.00   0.00   0.00   0.00   0.00   0.00   0.00   0.00   0.00
  -70   0.00   0.00   0.00   0.00   0.00   0.00   0.00   0.00   0.00   0.00   0.00   0.00   0.00   0.00   0.00   0.00   0.00   0.00   0.00
  -80   0.00   0.00   0.00   0.00   0.00   0.00   0.00   0.00   0.00   0.00   0.00   0.00   0.00   0.00   0.00   0.00   0.00   0.00   0.00
  -90   0.00   0.00   0.00   0.00   0.00   0.00   0.00   0.00   0.00   0.00   0.00   0.00   0.00   0.00   0.00   0.00   0.00   0.00   0.00
 -100   0.00   0.00   0.00   0.00   0.00   0.00   0.00   0.00   0.00   0.00   0.00   0.00   0.00   0.00   0.00   0.00   0.00   0.00   0.00
 -110   0.00   0.00   0.00   0.00   0.00   0.00   0.00   0.00   0.00   0.00   0.00   0.00   0.00   0.00   0.00   0.00   0.00   0.00   0.00
 -120   0.00   0.00   0.00   0.00   0.00   0.00   0.00   0.00   0.00   0.00   0.00   0.00   0.00   0.00   0.00   0.00   0.00   0.00   0.00
 -130   0.00   0.00   0.00   0.00   0.00   0.00   0.00   0.00   0.00   0.00   0.00   0.00   0.00   0.00   0.00   0.00   0.00   0.00   0.00
 -140   0.00   0.00   0.00   0.00   0.00   0.00   0.00   0.00   0.00   0.00   0.00   0.00   0.00   0.00   0.00   0.00   0.00   0.00   0.00
 -150   0.00   0.00   0.00   0.00   0.00   0.00   0.00   0.00   0.00   0.00   0.00   0.00   0.00   0.00   0.00   0.00   0.00   0.00   0.00
 -160   0.00   0.00   0.00   0.00   0.00   0.00   0.00   0.00   0.00   0.00   0.00   0.00   0.00   0.00   0.00   0.00   0.00   0.00   0.00
 -170   0.00   0.00   0.00   0.00   0.00   0.00   0.00   0.00   0.00   0.00   0.00   0.00   0.00   0.00   0.00   0.00   0.00   0.00   0.00
 -180   0.42  -0.03  -0.49  -0.69  -0.50  -0.44  -0.37   0.00   0.00   0.00   0.00   0.00   0.40   0.00   0.00   0.00   0.00   0.00   0.00
  180   0.00  -1.00  -3.00  -3.00  -3.00  -2.00   0.00   0.00   0.00   0.00   0.00   0.00   0.00   0.00   0.00   0.00   0.00   0.00   0.00
  170   0.00  -1.00  -3.00  -3.00  -3.00  -2.00  -1.00   0.00   0.00   0.00   0.00   0.00   0.00   0.00   0.00   0.00   0.00   0.00   0.00
  160   1.00  -1.00  -2.00  -2.00  -2.00  -1.00   0.00  -1.00   0.00   0.00   0.00   0.00   0.00   0.00   0.00   0.00   0.00   0.00   0.00
  150   1.00  -1.00  -2.00  -2.00  -1.00  -1.00  -1.00  -1.00   0.00   0.00   0.00   0.00   0.00   0.00   0.00   0.00   0.00   0.00   0.00
  140   1.00   0.00  -1.00  -2.00  -1.00  -1.00  -1.00  -1.00   0.00   0.00   0.00   0.00   1.00   0.00   0.00   0.00   0.00   0.00   0.00
  130   0.00   0.00  -2.00  -2.00  -2.00  -1.00   0.00   0.00   0.00   0.00   0.00   0.00   1.00   0.00   0.00   0.00   0.00   0.00   0.00
  120   0.00   0.00  -3.69  -4.86  -4.47  -2.93  -0.29   0.00   0.00   0.00   0.00   0.00   2.47   0.00   0.00   0.00   0.00   0.00   0.00
  110   0.00   0.00  -4.09  -5.32  -5.02  -3.57  -0.95   0.00   0.00   0.00   0.00   0.00   2.17   0.00   0.00   0.00   0.00   0.00   0.00
  100   0.00   0.00  -4.50  -5.78  -5.57  -4.21  -1.61   0.00   0.00   0.00   0.00   0.00   1.86   0.00   0.00   0.00   0.00   0.00   0.00
   90   0.00   0.00  -5.35  -6.61  -6.46  -5.25  -1.00  -1.00   0.00   0.00   0.00   0.00   0.96   0.00   0.00   0.00   0.00   0.00   0.00
   80   0.00  -1.00  -6.20  -7.44  -7.34  -6.29   0.00  -1.00   0.00   0.00   0.00  -1.00   0.06   0.00   0.00   0.00   0.00   0.00   0.00
   70   0.00  -1.00  -7.01  -8.16  -7.99  -4.00   0.00  -1.00   0.00   0.00   0.00   0.00  -1.06   0.00   0.00   0.00   0.00   0.00   0.00
   60   0.00  -1.00  -7.81  -8.88  -7.63  -3.00   0.00   0.00   0.00   0.00   0.00   0.00  -2.18   0.00   0.00   0.00   0.00   0.00   0.00
   50   0.00  -1.00  -5.00  -6.00  -5.00  -2.00   0.00   0.00   0.00   0.00   0.00   0.00  -1.00   0.00   0.00   0.00   0.00   0.00   0.00
   40   0.00  -1.00  -3.00  -5.00  -3.00  -1.00   0.00   0.00   0.00   0.00   0.00   0.00   0.00   0.00   0.00   0.00   0.00   0.00   0.00
   30   0.00   0.00  -1.00  -3.00  -1.00   0.00   0.00   0.00   0.00   0.00   0.00   0.00   0.00   0.00   0.00   0.00   0.00   0.00   0.00
   20   0.00   0.00   0.00  -1.00   0.00   0.00   0.00   0.00   0.00   0.00   0.00   0.00   0.00   0.00   0.00   0.00   0.00   0.00   0.00
   10   0.00   0.00   0.00   0.00   0.00   0.00   0.00   0.00   0.00   0.00   0.00   0.00   0.00   0.00   0.00   0.00   0.00   0.00   0.00
    0   0.00   0.00   0.00   0.00   0.00   0.00   0.00   0.00   0.00   0.00   0.00   0.00   0.00   0.00   0.00   0.00   0.00   0.00   0.00
  -10   0.00   0.00   0.00   0.00   0.00   0.00   0.00   0.00   0.00   0.00   0.00   0.00   0.00   0.00   0.00   0.00   0.00   0.00   0.00
  -20   0.00   0.00   0.00   0.00  -1.00  -1.00   0.00   0.00   0.00   0.00   0.00   0.00   0.00   0.00   0.00   0.00   0.00   0.00   0.00
  -30   0.00   0.00   0.00   0.00  -2.00  -3.43   0.00   0.00   0.00   0.00   0.00   0.00   0.00   0.00   0.00   0.00   0.00   0.00   0.00
  -40   0.00   0.00   0.00   0.00  -2.00  -2.70  -0.47   0.00   0.00   0.00   0.00   0.00   0.00   0.00   0.00   0.00   0.00   0.00   0.00
  -50   0.00   0.00   0.00   0.00  -2.00  -2.35   0.00   0.00   0.00   0.00   0.00   0.00   0.00   0.00   0.00   0.00   0.00   0.00   0.00
  -60   0.00   0.00   0.00   0.00  -1.00  -1.00   0.00   0.00   0.00   0.00   0.00   0.00   0.00   0.00   0.00   0.00   0.00   0.00   0.00
  -70   0.00   0.00   0.00   0.00   0.00   0.00   0.00   0.00   0.00   0.00   0.00   0.00   0.00   0.00   0.00   0.00   0.00   0.00   0.00
  -80   0.00   0.00   0.00   0.00   0.00   0.00   0.00   0.00   0.00   0.00   0.00   0.00   0.00   0.00   0.00   0.00   0.00   0.00   0.00
  -90   0.00   0.00   0.00   0.00   0.00   0.00   0.00   0.00   0.00   0.00   0.00   0.00   0.00   0.00   0.00   0.00   0.00   0.00   0.00
 -100   0.00   0.00   0.00   0.00   0.00   0.00   0.00   0.00   0.00   0.00   0.00   0.00   0.00   0.00   0.00   0.00   0.00   0.00   0.00
 -110   0.00   0.00   0.00   0.00   0.00   0.00   0.00   0.00   0.00   0.00   0.00   0.00   0.00   0.00   0.00   0.00   0.00   0.00   0.00
 -120   0.00   0.00   0.00   0.00   0.00   0.00   0.00   0.00   0.00   0.00   0.00   0.00   0.00   0.00   0.00   0.00   0.00   0.00   0.00
 -130   0.00   0.00   0.00   0.00   0.00   0.00   0.00   0.00   0.00   0.00   0.00   0.00   0.00   0.00   0.00   0.00   0.00   0.00   0.00
 -140   0.00   0.00   0.00   0.00   0.00   0.00   0.00   0.00   0.00   0.00   0.00   0.00   0.00   0.00   0.00   0.00   0.00   0.00   0.00
 -150   0.00   0.00   0.00   0.00   0.00   0.00   0.00   0.00   0.00   0.00   0.00   0.00   0.00   0.00   0.00   0.00   0.00   0.00   0.00
 -160   0.00   0.00   0.00   0.00   0.00   0.00   0.00   0.00   0.00   0.00   0.00   0.00   0.00   0.00   0.00   0.00   0.00   0.00   0.00
 -170   0.00   0.00   0.00   0.00   0.00   0.00   0.00   0.00   0.00   0.00   0.00   0.00   0.00   0.00   0.00   0.00   0.00   0.00   0.00
 -180   0.00  -1.00  -3.00  -3.00  -3.00  -2.00   0.00   0.00   0.00   0.00   0.00   0.00   0.00   0.00   0.00   0.00   0.00   0.00   0.00
  180  -0.19  -0.34  -0.24  -0.44  -0.28  -0.44  -0.40   0.00   0.00   0.00   0.00   0.00   0.03   0.00   0.00   0.00   0.00   0.00   0.00
  170  -0.34  -0.19  -0.36  -0.44  -0.40  -0.46  -0.64  -0.39   0.00   0.00   0.00   0.00  -0.09   0.00   0.00   0.00   0.00   0.00   0.00
  160  -0.01  -0.34  -0.34  -0.40  -0.52  -0.44  -0.43  -0.44   0.00   0.00   0.00   0.00  -0.21   0.00   0.00   0.00   0.00   0.00   0.00
  150  -0.07  -0.27  -0.32  -0.51  -0.45  -0.49  -0.51  -0.41   0.00   0.00   0.00   0.00   0.00   0.00   0.00   0.00   0.00   0.00   0.00
  140  -0.27  -0.29  -0.24  -0.43  -0.55  -0.45  -0.51  -0.28   0.00   0.00   0.00   0.00   0.00   0.00   0.00   0.00   0.00   0.00   0.00
  130  -0.26  -0.30  -0.46  -0.19  -0.41  -0.41  -0.43  -0.51   0.00   0.00   0.00   0.00   0.00   0.00   0.00   0.00   0.00   0.00   0.00
  120  -0.13  -0.18  -0.12  -0.46  -0.35  -0.19  -0.50  -0.44   0.00   0.00   0.00   0.00   0.00   0.00   0.00   0.00   0.00   0.00   0.00
  110  -0.09  -0.23  -0.15  -0.19  -0.27  -0.23  -0.41  -0.10   0.00   0.00   0.00   0.00   0.00   0.00   0.00   0.00   0.00   0.00   0.00
  100  -0.12  -0.01  -0.20  -0.04  -0.30  -0.28  -0.24  -0.05   0.00   0.00   0.00   0.00  -0.59   0.00   0.00   0.00   0.00   0.00   0.00
   90  -0.06   0.05   0.06  -0.08   0.11   0.20   0.00   0.04   0.00   0.00   0.00   0.00   0.00   0.00   0.00   0.00   0.00   0.00   0.00
   80  -0.02   0.06   0.27   0.15   0.18   0.45   0.00   0.00   0.00   0.00   0.00  -0.58   0.00   0.00   0.00   0.00   0.00   0.00   0.00
   70  -0.25  -0.15   0.07   0.20   0.20   0.57   0.26   0.00   0.00   0.00   0.00  -0.65   0.00   0.00   0.00   0.00   0.00   0.00   0.00
   60  -0.36  -0.10   0.10   0.13   0.54   0.88   0.00   0.00   0.00   0.00   0.00  -0.72  -0.61   0.00   0.00   0.00   0.00   0.00   0.00
   50  -0.64  -0.28  -0.10   0.30   0.57   0.19   0.00   0.00   0.00   0.00   0.00  -0.66  -0.59   0.00   0.00   0.00   0.00   0.00   0.00
   40   0.00  -0.45  -0.14   0.37   0.61   0.00   0.00   0.00   0.00   0.00   0.00  -0.60  -0.57   0.00   0.00   0.00   0.00   0.00   0.00
   30   0.00  -0.57  -0.23   0.00   0.64   0.00   0.00   0.00   0.00   0.00   0.00   0.00  -0.50   0.00   0.00   0.00   0.00   0.00   0.00
   20   0.00   0.00   0.00   0.00   0.00   0.00   0.00   0.00   0.00   0.00   0.00   0.00  -0.43   0.00   0.00   0.00   0.00   0.00   0.00
   10   0.00   0.00   0.00   0.00   0.00   0.00   0.00   0.00   0.00   0.00   0.00   0.00   0.00   0.00   0.00   0.00   0.00   0.00   0.00
    0   0.00   0.00   0.00   0.00   0.00   0.00   0.00   0.00   0.00   0.00   0.00   0.00   0.00   0.00   0.00   0.00   0.00   0.00   0.00
  -10   0.00   0.00   0.00   0.00   0.00   0.00   0.00   0.00   0.00   0.00   0.00   0.00   0.00   0.00   0.00   0.00   0.00   0.00   0.00
  -20   0.00   0.00   0.00   0.00   0.00   0.00   0.00   0.00   0.00   0.00   0.00   0.00   0.00   0.00   0.00   0.00   0.00   0.00   0.00
  -30   0.00   0.00   0.00   0.00  -0.55  -0.01   0.00   0.95   0.00   0.00   0.00   0.00   0.00   0.00   0.00   0.00   0.00   0.00   0.00
  -40   0.00   0.00   0.00   0.00  -0.58  -0.26   0.37   0.85   0.00   0.00   0.00   0.00   0.00   0.00   0.00   0.00   0.00   0.00   0.00
  -50   0.00   0.00   0.00   0.00  -0.71   0.00   0.00   0.48   0.00   0.00   0.00   0.00   0.00   0.00   0.00   0.00   0.00   0.00   0.00
  -60   0.00   0.00   0.00   0.00   0.00   0.00  -0.14   0.16   0.00   0.00   0.00   0.00   0.00   0.00   0.00   0.00   0.00   0.00   0.00
  -70   0.00   0.00   0.00   0.00   0.00   0.00   0.00   0.00   0.00   0.00   0.00   0.00   0.00   0.00   0.00   0.00   0.00   0.00   0.00
  -80   0.00   0.00   0.00   0.00   0.00   0.00   0.00   0.00   0.00   0.00   0.00   0.00   0.00   0.00   0.00   0.00   0.00   0.00   0.00
  -90   0.00   0.00   0.00   0.00   0.00   0.00   0.00   0.00   0.00   0.00   0.00   0.00   0.00   0.00   0.00   0.00   0.00   0.00   0.00
 -100   0.00   0.00   0.00   0.00   0.00   0.00   0.00   0.00   0.00   0.00   0.00   0.00   0.00   0.00   0.00   0.00   0.00   0.00   0.00
 -110   0.00   0.00   0.00   0.00   0.00   0.00   0.00   0.00   0.00   0.00   0.00   0.00   0.00   0.00   0.00   0.00   0.00   0.00   0.00
 -120   0.00   0.00   0.00   0.00   0.00   0.00   0.00   0.00   0.00   0.00   0.00   0.00   0.00   0.00   0.00   0.00   0.00   0.00   0.00
 -130   0.00   0.00   0.00   0.00   0.00   0.00   0.00   0.00   0.00   0.00   0.00   0.00   0.00   0.00   0.00   0.00   0.00   0.00   0.00
 -140   0.00   0.00   0.00   0.00   0.00   0.00   0.00   0.00   0.00   0.00   0.00   0.00   0.00   0.00   0.00   0.00   0.00   0.00   0.00
 -150   0.00   0.00   0.00   0.00   0.00   0.00   0.00   0.00   0.00   0.00   0.00   0.00   0.00   0.00   0.00   0.00   0.00   0.00   0.00
 -160   0.00   0.00   0.00   0.00   0.00   0.00   0.00   0.00   0.00   0.00   0.00   0.00   0.00   0.00   0.00   0.00   0.00   0.00   0.00
 -170   0.00   0.00   0.00   0.00   0.00   0.00   0.00   0.00   0.00   0.00   0.00   0.00   0.00   0.00   0.00   0.00   0.00   0.00   0.00
 -180  -0.19  -0.34  -0.24  -0.44  -0.28  -0.44  -0.40   0.00   0.00   0.00   0.00   0.00   0.03   0.00   0.00   0.00   0.00   0.00   0.00
