#-----------------------------------------------------------------------------------------------------------------------------------------
#ps\ph  -180   -160   -140   -120   -100   -80    -60    -40    -20     0      20     40     60     80    100    120    140    160    180
#-----------------------------------------------------------------------------------------------------------------------------------------
  180    -4.05  -3.80  -4.29  -4.79  -3.04  -1.94  -0.22  -0.75   0.00   0.00   0.00   0.00  -1.47   0.00   0.00   0.00   0.00   0.00   0.00
  170    -3.55  -3.86  -4.20  -4.62  -3.01  -1.90  -0.45  -1.00   0.00   0.00   0.00  -0.50  -1.48   0.00   0.00   0.00   0.00   0.00   0.00
  160    -3.65  -3.42  -4.09  -4.47  -3.97  -1.87  -0.67  -1.00   0.00   0.00   0.00  -0.50  -1.49   0.00   0.00   0.00   0.00   0.00   0.00
  150    -3.65  -3.52  -3.98  -4.39  -3.92  -2.82  -1.73  -1.25   0.00   0.00   0.00  -1.00  -1.62   0.00   0.00   0.00   0.00   0.00   0.00
  140    -3.65  -3.63  -3.87  -5.31  -3.88  -2.75  -1.78  -1.40   0.00   0.00   0.00  -1.00  -1.75   0.00   0.00   0.00   0.00   0.00   0.00
  130    -3.65  -3.64  -3.77  -5.22  -3.73  -2.71  -1.72  -1.50   0.00   0.00   0.00  -1.50  -1.95   0.00   0.00   0.00   0.00   0.00   0.00
  120    -3.15  -3.65  -3.67  -4.12  -3.59  -2.66  -1.66  -1.75   0.00   0.00   0.00  -1.50  -2.14  -0.50   0.00   0.00   0.00   0.00   0.00
  110    -3.15  -3.15  -3.61  -4.07  -3.46  -2.60  -1.60  -1.25   0.00   0.00   0.00  -2.00  -2.37  -1.00   0.00   0.00   0.00   0.00   0.00
  100    -3.15  -3.15  -3.54  -4.02  -3.31  -2.55  -1.55  -1.50   0.00   0.00   0.00  -3.08  -2.60  -1.50   0.00   0.00   0.00   0.00   0.00
   90    -2.65  -3.21  -3.46  -3.95  -3.33  -2.56  -1.56  -1.50   0.00   0.00  -0.50  -3.19  -2.72  -1.50   0.00   0.00   0.00   0.00   0.00
   80    -2.65  -2.76  -3.39  -3.90  -3.34  -2.58  -1.58  -1.00   0.00   0.00  -1.00  -3.52  -2.85  -1.50   0.00   0.00   0.00   0.00   0.00
   70    -2.65  -2.75  -3.19  -3.42  -3.00  -1.73  -0.50  -1.00   0.00   0.00  -2.50  -3.81  -3.06  -1.50   0.00   0.00   0.00   0.00   0.00
   60    -2.65  -2.73  -3.19  -2.94  -2.64  -1.31   0.00  -0.50   0.00   0.00  -3.73  -4.10  -3.25  -1.50   0.00   0.00   0.00   0.00   0.00
   50    -2.65  -2.70  -2.66  -2.48  -1.92  -1.00   0.00   0.00   0.00   0.00  -2.50  -4.32  -3.43  -2.00   0.00   0.00   0.00   0.00   0.00
   40    -2.50  -2.67  -2.84  -2.02  -1.33  -0.50   0.00   0.00   0.00   0.00  -1.50  -4.55  -3.60  -2.50   0.00   0.00   0.00   0.00   0.00
   30    -1.50  -2.00  -2.50  -1.60  -1.23   1.00   0.00   0.00   0.00   0.00  -0.50  -2.50  -2.40  -2.00   0.00   0.00   0.00   0.00   0.00
   20    -1.00  -2.00  -2.00  -1.07  -0.91   1.00   0.00   0.00   0.00   0.00   0.00  -1.00  -1.61  -1.00   0.00   0.00   0.00   0.00   0.00
   10     0.00  -2.00  -1.00   0.00  -0.38   2.00   0.00   0.00   0.00   0.00   0.00   0.00  -1.00  -1.00   0.00   0.00   0.00   0.00   0.00
    0     0.00  -2.00  -1.00   0.00   1.00   2.00   0.00   0.00   0.00   0.00   0.00   0.00  -0.50  -1.00   0.00   0.00   0.00   0.00   0.00
  -10     0.00  -1.00   0.00   0.00   1.00   1.00   0.00   0.00   0.00   0.00   0.00   0.00   0.00   0.00   0.00   0.00   0.00   0.00   0.00
  -20     0.00   0.00   0.00   0.00  -0.01   0.22   0.34   0.33   0.00   0.00   0.00   0.00   0.00   0.00   0.00   0.00   0.00   0.00   0.00
  -30     0.00   0.00   0.00   0.00  -0.10   0.06   0.26  -0.72   0.00   0.00   0.00   0.00   0.00   0.00   0.00   0.00   0.00   0.00   0.00
  -40     0.00   0.00   0.00   0.00  -0.13   0.15  -0.38  -0.32   0.00   0.00   0.00   0.00   0.00   0.00   0.00   0.00   0.00   0.00   0.00
  -50     0.00   0.00   0.00   0.00  -0.14  -0.07   0.04  -0.36   0.00   0.00   0.00   0.00   0.00   0.00   0.00   0.00   0.00   0.00   0.00
  -60     0.00   0.25   0.15   0.05  -0.09  -0.05   0.54  -0.42   0.00   0.00   0.00   0.00   0.00   0.00   0.00   0.00   0.00   0.00   0.00
  -70     0.00   0.00   0.00   0.00   0.00   0.00   0.00   0.00   0.00   0.00   0.00   0.00   0.00   0.00   0.00   0.00   0.00   0.00   0.00
  -80     0.00   0.00   0.00   0.00   0.00   0.00   0.00   0.00   0.00   0.00   0.00   0.00   0.00   0.00   0.00   0.00   0.00   0.00   0.00
  -90     0.00   0.00   0.00   0.00   0.00   0.00   0.00   0.00   0.00   0.00   0.00   0.00   0.00   0.00   0.00   0.00   0.00   0.00   0.00
 -100     0.00   0.00   0.00   0.00   0.00   0.00   0.00   0.00   0.00   0.00   0.00   0.00   0.00   0.00   0.00   0.00   0.00   0.00   0.00
 -110     0.00   0.00   0.00   0.00   0.00   0.00   0.00   0.00   0.00   0.00   0.00   0.00   0.00   0.00   0.00   0.00   0.00   0.00   0.00
 -120     0.00   0.00   0.00   0.00   0.00   0.00   0.00   0.00   0.00   0.00   0.00   0.00   0.00   0.00   0.00   0.00   0.00   0.00   0.00
 -130     0.00   0.00   0.00   0.00   0.00   0.00   0.00   0.00   0.00   0.00   0.00   0.00   0.00   0.00   0.00   0.00   0.00   0.00   0.00
 -140     0.00   0.00   0.00   0.00   0.00   0.00   0.00   0.00   0.00   0.00   0.00   0.00  -5.00  -4.00   0.00   0.00   0.00   0.00   0.00
 -150    -2.00  -1.00  -2.00  -2.00  -1.00   0.00   0.00   0.00   0.00   0.00   0.00   0.00  -5.00  -4.00   0.00   0.00   0.00   0.00   0.00
 -160    -3.00  -2.00  -3.00  -3.00  -2.00   0.00   0.00   0.00   0.00   0.00   0.00   0.00  -5.00  -4.00   0.00   0.00   0.00  -4.00  -3.00
 -170    -4.00  -3.00  -4.00  -4.00  -3.00  -1.00   0.00   0.00   0.00   0.00   0.00   0.00  -5.00  -4.00   0.00   0.00   0.00  -4.00  -3.00
 -180    -4.05  -3.80  -4.29  -4.79  -3.04  -1.94  -0.22  -0.75   0.00   0.00   0.00   0.00  -1.47   0.00   0.00   0.00   0.00   0.00   0.00
  180     0.00   0.00   0.00   0.00   0.00   0.00   0.00   0.00   0.00   0.00   0.00   0.00   0.00   0.00   0.00   0.00   0.00   0.00   0.00
  170     0.00   0.00   0.00   0.00   0.00   0.00   0.00   0.00   0.00   0.00   0.00   0.00   0.00   0.00   0.00   0.00   0.00   0.00   0.00
  160     0.00   0.00   0.11   1.24   2.63   2.35   0.00   0.00   0.00   0.00   0.00   0.00  -1.00   0.00   0.00   0.00   0.00   0.00   0.00
  150     0.00   0.00   0.06   1.13   2.69   2.69   5.00   0.00   0.00   0.00   0.00   0.00  -3.00   0.00   0.00   0.00   0.00   0.00   0.00
  140     0.00   0.00   0.00   1.02   2.75   3.04   2.00   2.00   0.00   0.00   0.00   0.00  -5.77  -1.00   0.00   0.00   0.00   0.00   0.00
  130     0.00   0.00  -0.03   1.03   2.71   2.94   0.00   0.00   0.00   0.00   0.00   0.00  -5.97  -1.00   0.00   0.00   0.00   0.00   0.00
  120     0.00   0.00  -1.73   0.68   3.52   4.22   0.78   0.00   0.00   0.00   0.00   0.00 -14.23  -2.00   0.00   0.00   0.00   0.00   0.00
  110     0.00   0.00  -1.69   0.83   3.57   3.79   0.34   0.00   0.00   0.00   0.00   0.00 -13.67  -2.00   0.00   0.00   0.00   0.00   0.00
  100     0.00   0.00  -1.65   0.99   3.62   3.34  -0.09   0.00   0.00   0.00   0.00  -1.00 -13.11  -3.00   0.00   0.00   0.00   0.00   0.00
   90     0.00   0.00  -1.44   1.32   4.11   3.65   0.00   0.00   0.00   0.00   0.00  -2.00 -12.13  -2.00   0.00   0.00   0.00   0.00   0.00
   80     0.00   0.00  -1.23   1.66   4.58   3.95   0.00   0.00   0.00   0.00   0.00  -3.83 -11.14  -2.00   0.00   0.00   0.00   0.00   0.00
   70     0.00   0.00  -0.70   2.38   5.36   3.45   0.00   0.00   0.00   0.00   0.00  -3.21 -10.19  -1.00   0.00   0.00   0.00   0.00   0.00
   60     0.00   0.00  -0.17   3.09   6.13   4.33   0.00   0.00   0.00   0.00   0.00  -2.60  -9.23  -1.00   0.00   0.00   0.00   0.00   0.00
   50     0.00   0.00   0.99   2.37   3.60   3.00   0.00   0.00   0.00   0.00   0.00  -1.00  -6.00   0.00   0.00   0.00   0.00   0.00   0.00
   40     0.00   0.00   1.27   2.53   3.64   2.00   0.00   0.00   0.00   0.00   0.00   0.00  -3.00   0.00   0.00   0.00   0.00   0.00   0.00
   30     0.00   0.00   0.00   2.21   3.21   1.00   0.00   0.00   0.00   0.00   0.00   0.00  -1.00   0.00   0.00   0.00   0.00   0.00   0.00
   20     0.00   0.00   0.00   1.89   2.79   0.00   0.00   0.00   0.00   0.00   0.00   0.00   0.00   0.00   0.00   0.00   0.00   0.00   0.00
   10     0.00   0.00   0.00   1.00   1.00   0.00   0.00   0.00   0.00   0.00   0.00   0.00   0.00   0.00   0.00   0.00   0.00   0.00   0.00
    0     0.00   0.00   0.00   0.00   0.00   0.00   0.00   0.00   0.00   0.00   0.00   0.00   0.00   0.00   0.00   0.00   0.00   0.00   0.00
  -10     0.00   0.00   0.00   0.00   0.00   0.00   2.00   0.00   0.00   0.00   0.00   0.00   0.00   0.00   0.00   0.00   0.00   0.00   0.00
  -20     0.00   0.00   0.00   0.00   0.00   1.25   0.00   0.00   0.00   0.00   0.00   0.00   0.00   0.00   0.00   0.00   0.00   0.00   0.00
  -30     0.00   0.00   0.00   0.00   1.39   1.84   0.41   0.00   0.00   0.00   0.00   0.00   0.00   0.00   0.00   0.00   0.00   0.00   0.00
  -40     0.00   0.00   0.00   0.00   1.49   2.10   1.09  -0.42   0.00   0.00   0.00   0.00   0.00   0.00   0.00   0.00   0.00   0.00   0.00
  -50     0.00   0.00   0.00   0.00   1.53   1.54   0.42  -0.42   0.00   0.00   0.00   0.00   0.00   0.00   0.00   0.00   0.00   0.00   0.00
  -60     0.00   0.00   0.00   1.24   1.50   1.33   0.14  -0.68   0.00   0.00   0.00   0.00   0.00   0.00   0.00   0.00   0.00   0.00   0.00
  -70     0.00   0.00   0.00   0.00   0.00   0.00   0.00   0.00   0.00   0.00   0.00   0.00   0.00   0.00   0.00   0.00   0.00   0.00   0.00
  -80     0.00   0.00   0.00   0.00   0.00   0.00   0.00   0.00   0.00   0.00   0.00   0.00   0.00   0.00   0.00   0.00   0.00   0.00   0.00
  -90     0.00   0.00   0.00   0.00   0.00   0.00   0.00   0.00   0.00   0.00   0.00   0.00   0.00   0.00   0.00   0.00   0.00   0.00   0.00
 -100     0.00   0.00   0.00   0.00   0.00   0.00   0.00   0.00   0.00   0.00   0.00   0.00   0.00   0.00   0.00   0.00   0.00   0.00   0.00
 -110     0.00   0.00   0.00   0.00   0.00   0.00   0.00   0.00   0.00   0.00   0.00   0.00   0.00   0.00   0.00   0.00   0.00   0.00   0.00
 -120     0.00   0.00   0.00   0.00   0.00   0.00   0.00   0.00   0.00   0.00   0.00   0.00   0.00   0.00   0.00   0.00   0.00   0.00   0.00
 -130     0.00   0.00   0.00   0.00   0.00   0.00   0.00   0.00   0.00   0.00   0.00   0.00   0.00   0.00   0.00   0.00   0.00   0.00   0.00
 -140     0.00   0.00   0.00   0.00   0.00   0.00   0.00   0.00   0.00   0.00   0.00   0.00   0.00   0.00   0.00   0.00   0.00   0.00   0.00
 -150     0.00   0.00   0.00   0.00   0.00   0.00   0.00   0.00   0.00   0.00   0.00   0.00   0.00   0.00   0.00   0.00   0.00   0.00   0.00
 -160     0.00   0.00   0.00   0.00   0.00   0.00   0.00   0.00   0.00   0.00   0.00   0.00   0.00   0.00   0.00   0.00   0.00   0.00   0.00
 -170     0.00   0.00   0.00   0.00   0.00   0.00   0.00   0.00   0.00   0.00   0.00   0.00   0.00   0.00   0.00   0.00   0.00   0.00   0.00
 -180     0.00   0.00   0.00   0.00   0.00   0.00   0.00   0.00   0.00   0.00   0.00   0.00   0.00   0.00   0.00   0.00   0.00   0.00   0.00
  180    -1.00  -0.54  -0.65  -1.32  -2.31  -3.88  -5.90  -3.00   0.00   0.00   0.00  -0.50  -4.30  -1.00   0.00  -1.00  -2.00  -1.00   0.00
  170    -0.50  -0.46  -0.27  -0.97  -1.85  -3.32  -5.09  -3.50   0.00   0.00   0.00  -2.00  -4.36  -2.50   2.00  -1.00  -2.00  -1.00   0.00
  160     0.00  -0.38   0.11  -0.62  -1.41  -2.75  -4.27  -2.50   0.00   0.00   0.00  -3.00  -4.42  -2.00   2.00  -1.00  -2.00  -1.00   0.00
  150     0.50   0.91   1.60   0.91   0.29  -0.64  -1.92  -1.50   0.00   0.00   0.00  -2.00  -2.65  -1.50   2.00  -1.00  -2.00  -1.00   0.00
  140     1.50   2.69   3.08   2.44   1.98   1.49   0.43   0.00   0.00   0.00   0.00  -1.00  -0.88  -1.00   2.00   0.00  -2.00  -1.00   0.00
  130     3.00   4.32   4.19   3.52   3.52   3.90   3.99   1.50   0.00   0.00   0.00   0.50   0.56  -0.50   3.00   0.00   0.00   0.00   0.00
  120     4.50   5.45   5.30   4.62   5.06   5.32   5.56   4.00   0.00   0.00   0.50   1.50   2.00   0.00   3.00   0.00   0.00   0.00   0.00
  110     5.50   5.43   5.28   4.43   5.16   6.86   7.78   6.50   0.00   0.00   1.50   2.00   1.86   0.00   3.00   0.00   0.00   0.00   0.00
  100     5.00   5.42   5.25   4.25   5.25   6.38   8.01   7.50   0.00   0.00   1.00   2.54   1.73   0.00   1.00   0.00   0.00   0.00   0.00
   90     3.50   4.42   4.05   3.10   3.96   6.89   8.82   5.50   0.00   0.00   0.50   1.29   0.71   0.00   0.00   0.00   0.00   0.00   0.00
   80     2.50   2.94   2.84   1.94   2.67   6.40   9.14   4.50   0.00   0.00   0.00  -0.18  -0.30  -0.50   0.00   0.00   0.00   0.00   0.00
   70     1.50   1.65   1.41   0.84   1.30   5.10   7.00   3.50   0.00   0.00  -0.50  -2.65  -1.77  -1.00   0.00   0.00   0.00   0.00   0.00
   60     0.50   0.36   0.28  -0.25  -0.06   3.58   5.00   2.50   0.00   0.00  -0.93  -5.12  -3.23  -1.50   0.00   0.00   0.00   0.00   0.00
   50    -0.50  -0.60  -0.06  -0.48  -0.54   2.50   3.00   1.50   0.00   0.00  -1.00  -4.59  -4.13  -1.00   0.00   0.00   0.00   0.00   0.00
   40     0.00  -1.56  -0.60  -0.71  -0.92   1.50   2.00   1.00   0.00   0.00  -0.50  -4.06  -5.02  -2.50   0.00   0.00   0.00   0.00   0.00
   30     0.00   0.00   0.50  -1.12  -1.15   0.50   1.00   0.50   0.00   0.00   0.00  -2.50  -4.02  -4.00  -1.00   0.00   0.00   0.00   0.00
   20     0.00   0.00   0.00  -1.44   0.63   0.00   0.50   0.00   0.00   0.00   0.00  -1.00  -2.39  -3.00  -2.00   0.00   0.00   0.00   0.00
   10     0.00   0.00   0.00  -0.50   1.69  -0.50  -0.50   0.00   0.00   0.00   0.00   0.00  -2.00  -3.00  -2.00   0.00   0.00   0.00   0.00
    0     0.00   0.00   0.00   0.00   1.35  -1.00  -1.00  -0.50   0.00   0.00   0.00   1.00  -2.00  -2.00  -2.00   0.00   0.00   0.00   0.00
  -10     0.00   0.00   0.00  -1.00  -1.50  -1.50  -1.50  -1.00   0.00   0.00   0.00   0.00  -2.00  -2.00  -2.00   0.00   0.00   0.00   0.00
  -20     0.00   0.00   0.00  -1.50  -2.26  -3.10  -3.08  -2.50  -0.50   0.00   0.00   0.00  -1.00  -2.00  -2.00   0.00   0.00   0.00   0.00
  -30     0.00  -0.50  -0.50  -2.00  -2.75  -3.35  -4.54  -3.93  -2.00   0.00   0.00   0.00   0.00   0.00   0.00   0.00   0.00   0.00   0.00
  -40    -0.50  -1.50  -1.50  -2.50  -3.26  -3.72  -4.38  -5.26  -3.00   0.00   0.00   0.00   0.00   0.00   0.00   0.00   0.00   0.00   0.00
  -50    -2.00  -2.50  -2.50  -3.00  -4.25  -4.61  -5.09  -5.63  -4.00   0.00   0.00   0.00   0.00   0.00   0.00   0.00   0.00   0.00   0.00
  -60    -3.00  -3.50  -3.50  -3.50  -4.46  -4.78  -5.68  -5.25  -4.00   0.00   0.00   0.00   0.00   0.00   0.00   0.00   0.00   0.00   0.00
  -70    -1.50  -2.50  -2.50  -2.50  -2.50  -2.00  -2.00  -3.00  -2.00   0.00   0.00   0.00   0.00   0.00   0.00   0.00   0.00   0.00   0.00
  -80    -0.50  -1.00  -1.00  -1.00  -1.50  -0.50  -0.50  -1.00  -0.50   0.00   0.00   0.00   0.00   0.00   0.00   0.00   0.00   0.00   0.00
  -90     0.00   0.00   0.00   0.00   0.00   0.00   0.00   0.00   0.00   0.00   0.00   0.00   0.00   0.00   0.00   0.00   0.00   0.00   0.00
 -100     0.00   0.00   0.00   0.00   0.00   0.00   0.00   0.00   0.00   0.00   0.00   0.00   0.00   0.00   0.00   0.00   0.00   0.00   0.00
 -110     0.00   0.00   0.00   0.00   0.00   0.00   0.00   0.00   0.00   0.00   0.00   0.00   0.00   0.00   0.00   0.00   0.00   0.00   0.00
 -120     0.00   0.00   0.00   0.00   0.00   0.00   0.00   0.00   0.00   0.00   0.00   0.00   0.00   0.00   0.00   0.00   0.00   0.00   0.00
 -130     0.00   0.00   0.00   0.00   0.00   0.00   0.00   0.00   0.00   0.00   0.00   0.00   0.00   0.00   0.00   0.00   0.00   0.00   0.00
 -140     0.00   0.00   0.00   0.00   0.00   0.00   0.00   0.00   0.00   0.00   0.00   0.00   0.00   0.00   0.00   0.00   0.00   0.00   0.00
 -150     0.00   0.00   0.00   0.00   0.00   0.00   0.00   0.00   0.00   0.00   0.00   0.00   0.00   0.00   0.00   0.00   9.00   9.00   0.00
 -160     0.00   0.00   0.00   0.00   0.00   0.00  -1.00   0.00   0.00   0.00   0.00   0.00   0.00   0.00   0.00   0.00   9.00   9.00   0.00
 -170     0.00   0.00   0.00   0.00  -1.00  -2.00  -3.00  -2.00   0.00   0.00   0.00   0.00  -2.00   0.00   0.00   0.00   9.00   9.00   0.00
 -180    -1.00  -0.54  -0.65  -1.32  -2.31  -3.88  -5.90  -3.00   0.00   0.00   0.00  -0.50  -4.30  -1.00   0.00  -1.00  -2.00  -1.00   0.00
