#-----------------------------------------------------------------------------------------------------------------------------------------
#ps\ph  -180   -160   -140   -120   -100   -80    -60    -40    -20     0      20     40     60     80    100    120    140    160    180
#-----------------------------------------------------------------------------------------------------------------------------------------
  180  -0.10   0.40   0.34   0.53   0.60   1.00   1.50   0.50   0.00   0.00   0.00   0.00   0.34   0.00   0.00   0.00   0.00   0.00   0.00
  170  -0.10   0.28   0.20   0.41   0.42   0.81   1.21   1.00   0.00   0.00   0.00   0.00   0.50   0.00   0.00   0.00   0.00   0.00   0.00
  160  -0.30   0.16   0.05   0.28   0.24   0.62   0.92   1.00   0.00   0.00   0.00   0.00   0.65   0.00   0.00   0.00   0.00   0.00   0.00
  150  -0.30  -0.05   0.02   0.13   0.06   0.43   0.65   0.50   0.00   0.00   0.00   0.00   0.61   0.00   0.00   0.00   0.00   0.00   0.00
  140  -0.30  -0.27   0.00  -0.02  -0.12   0.24   0.38   0.20   0.00   0.00   0.00   0.00   0.58   0.00   0.00   0.00   0.00   0.00   0.00
  130  -0.30  -0.28  -0.02  -0.10  -0.20   0.00   0.21   0.00   0.00   0.00   0.00   0.00   0.40   0.00   0.00   0.00   0.00   0.00   0.00
  120  -0.30  -0.30  -0.04  -0.18  -0.28  -0.23   0.04  -0.50   0.00   0.00   0.00   0.00   0.22   0.00   0.00   0.00   0.00   0.00   0.00
  110  -0.30  -0.30  -0.17  -0.26  -0.41  -0.48  -0.22  -0.50   0.00   0.00   0.00   0.00   0.02   0.00   0.00   0.00   0.00   0.00   0.00
  100  -0.30  -0.29  -0.29  -0.34  -0.54  -0.74  -0.49  -1.00   0.00   0.00   0.00   0.00  -0.19   0.00   0.00   0.00   0.00   0.00   0.00
   90  -0.30  -0.41  -0.35  -0.52  -0.83  -1.02  -0.79  -1.00   0.00   0.00   0.00   0.00  -0.31   0.00   0.00   0.00   0.00   0.00   0.00
   80  -0.30  -0.52  -0.41  -0.71  -1.12  -1.30  -1.09   0.00   0.00   0.00   0.00  -0.45  -0.43   0.00   0.00   0.00   0.00   0.00   0.00
   70  -0.30  -0.49  -0.39  -0.64  -1.08  -1.46   0.00   0.00   0.00   0.00   0.00  -0.83  -0.74   0.00   0.00   0.00   0.00   0.00   0.00
   60  -0.30  -0.46  -0.37  -0.58  -1.03  -1.63   0.00   0.00   0.00   0.00   0.00  -1.22  -1.05   0.00   0.00   0.00   0.00   0.00   0.00
   50  -0.30  -0.40  -0.32  -0.44  -0.85   0.00   0.00   0.00   0.00   0.00   0.00  -1.55  -1.20   0.00   0.00   0.00   0.00   0.00   0.00
   40   0.00  -0.34  -0.26  -0.29  -0.67   0.00   0.00   0.00   0.00   0.00   0.00  -1.89  -1.36   0.00   0.00   0.00   0.00   0.00   0.00
   30   0.00   0.00   0.00  -0.21  -0.45   0.00   0.00   0.00   0.00   0.00   0.00   0.00  -1.80   0.00   0.00   0.00   0.00   0.00   0.00
   20   0.00   0.00   0.00  -0.13  -0.24  -1.00  -1.00   0.00   0.00   0.00   0.00   0.00  -2.23   0.00   0.00   0.00   0.00   0.00   0.00
   10   0.00   0.00   0.00   0.00  -2.00  -2.00  -2.00   0.00   0.00   0.00   0.00   0.00   0.00   0.00   0.00   0.00   0.00   0.00   0.00
    0   0.00   0.00   0.00   0.00  -3.00  -2.00  -2.00   0.00   0.00   0.00   0.00   0.00   0.00   0.00   0.00   0.00   0.00   0.00   0.00
  -10   0.00   0.00   0.00   0.00  -1.00  -1.00  -1.00   0.00   0.00   0.00   0.00   0.00   0.00   0.00   0.00   0.00   0.00   0.00   0.00
  -20   0.00   0.00   0.00   0.00  -0.03  -0.44   0.67   0.66   0.00   0.00   0.00   0.00   0.00   0.00   0.00   0.00   0.00   0.00   0.00
  -30   0.00   0.00   0.00   0.00  -0.20   0.12   0.52   0.56   0.00   0.00   0.00   0.00   0.00   0.00   0.00   0.00   0.00   0.00   0.00
  -40   0.00   0.00   0.00   0.00  -0.26   0.03   0.25   0.37   0.00   0.00   0.00   0.00   0.00   0.00   0.00   0.00   0.00   0.00   0.00
  -50   0.00   0.00   0.00   0.00  -0.28  -0.14   0.09   0.28   0.00   0.00   0.00   0.00   0.00   0.00   0.00   0.00   0.00   0.00   0.00
  -60   0.00   0.50   0.30   0.10  -0.18  -0.10   0.06   0.16   0.00   0.00   0.00   0.00   0.00   0.00   0.00   0.00   0.00   0.00   0.00
  -70   0.00   0.00   0.00   0.00   0.00   0.00   0.00   0.00   0.00   0.00   0.00   0.00   0.00   0.00   0.00   0.00   0.00   0.00   0.00
  -80   0.00   0.00   0.00   0.00   0.00   0.00   0.00   0.00   0.00   0.00   0.00   0.00   0.00   0.00   0.00   0.00   0.00   0.00   0.00
  -90   0.00   0.00   0.00   0.00   0.00   0.00   0.00   0.00   0.00   0.00   0.00   0.00   0.00   0.00   0.00   0.00   0.00   0.00   0.00
 -100   0.00   0.00   0.00   0.00   0.00   0.00   0.00   0.00   0.00   0.00   0.00   0.00   0.00   0.00   0.00   0.00   0.00   0.00   0.00
 -110   0.00   0.00   0.00   0.00   0.00   0.00   0.00   0.00   0.00   0.00   0.00   0.00   0.00   0.00   0.00   0.00   0.00   0.00   0.00
 -120   0.00   0.00   0.00   0.00   0.00   0.00   0.00   0.00   0.00   0.00   0.00   0.00   0.00   0.00   0.00   0.00   0.00   0.00   0.00
 -130   0.00   0.00   0.00   0.00   0.00   0.00   0.00   0.00   0.00   0.00   0.00   0.00   0.00   0.00   0.00   0.00   0.00   0.00   0.00
 -140   0.00   0.00   0.00   0.00   0.00   0.00   0.00   0.00   0.00   0.00   0.00   0.00   0.00   0.00   0.00   0.00   0.00   0.00   0.00
 -150   0.00   0.00   0.00   0.00   0.00   0.00   0.00   0.00   0.00   0.00   0.00   0.00   0.00   0.00   0.00   0.00  -5.00  -5.00   0.00
 -160   0.00   0.00   0.00   0.00   0.00   0.00   0.00   0.00   0.00   0.00   0.00   0.00   0.00   0.00   0.00   0.00  -5.00  -5.00   0.00
 -170   0.00   0.00   0.00   0.00   0.00   0.00   0.00   0.00   0.00   0.00   0.00   0.00   0.00   0.00   0.00   0.00  -5.00  -5.00   0.00
 -180  -0.10   0.40   0.34   0.53   0.60   1.00   1.50   0.50   0.00   0.00   0.00   0.00   0.34   0.00   0.00   0.00  -5.00  -5.00   0.00
  180   0.00   0.00   0.00   1.00   2.00   2.00   1.00   0.00   0.00   0.00   0.00   0.00   0.00   0.00   0.00   0.00   0.00   0.00   0.00
  170   0.00   0.00   0.00   2.00   3.00   2.00   2.00   0.00   0.00   0.00   0.00   0.00   0.00   0.00   0.00   0.00   0.00   0.00   0.00
  160   0.00   0.00   0.22   2.48   5.26   4.71   2.00   1.00   0.00   0.00   0.00   0.00   0.00   0.00   0.00   0.00   0.00   0.00   0.00
  150   0.00   0.00   0.11   2.26   5.39   4.39   2.00   1.00   0.00   0.00   0.00   0.00   0.00   0.00   0.00   0.00   0.00   0.00   0.00
  140   0.00   0.00   0.00   2.05   5.51   4.07   2.00   1.00   0.00   0.00   0.00   0.00 -10.54  -1.00   0.00   0.00   0.00   0.00   0.00
  130   0.00   0.00  -0.06   2.06   5.41   4.87   2.00   1.00   0.00   0.00   0.00   0.00 -10.94  -2.00   0.00   0.00   0.00   0.00   0.00
  120   0.00  -1.00  -0.11   2.06   5.31   4.68   3.00   2.00   0.00   0.00   0.00   0.00 -10.35  -3.00   0.00   0.00   0.00   0.00   0.00
  110   0.00  -1.00  -0.09   2.17   5.26   4.20   3.00   2.00   0.00   0.00   0.00  -1.00 -10.71  -3.00   0.00   0.00   0.00   0.00   0.00
  100   0.00  -1.00  -0.07   2.28   5.21   3.72   3.00   2.00   0.00   0.00   0.00  -3.00  -9.06  -2.00   0.00   0.00   0.00   0.00   0.00
   90   0.00  -1.00   0.13   2.59   5.62   3.92   3.00   1.00   0.00   0.00   0.00  -5.00  -9.08  -2.00   0.00   0.00   0.00   0.00   0.00
   80   0.00  -1.00   0.33   2.91   6.02   4.12   3.00   1.00   0.00   0.00   0.00  -7.65  -9.09  -2.00   0.00   0.00   0.00   0.00   0.00
   70   0.00  -1.00   0.88   3.66   6.59   6.90   3.00   0.00   0.00   0.00   0.00  -6.43  -8.19  -2.00   0.00   0.00   0.00   0.00   0.00
   60   0.00   0.00   1.43   4.41   7.15   7.67   2.00   0.00   0.00   0.00   0.00  -5.21  -7.28  -2.00   0.00   0.00   0.00   0.00   0.00
   50   0.00   0.00   1.99   4.73   7.21   6.00   1.00   0.00   0.00   0.00   0.00  -3.00  -5.00  -1.00   0.00   0.00   0.00   0.00   0.00
   40   0.00   0.00   2.55   5.06   7.28   5.00   0.00   0.00   0.00   0.00   0.00   0.00  -2.00   0.00   0.00   0.00   0.00   0.00   0.00
   30   0.00   0.00   1.00   4.42   6.43   4.00   0.00   0.00   0.00   0.00   0.00   0.00   0.00   0.00   0.00   0.00   0.00   0.00   0.00
   20   0.00   0.00   0.00   3.78   5.58   3.00   0.00   0.00   0.00   0.00   0.00   0.00   0.00   0.00   0.00   0.00   0.00   0.00   0.00
   10   0.00   0.00   0.00   2.00   4.00   2.00   0.00   0.00   0.00   0.00   0.00   0.00   0.00   0.00   0.00   0.00   0.00   0.00   0.00
    0   0.00   0.00   0.00   1.00   3.00   1.00   0.00   0.00   0.00   0.00   0.00   0.00   0.00   0.00   0.00   0.00   0.00   0.00   0.00
  -10   0.00   0.00   0.00   0.00   2.00   0.00   0.00   0.00   0.00   0.00   0.00   0.00   0.00   0.00   0.00   0.00   0.00   0.00   0.00
  -20   0.00   0.00   0.00   0.00   1.00   2.51   0.00   0.00   0.00   0.00   0.00   0.00   0.00   0.00   0.00   0.00   0.00   0.00   0.00
  -30   0.00   0.00   0.00   0.00   2.78   1.97   0.83   0.00   0.00   0.00   0.00   0.00   0.00   0.00   0.00   0.00   0.00   0.00   0.00
  -40   0.00   0.00   0.00   0.00   2.97   2.91   0.93  -0.85   0.00   0.00   0.00   0.00   0.00   0.00   0.00   0.00   0.00   0.00   0.00
  -50   0.00   0.00   0.00   1.00   3.06   2.27   0.84  -0.84   0.00   0.00   0.00   0.00   0.00   0.00   0.00   0.00   0.00   0.00   0.00
  -60   0.00   0.00   1.00   2.47   3.01   2.66   0.29  -1.35   0.00   0.00   0.00   0.00   0.00   0.00   0.00   0.00   0.00   0.00   0.00
  -70   0.00   0.00   0.00   1.00   2.00   1.00   0.00   0.00   0.00   0.00   0.00   0.00   0.00   0.00   0.00   0.00   0.00   0.00   0.00
  -80   0.00   0.00   0.00   0.00   1.00   0.00   0.00   0.00   0.00   0.00   0.00   0.00   0.00   0.00   0.00   0.00   0.00   0.00   0.00
  -90   0.00   0.00   0.00   0.00   0.00   0.00   0.00   0.00   0.00   0.00   0.00   0.00   0.00   0.00   0.00   0.00   0.00   0.00   0.00
 -100   0.00   0.00   0.00   0.00   0.00   0.00   0.00   0.00   0.00   0.00   0.00   0.00   0.00   0.00   0.00   0.00   0.00   0.00   0.00
 -110   0.00   0.00   0.00   0.00   0.00   0.00   0.00   0.00   0.00   0.00   0.00   0.00   0.00   0.00   0.00   0.00   0.00   0.00   0.00
 -120   0.00   0.00   0.00   0.00   0.00   0.00   0.00   0.00   0.00   0.00   0.00   0.00   0.00   0.00   0.00   0.00   0.00   0.00   0.00
 -130   0.00   0.00   0.00   0.00   0.00   0.00   0.00   0.00   0.00   0.00   0.00   0.00   0.00   0.00   0.00   0.00   0.00   0.00   0.00
 -140   0.00   0.00   0.00   0.00   0.00   0.00   0.00   0.00   0.00   0.00   0.00   0.00   0.00   0.00   0.00   0.00   0.00   0.00   0.00
 -150   0.00   0.00   0.00   0.00   0.00   0.00   0.00   0.00   0.00   0.00   0.00   0.00   0.00   0.00   0.00   0.00   0.00  -2.00  -2.00
 -160   0.00   0.00   0.00   0.00   0.00   0.00   0.00   0.00   0.00   0.00   0.00   0.00   0.00   0.00   0.00   0.00   0.00  -2.00  -2.00
 -170  -7.00  -6.00   0.00   0.00   0.00   0.00   0.00   0.00   0.00   0.00   0.00   0.00   0.00   0.00   0.00   0.00   0.00  -2.00  -2.00
 -180  -7.00  -6.00   0.00   1.00   2.00   3.00   1.00   0.00   0.00   0.00   0.00   0.00   0.00   0.00   0.00   0.00   0.00   0.00   0.00
  180  -2.00  -2.09  -3.39  -2.91  -2.72  -3.97  -2.11  -2.00   0.00   0.00   0.00  -1.00  -2.24  -1.00  -1.00  -1.00  -1.00  -2.00  -2.00
  170  -2.00  -3.92  -4.16  -2.71  -2.35  -3.58  -2.38  -2.00   0.00   0.00   0.00  -3.00  -3.30  -2.00  -2.00  -2.00  -2.00  -2.00  -2.00
  160  -2.00  -3.75  -3.92  -2.51  -1.98  -3.18  -2.64  -2.00   0.00   0.00   0.00  -5.00  -4.37  -3.00  -3.00  -3.00  -2.00  -2.00  -2.00
  150  -1.00  -1.19  -1.46  -1.06  -1.51  -2.18  -1.38  -2.00   0.00   0.00   0.00  -4.00  -5.47  -4.00  -2.00  -2.00  -2.00  -2.00  -2.00
  140   0.00   0.38   0.00  -0.61  -1.03  -1.18  -1.12  -1.00   0.00   0.00   0.00  -3.00  -3.57  -2.00  -1.00  -1.00  -1.00  -1.00  -1.00
  130   1.00   1.64   1.08   0.34   0.36   1.01   1.18   0.00   0.00   0.00   0.00  -1.00  -2.05  -1.00   0.00   0.00   0.00   0.00   0.00
  120   2.00   2.90   2.17   1.29   1.76   3.20   4.48   3.00   0.00   0.00   0.00   0.00  -0.54   0.00   0.00   0.00   0.00   0.00   0.00
  110   3.00   2.86   2.14   1.10   1.68   4.47   8.39   6.00   0.00   0.00   0.00   0.00  -0.61   0.00   0.00   0.00   0.00   0.00   0.00
  100   3.00   2.83   2.10   0.90   1.60   5.74  12.30   9.00   0.00   0.00   0.00   0.00  -0.67   0.00   0.00   0.00   0.00   0.00   0.00
   90   2.00   1.85   1.08  -0.30   0.15   4.98  14.94   0.00   0.00   0.00   0.00  -1.00  -1.64   0.00   0.00   0.00   0.00   0.00   0.00
   80   1.00   0.87   0.06  -1.49  -1.30   4.23  17.58   0.00   0.00   0.00   0.00  -1.45  -2.61  -1.00   0.00   0.00   0.00   0.00   0.00
   70   0.00   0.70  -1.18  -2.49  -2.82   3.20   7.00   3.00   0.00   0.00  -2.00  -2.99  -3.00  -3.00  -2.00   0.00   0.00   0.00   0.00
   60   0.00   0.27  -2.43  -4.48  -4.34   2.17   5.00   1.00   0.00   0.00  -5.00  -3.53  -3.39  -3.00  -2.00   0.00   0.00   0.00   0.00
   50   0.00   0.20  -3.12  -5.54  -5.08   1.00   3.00   0.00   0.00   0.00  -3.00  -4.39  -3.36  -3.00  -1.00   0.00   0.00   0.00   0.00
   40   0.00   0.13  -3.81  -4.60  -4.83   0.00   2.00   0.00   0.00   0.00  -1.00  -3.25  -3.32  -3.00  -2.00  -2.00   0.00   0.00   0.00
   30   0.00   0.00   0.00  -3.24  -3.30   0.00   1.00   0.00   0.00   0.00   0.00  -2.00  -3.05  -2.00  -2.00  -2.00   0.00   0.00   0.00
   20   0.00   0.00   0.00  -2.88  -2.78  -1.00  -1.00   0.00   0.00   0.00   0.00  -1.00  -2.78  -2.00  -2.00  -2.00   0.00   0.00   0.00
   10   0.00   0.00   0.00  -1.00  -1.00  -2.00  -2.00   0.00   0.00   0.00   0.00   0.00  -1.00  -2.00  -2.00  -2.00   0.00   0.00   0.00
    0   0.00   0.00   0.00   0.00  -2.00  -2.00  -2.00  -1.00   0.00   0.00   0.00   0.00  -1.00  -4.00  -2.00  -2.00   0.00   0.00   0.00
  -10   0.00   0.00   0.00  -1.00  -3.00  -3.00  -3.00  -2.00   0.00   0.00   0.00   0.00  -1.00  -3.00  -2.00  -2.00   0.00   0.00   0.00
  -20   0.00   0.00   0.00  -2.00  -3.52  -3.21  -4.15  -3.99  -1.00   0.00   0.00   0.00   0.00  -1.00  -3.00  -2.00   0.00   0.00   0.00
  -30   0.00  -1.00  -1.00  -2.00  -2.49  -2.71  -5.07  -4.86  -3.00   0.00   0.00   0.00   0.00   0.00  -3.00  -1.00   0.00   0.00   0.00
  -40  -1.00  -1.00  -1.00  -2.00  -2.52  -2.60  -6.12  -5.52  -4.00   0.00   0.00   0.00   0.00   0.00  -1.00   0.00   0.00   0.00   0.00
  -50  -2.00  -2.00  -2.00  -2.00  -2.51  -2.22  -6.19  -6.26  -5.00   0.00   0.00   0.00   0.00   0.00   0.00   0.00   0.00   0.00   0.00
  -60  -2.00  -2.00  -2.00  -2.00  -2.91  -1.55  -5.99  -5.50  -5.00   0.00   0.00   0.00   0.00   0.00   0.00   0.00   0.00   0.00   0.00
  -70  -1.00  -1.00  -1.00  -1.00  -1.00  -1.00  -3.00  -3.00  -3.00   0.00   0.00   0.00   0.00   0.00   0.00   0.00   0.00   0.00   0.00
  -80  -0.00  -0.00  -0.00  -0.00  -0.00  -0.00  -1.00  -1.00  -1.00   0.00   0.00   0.00   0.00   0.00   0.00   0.00   0.00   0.00   0.00
  -90   0.00   0.00   0.00   0.00   0.00   0.00   0.00   0.00   0.00   0.00   0.00   0.00   0.00   0.00   0.00   0.00   0.00   0.00   0.00
 -100   1.00   1.00   1.00   1.00   1.00   0.00   0.00   0.00   0.00   0.00   0.00   0.00   0.00   0.00   0.00   0.00   0.00   0.00   0.00
 -110   2.00   2.00   2.00   2.00   2.00   0.00   0.00   0.00   0.00   0.00   0.00   0.00   0.00   0.00   0.00   0.00   0.00   0.00   0.00
 -120   3.00   2.00   3.00   3.00   3.00   0.00   0.00   0.00   0.00   0.00   0.00   0.00   0.00   0.00   0.00   0.00   0.00   0.00   0.00
 -130   2.00   1.00   4.00   4.00   4.00   0.00   0.00   0.00   0.00   0.00   0.00   0.00   0.00   0.00   0.00   0.00   0.00   0.00   0.00
 -140   1.00   0.00   2.00   4.00   5.00   0.00   0.00   0.00   0.00   0.00   0.00   0.00   0.00   0.00   0.00   0.00  -4.00  -4.00  -4.00
 -150  -1.00  -1.00   1.00   2.00   3.00   0.00   0.00   0.00   0.00   0.00   0.00   0.00   0.00   0.00   0.00   0.00  -4.00  -4.00  -4.00
 -160  -2.00  -3.00  -1.00   1.00   2.00   0.00   0.00   0.00   0.00   0.00   0.00   0.00   0.00   0.00   0.00   0.00  -3.00  -3.00  -3.00
 -170  -2.00  -3.00  -2.00  -1.00   1.00  -1.00  -1.00   0.00   0.00   0.00   0.00   0.00   0.00   0.00   0.00   0.00  -2.00  -3.00  -3.00
 -180  -2.00  -2.09  -3.39  -2.91  -2.72  -3.97  -2.11  -2.00   0.00   0.00   0.00  -1.00  -2.24  -1.00  -1.00  -1.00  -1.00  -2.00  -2.00
