#-----------------------------------------------------------------------------------------------------------------------------------------
#ps\ph  -180   -160   -140   -120   -100   -80    -60    -40    -20     0      20     40     60     80    100    120    140    160    180
#-----------------------------------------------------------------------------------------------------------------------------------------
  180   0.10   0.06  -0.03   0.00   0.10   0.23   0.39   0.00   0.00   0.00   0.00   0.00   0.00   0.00   0.00   0.00   0.00   0.00   0.00
  170   0.15   0.02  -0.04  -0.08   0.01   0.08   0.31  -0.20   0.00   0.00   0.00   0.00   0.00   0.00   0.00   0.00   0.00   0.00   0.00
  160   0.16   0.07  -0.04  -0.05  -0.03  -0.04   0.15  -0.15   0.00   0.00   0.00   0.00   0.00   0.00   0.00   0.00   0.00   0.00   0.00
  150   0.20   0.07  -0.02  -0.04  -0.04  -0.11  -0.01  -0.15   0.00   0.00   0.00   0.00   0.00   0.00   0.00   0.00   0.00   0.00   0.00
  140   0.20   0.07   0.00  -0.02  -0.04  -0.09  -0.11  -0.17   0.00   0.00   0.00   0.00   0.00   0.00   0.00   0.00   0.00   0.00   0.00
  130   0.22   0.08   0.03   0.00  -0.05  -0.03  -0.12  -0.20   0.00   0.00   0.00   0.00   0.00   0.00   0.00   0.00   0.00   0.00   0.00
  120   0.20   0.13   0.03   0.02  -0.05   0.01  -0.09  -0.20   0.00   0.00   0.00   0.00   0.00   0.00   0.00   0.00   0.00   0.00   0.00
  110   0.17   0.19   0.06   0.06   0.02   0.03  -0.05  -0.19   0.00   0.00   0.00   0.00   0.00   0.00   0.00   0.00   0.00   0.00   0.00
  100   0.18   0.20   0.10   0.10   0.13   0.03  -0.07  -0.22   0.00   0.00   0.00   0.00   0.05   0.00   0.00   0.00   0.00   0.00   0.00
   90   0.19   0.18   0.14   0.13   0.22   0.05  -0.14  -0.34   0.00   0.00   0.00   0.00   0.00   0.00   0.00   0.00   0.00   0.00   0.00
   80   0.22   0.19   0.17   0.17   0.28   0.07  -0.24   0.00   0.00   0.00   0.00   0.06   0.02   0.00   0.00   0.00   0.00   0.00   0.00
   70   0.28   0.24   0.25   0.25   0.31   0.04  -0.38   0.00   0.00   0.00   0.00   0.00   0.00   0.00   0.00   0.00   0.00   0.00   0.00
   60   0.33   0.32   0.35   0.34   0.32  -0.09   0.00   0.00   0.00   0.00   0.00   0.05  -0.07   0.00   0.00   0.00   0.00   0.00   0.00
   50   0.00   0.39   0.46   0.42   0.35  -0.27   0.00   0.00   0.00   0.00   0.00   0.00   0.00   0.00   0.00   0.00   0.00   0.00   0.00
   40   0.00   0.41   0.51   0.46   0.45   0.00   0.00   0.00   0.00   0.00   0.00   0.24   0.01   0.00   0.00   0.00   0.00   0.00   0.00
   30   0.00   0.00   0.43   0.42   0.67   0.00   0.00   0.00   0.00   0.00   0.00   0.00   0.00   0.00   0.00   0.00   0.00   0.00   0.00
   20   0.00   0.00   0.00   0.29   0.83   0.00   0.00   0.00   0.00   0.00   0.00   0.00   0.00   0.00   0.00   0.00   0.00   0.00   0.00
   10   0.00   0.00   0.00   0.00   0.66   0.00   0.00   0.00   0.00   0.00   0.00   0.00   0.00   0.00   0.00   0.00   0.00   0.00   0.00
    0   0.00   0.00   0.00   0.00   0.19   0.91   0.00   0.00   0.00   0.00   0.00   0.00   0.00   0.00   0.00   0.00   0.00   0.00   0.00
  -10   0.00   0.00   0.00   0.00  -0.23   0.24   0.00   0.00   0.00   0.00   0.00   0.00   0.00   0.00   0.00   0.00   0.00   0.00   0.00
  -20   0.00   0.00   0.00   0.00  -0.34   0.34   0.45   0.00   0.00   0.00   0.00   0.00   0.00   0.00   0.00   0.00   0.00   0.00   0.00
  -30   0.00   0.00   0.00   0.00  -0.25  -0.21   0.27   0.75   0.00   0.00   0.00   0.00   0.00   0.00   0.00   0.00   0.00   0.00   0.00
  -40   0.00   0.00   0.00   0.00  -0.17  -0.36   0.26   0.35   0.00   0.00   0.00   0.00   0.00   0.00   0.00   0.00   0.00   0.00   0.00
  -50   0.00   0.00   0.00   0.00  -0.12  -0.26  -0.15   0.46   0.00   0.00   0.00   0.00   0.00   0.00   0.00   0.00   0.00   0.00   0.00
  -60   0.00   0.00   0.00   0.00  -0.06   0.00  -0.21  -0.07   0.00   0.00   0.00   0.00   0.00   0.00   0.00   0.00   0.00   0.00   0.00
  -70   0.00   0.00   0.00   0.00   0.00   0.00   0.00   0.00   0.00   0.00   0.00   0.00   0.00   0.00   0.00   0.00   0.00   0.00   0.00
  -80   0.00   0.00   0.00   0.00   0.00   0.00   0.00   0.00   0.00   0.00   0.00   0.00   0.00   0.00   0.00   0.00   0.00   0.00   0.00
  -90   0.00   0.00   0.00   0.00   0.00   0.00   0.00   0.00   0.00   0.00   0.00   0.00   0.00   0.00   0.00   0.00   0.00   0.00   0.00
 -100   0.00   0.00   0.00   0.00   0.00   0.00   0.00   0.00   0.00   0.00   0.00   0.00   0.00   0.00   0.00   0.00   0.00   0.00   0.00
 -110   0.00   0.00   0.00   0.00   0.00   0.00   0.00   0.00   0.00   0.00   0.00   0.00   0.00   0.00   0.00   0.00   0.00   0.00   0.00
 -120   0.00   0.00   0.00   0.00   0.00   0.00   0.00   0.00   0.00   0.00   0.00   0.00   0.00   0.00   0.00   0.00   0.00   0.00   0.00
 -130   0.00   0.00   0.00   0.00   0.00   0.00   0.00   0.00   0.00   0.00   0.00   0.00   0.00   0.00   0.00   0.00   0.00   0.00   0.00
 -140   0.00   0.00   0.00   0.00   0.00   0.00   0.00   0.00   0.00   0.00   0.00   0.00   0.00   0.00   0.00   0.00   0.00   0.00   0.00
 -150   0.00   0.00   0.00   0.00   0.00   0.00   0.00   0.00   0.00   0.00   0.00   0.00   0.00   0.00   0.00   0.00   0.00   0.00   0.00
 -160   0.00   0.00   0.00   0.00   0.00   0.00   0.00   0.00   0.00   0.00   0.00   0.00   0.00   0.00   0.00   0.00   0.00   0.00   0.00
 -170   0.00   0.00   0.00   0.00   0.00   0.00   0.00   0.00   0.00   0.00   0.00   0.00   0.00   0.00   0.00   0.00   0.00   0.00   0.00
 -180   0.10   0.06  -0.03   0.00   0.10   0.23   0.39   0.00   0.00   0.00   0.00   0.00   0.00   0.00   0.00   0.00   0.00   0.00   0.00
  180  -3.00  -3.00  -2.50  -2.00  -2.00  -3.00  -2.00   0.00   0.00   0.00   0.00   0.00  -1.00   0.00   0.00   0.00   0.00   0.00   0.00
  170  -2.00  -2.00  -2.50  -3.00  -3.00  -3.00  -2.00   0.00   0.00   0.00   0.00   0.00  -2.00   0.00   0.00   0.00   0.00   0.00   0.00
  160  -1.00  -1.00  -1.52  -2.30  -3.86  -3.87  -2.00   0.00   0.00   0.00   0.00   0.00  -3.00   0.00   0.00   0.00   0.00   0.00   0.00
  150  -1.00  -1.00  -0.26  -2.00  -3.63  -3.60  -3.00   0.00   0.00   0.00   0.00   0.00  -5.00   0.00   0.00   0.00   0.00   0.00   0.00
  140  -1.00  -1.00  -0.01  -1.70  -3.40  -4.33  -3.00   0.00   0.00   0.00   0.00   0.00  -7.31   0.00   0.00   0.00   0.00   0.00   0.00
  130  -1.00  -1.00  -0.08  -1.78  -3.47  -4.32  -3.00   0.00   0.00   0.00   0.00   0.00  -7.14  -1.00   0.00   0.00   0.00   0.00   0.00
  120  -1.00  -1.00  -0.15  -1.86  -3.53  -4.31  -3.00   0.00   0.00   0.00   0.00   0.00  -6.96  -2.00   0.00   0.00   0.00   0.00   0.00
  110  -1.00  -1.00  -0.57  -2.28  -3.93  -4.61  -3.00   0.00   0.00   0.00   0.00  -1.00  -7.32  -3.00   0.00   0.00   0.00   0.00   0.00
  100   0.00  -1.00  -0.98  -2.69  -4.34  -4.92  -3.00   0.00   0.00   0.00   0.00  -2.00  -7.69  -3.00   0.00   0.00   0.00   0.00   0.00
   90   0.00   0.00  -1.11  -2.80  -4.47  -5.06  -3.00   0.00   0.00   0.00   0.00  -3.00  -7.94  -4.00   0.00   0.00   0.00   0.00   0.00
   80   0.00   0.00  -1.25  -2.91  -4.61  -5.20  -4.00   0.00   0.00   0.00   0.00  -4.01  -8.20  -4.00   0.00   0.00   0.00   0.00   0.00
   70   0.00   0.00  -1.09  -2.87  -4.12  -5.22  -4.00   0.00   0.00   0.00   0.00  -3.72  -7.74  -4.00   0.00   0.00   0.00   0.00   0.00
   60   0.00   0.00  -0.94  -2.83  -3.63  -5.23  -3.00   0.00   0.00   0.00   0.00  -3.42  -7.28  -3.00   0.00   0.00   0.00   0.00   0.00
   50   0.00   0.00  -0.66  -2.55  -3.47  -4.00  -3.00   0.00   0.00   0.00   0.00  -2.00  -6.00  -3.00   0.00   0.00   0.00   0.00   0.00
   40   0.00   0.00  -0.38  -2.27  -3.32  -3.00  -2.00   0.00   0.00   0.00   0.00  -1.00  -5.00  -2.00   0.00   0.00   0.00   0.00   0.00
   30   0.00   0.00   0.00  -1.87  -2.94  -2.00  -1.00   0.00   0.00   0.00   0.00   0.00  -4.00  -1.00   0.00   0.00   0.00   0.00   0.00
   20   0.00   0.00   0.00  -1.48  -2.56  -1.00   0.00   0.00   0.00   0.00   0.00   0.00  -3.00  -1.00   0.00   0.00   0.00   0.00   0.00
   10   0.00   0.00   0.00  -1.00  -1.00   0.00  -1.00  -1.00   0.00   0.00   0.00   0.00  -2.00   0.00   0.00   0.00   0.00   0.00   0.00
    0   0.00   0.00   0.00   0.00  -1.00  -1.00  -2.00  -2.00   0.00   0.00   0.00   0.00  -1.00   0.00   0.00   0.00   0.00   0.00   0.00
  -10   0.00   0.00   0.00   0.00  -2.00  -2.00  -3.00  -3.00   0.00   0.00   0.00   0.00   0.00   0.00   0.00   0.00   0.00   0.00   0.00
  -20   0.00   0.00   0.00  -1.00  -3.00  -3.35  -5.00  -4.00   0.00   0.00   0.00   0.00   0.00   0.00   0.00   0.00   0.00   0.00   0.00
  -30   0.00   0.00   0.00  -2.00  -4.92  -6.14  -6.98  -5.00   0.00   0.00   0.00   0.00   0.00   0.00   0.00   0.00   0.00   0.00   0.00
  -40   0.00   0.00   0.00  -2.00  -4.84  -3.18  -6.67  -6.60   0.00   0.00   0.00   0.00   0.00   0.00   0.00   0.00   0.00   0.00   0.00
  -50   0.00   0.00  -1.00  -3.00  -4.75  -5.81  -6.54  -6.33   0.00   0.00   0.00   0.00   0.00   0.00   0.00   0.00   0.00   0.00   0.00
  -60   0.00   0.00  -1.00  -3.19  -4.69  -2.88  -6.39  -5.98   0.00   0.00   0.00   0.00   0.00   0.00   0.00   0.00   0.00   0.00   0.00
  -70   0.00   0.00   0.00  -2.00  -3.00  -1.00  -5.00  -4.00   0.00   0.00   0.00   0.00   0.00   0.00   0.00   0.00   0.00   0.00   0.00
  -80   0.00   0.00   0.00  -1.00  -2.00   0.00  -4.00  -3.00   0.00   0.00   0.00   0.00   0.00   0.00   0.00   0.00   0.00   0.00   0.00
  -90   0.00   0.00   0.00   0.00  -1.00   0.00  -3.00  -2.00   0.00   0.00   0.00   0.00   0.00   0.00   0.00   0.00   0.00   0.00   0.00
 -100   0.00   0.00   0.00   0.00   0.00   0.00  -2.00  -1.00   0.00   0.00   0.00   0.00   0.00   0.00   0.00   0.00   0.00   0.00   0.00
 -110   0.00   0.00   0.00   0.00   0.00   0.00  -1.00   0.00   0.00   0.00   0.00   0.00   0.00   0.00   0.00   0.00   0.00   0.00   0.00
 -120   0.00   0.00   0.00   0.00   0.00   0.00   0.00   0.00   0.00   0.00   0.00   0.00   0.00   0.00   0.00   0.00   0.00   0.00   0.00
 -130   0.00   0.00   0.00   0.00   0.00   0.00   0.00   0.00   0.00   0.00   0.00   0.00   0.00   0.00   0.00   0.00   0.00   0.00   0.00
 -140   0.00   0.00   0.00   0.00   0.00   0.00   0.00   0.00   0.00   0.00   0.00   0.00   0.00   0.00   0.00   0.00   0.00   0.00   0.00
 -150   0.00   0.00   0.00   0.00   0.00   0.00   0.00   0.00   0.00   0.00   0.00   0.00   0.00   0.00   0.00   0.00   0.00   0.00   0.00
 -160   0.00   0.00   0.00   0.00   0.00   0.00   0.00   0.00   0.00   0.00   0.00   0.00   0.00   0.00   0.00   0.00   0.00   0.00   0.00
 -170   0.00   0.00   0.00   0.00   0.00   0.00   0.00   0.00   0.00   0.00   0.00   0.00   0.00   0.00   0.00   0.00   0.00   0.00   0.00
 -180   0.00   0.00  -0.50  -1.00  -2.00  -3.00  -2.00   0.00   0.00   0.00   0.00   0.00  -1.00   0.00   0.00   0.00   0.00   0.00   0.00
  180   0.00  -0.05   0.02   0.00  -0.05  -0.02  -0.12   0.00   0.00   0.00   0.00   0.00   0.00   0.00   0.00   0.00   0.00   0.00   0.00
  170   0.08  -0.06   0.07   0.10  -0.10  -0.11  -0.26   0.11   0.00   0.00   0.00   0.00   0.00   0.00   0.00   0.00   0.00   0.00   0.00
  160  -0.01  -0.01   0.08  -0.05  -0.09  -0.11  -0.23  -0.18   0.00   0.00   0.00   0.00   0.00   0.00   0.00   0.00   0.00   0.00   0.00
  150  -0.01   0.00  -0.10  -0.10  -0.13  -0.09  -0.38  -0.50   0.00   0.00   0.00   0.00   0.00   0.00   0.00   0.00   0.00   0.00   0.00
  140  -0.05  -0.05   0.00  -0.10  -0.12  -0.26  -0.47  -0.93   0.00   0.00   0.00   0.00   0.00   0.00   0.00   0.00   0.00   0.00   0.00
  130  -0.02  -0.05  -0.13  -0.18  -0.11  -0.21  -0.50  -1.27   0.00   0.00   0.00   0.00   0.00   0.00   0.00   0.00   0.00   0.00   0.00
  120   0.00  -0.12  -0.12  -0.13  -0.16  -0.15  -0.43  -1.50   0.00   0.00   0.00   0.00   0.00   0.00   0.00   0.00   0.00   0.00   0.00
  110  -0.08  -0.15  -0.16  -0.20  -0.19  -0.07  -0.33  -1.50   0.00   0.00   0.00   0.00   0.00   0.00   0.00   0.00   0.00   0.00   0.00
  100   0.01  -0.10  -0.16  -0.19  -0.30  -0.08  -0.17  -1.26   0.00   0.00   0.00   0.00   0.02   0.00   0.00   0.00   0.00   0.00   0.00
   90   0.05  -0.04  -0.23  -0.26  -0.10   0.00  -0.13  -0.85   0.00   0.00   0.00   0.00   0.00   0.00   0.00   0.00   0.00   0.00   0.00
   80   0.16   0.00   0.04  -0.04  -0.10   0.04  -0.05   0.00   0.00   0.00   0.00  -0.04  -0.07   0.00   0.00   0.00   0.00   0.00   0.00
   70   0.20   0.23   0.17   0.15   0.05   0.14   0.15   0.00   0.00   0.00   0.00   0.00   0.00   0.00   0.00   0.00   0.00   0.00   0.00
   60   0.30   0.29   0.35   0.28   0.19   0.18   0.00   0.00   0.00   0.00   0.00  -0.28  -0.06   0.00   0.00   0.00   0.00   0.00   0.00
   50   0.00   0.40   0.46   0.40   0.44   0.32   0.00   0.00   0.00   0.00   0.00   0.00   0.00   0.00   0.00   0.00   0.00   0.00   0.00
   40   0.00   0.45   0.32   0.41   0.51   0.00   0.00   0.00   0.00   0.00   0.00  -0.49  -0.26   0.00   0.00   0.00   0.00   0.00   0.00
   30   0.00   0.00   0.39   0.37   0.48   0.00   0.00   0.00   0.00   0.00   0.00   0.00   0.00   0.00   0.00   0.00   0.00   0.00   0.00
   20   0.00   0.00   0.00   0.28   0.42   0.00   0.00   0.00   0.00   0.00   0.00   0.00   0.00   0.00   0.00   0.00   0.00   0.00   0.00
   10   0.00   0.00   0.00   0.00   0.26   0.00   0.00   0.00   0.00   0.00   0.00   0.00   0.00   0.00   0.00   0.00   0.00   0.00   0.00
    0   0.00   0.00   0.00   0.00   0.20   0.22   0.00   0.00   0.00   0.00   0.00   0.00   0.00   0.00   0.00   0.00   0.00   0.00   0.00
  -10   0.00   0.00   0.00   0.00   0.16   0.19   0.00   0.00   0.00   0.00   0.00   0.00   0.00   0.00   0.00   0.00   0.00   0.00   0.00
  -20   0.00   0.00   0.00   0.00   0.14   0.05   0.13   0.00   0.00   0.00   0.00   0.00   0.00   0.00   0.00   0.00   0.00   0.00   0.00
  -30   0.00   0.00   0.00   0.00   0.06   0.10   0.17   0.27   0.00   0.00   0.00   0.00   0.00   0.00   0.00   0.00   0.00   0.00   0.00
  -40   0.00   0.00   0.00   0.00   0.09   0.04   0.18   0.34   0.00   0.00   0.00   0.00   0.00   0.00   0.00   0.00   0.00   0.00   0.00
  -50   0.00   0.00   0.00   0.00   0.15  -0.03   0.06   0.27   0.00   0.00   0.00   0.00   0.00   0.00   0.00   0.00   0.00   0.00   0.00
  -60   0.00   0.00   0.00   0.00   0.04   0.00   0.02   0.11   0.00   0.00   0.00   0.00   0.00   0.00   0.00   0.00   0.00   0.00   0.00
  -70   0.00   0.00   0.00   0.00   0.00   0.00   0.00   0.00   0.00   0.00   0.00   0.00   0.00   0.00   0.00   0.00   0.00   0.00   0.00
  -80   0.00   0.00   0.00   0.00   0.00   0.00   0.00   0.00   0.00   0.00   0.00   0.00   0.00   0.00   0.00   0.00   0.00   0.00   0.00
  -90   0.00   0.00   0.00   0.00   0.00   0.00   0.00   0.00   0.00   0.00   0.00   0.00   0.00   0.00   0.00   0.00   0.00   0.00   0.00
 -100   0.00   0.00   0.00   0.00   0.00   0.00   0.00   0.00   0.00   0.00   0.00   0.00   0.00   0.00   0.00   0.00   0.00   0.00   0.00
 -110   0.00   0.00   0.00   0.00   0.00   0.00   0.00   0.00   0.00   0.00   0.00   0.00   0.00   0.00   0.00   0.00   0.00   0.00   0.00
 -120   0.00   0.00   0.00   0.00   0.00   0.00   0.00   0.00   0.00   0.00   0.00   0.00   0.00   0.00   0.00   0.00   0.00   0.00   0.00
 -130   0.00   0.00   0.00   0.00   0.00   0.00   0.00   0.00   0.00   0.00   0.00   0.00   0.00   0.00   0.00   0.00   0.00   0.00   0.00
 -140   0.00   0.00   0.00   0.00   0.00   0.00   0.00   0.00   0.00   0.00   0.00   0.00   0.00   0.00   0.00   0.00   0.00   0.00   0.00
 -150   0.00   0.00   0.00   0.00   0.00   0.00   0.00   0.00   0.00   0.00   0.00   0.00   0.00   0.00   0.00   0.00   0.00   0.00   0.00
 -160   0.00   0.00   0.00   0.00   0.00   0.00   0.00   0.00   0.00   0.00   0.00   0.00   0.00   0.00   0.00   0.00   0.00   0.00   0.00
 -170   0.00   0.00   0.00   0.00   0.00   0.00   0.00   0.00   0.00   0.00   0.00   0.00   0.00   0.00   0.00   0.00   0.00   0.00   0.00
 -180   0.00  -0.05   0.02   0.00  -0.05  -0.02  -0.12   0.00   0.00   0.00   0.00   0.00   0.00   0.00   0.00   0.00   0.00   0.00   0.00
