non
   196
  -7.2000000   1.7370000  -3.1640000  -5.8780000   2.4030000  -2.6290000
  -4.5410000   1.4500000  -2.5750000  -3.2650000   2.3370000  -2.5610000
  -2.6360000   2.6110000  -3.6430000  -2.7080000   2.9180000  -1.4040000
  -1.5590000   3.8220000  -1.4790000  -1.7950000   5.1430000  -2.1440000
  -1.2330000   5.2360000  -3.2660000  -2.5050000   6.2510000  -1.6450000
  -3.2320000   6.2560000  -0.3710000  -4.7040000   6.2480000  -0.6370000
  -5.2800000   5.1360000  -0.6170000  -5.4020000   7.3810000  -0.9880000
  -6.7330000   7.4610000  -1.5570000  -7.8450000   7.1630000  -0.5830000
  -7.7410000   6.0250000  -0.0670000  -8.9740000   7.9390000  -0.2270000
  -9.1520000   9.3760000  -0.4890000  -9.3110000  10.1250000   0.8010000
 -10.4590000  10.3070000   1.2700000  -8.3310000  10.6320000   1.5950000
  -6.9130000  10.5620000   1.4290000  -6.3730000   9.4630000   2.2630000
  -5.7650000   8.5210000   1.7040000  -6.4820000   9.5060000   3.6220000
  -5.7480000   8.6820000   4.5530000  -6.1790000   7.2270000   4.5800000
  -7.3170000   7.0250000   4.0880000  -5.5370000   6.1280000   5.1810000
  -6.2720000   4.9120000   5.5890000  -7.1060000   4.2110000   4.5460000
  -8.3400000   4.1460000   4.7690000  -6.5920000   3.5790000   3.4040000
  -7.3350000   2.4890000   2.7220000  -7.0510000   1.0700000   3.1820000
  -8.0260000   0.4650000   3.6920000  -5.8720000   0.3270000   3.0490000
  -5.8750000  -1.1310000   2.8270000  -6.7130000  -1.5170000   1.6310000
  -7.9490000  -1.5200000   1.8470000  -6.2770000  -1.8390000   0.3280000
  -4.8960000  -1.6700000  -0.1550000  -4.8230000  -0.9420000  -1.4610000
  -4.8820000  -1.5550000  -2.5520000  -4.6840000   0.4550000  -1.4730000
  -4.1170000  -3.0360000  -0.1650000  -2.5940000  -2.9790000  -0.5550000
  -2.0530000  -4.4070000  -0.8750000  -1.7040000  -2.2650000   0.5190000
  -0.3300000  -2.0390000   0.0950000   0.0120000  -1.1440000  -0.8480000
   1.3820000  -0.9470000  -1.2700000  -4.2740000  -3.6680000   1.1060000
  -7.2480000  -2.3660000  -0.6210000  -6.0580000  -1.9380000   4.1880000
  -7.3280000  -2.8290000   4.3090000  -4.8080000  -2.8030000   4.5500000
  -4.5930000   0.9720000   3.2070000  -7.3950000   2.5800000   1.1500000
  -8.7810000   2.3970000   0.4300000  -9.8720000   3.4010000   0.8960000
  -9.3290000   0.9500000   0.4600000  -5.3490000   4.1010000   2.8700000
  -7.0100000   5.1860000   6.9540000  -6.1130000   5.2210000   8.2410000
  -6.8130000   5.9870000   9.3980000  -5.6920000   3.7950000   8.7110000
  -4.1290000   6.1880000   5.5160000  -4.2470000   9.0690000   4.3690000
  -6.2930000  11.9380000   1.7960000 -10.3150000   9.7370000  -1.4850000
 -10.2200000   9.0700000  -2.9000000 -11.2700000   7.9390000  -3.0940000
 -10.3290000  10.0960000  -4.0620000 -10.0400000   7.2530000   0.4970000
  -6.7630000   6.6580000  -2.9310000  -7.9950000   5.7400000  -3.1810000
  -6.5030000   7.5800000  -4.1580000  -2.8080000   7.3630000   0.6550000
  -1.3070000   7.3560000   1.1060000  -0.9740000   6.1770000   2.0680000
  -0.9190000   8.7010000   1.7860000  -2.5030000   7.4610000  -2.4530000
  -3.1690000   2.5440000  -0.0880000  -7.0730000   1.4300000  -4.2030000
  -7.4460000   0.8600000  -2.5650000  -8.0330000   2.4420000  -3.1120000
  -6.1720000   2.8370000  -1.6410000  -5.7660000   3.3080000  -3.2810000
  -4.5210000   0.8970000  -3.5180000  -0.7660000   3.2740000  -2.0040000
  -1.1160000   4.0380000  -0.5060000  -3.0260000   5.3330000   0.1610000
  -4.9280000   8.2230000  -0.9070000  -6.8150000   8.5110000  -1.8130000
  -8.2760000   9.8020000  -0.9660000  -8.6360000  11.1010000   2.3890000
  -6.6360000  10.3820000   0.3900000  -7.0450000  10.2030000   3.9950000
  -6.0250000   9.0690000   5.5390000  -5.5710000   4.1100000   5.8210000
  -8.3770000   2.6490000   2.9910000  -4.8760000  -1.4140000   2.5140000
  -4.3570000  -1.0090000   0.5170000  -4.6960000   0.8230000  -0.5700000
  -4.6150000  -3.6870000  -0.8880000  -2.5170000  -2.4140000  -1.4880000
  -2.6640000  -4.8860000  -1.6430000  -2.0620000  -5.0350000   0.0180000
  -1.0300000  -4.3590000  -1.2530000  -2.1280000  -1.2960000   0.7890000
  -1.6980000  -2.8700000   1.4300000   0.3850000  -2.5880000   0.5190000
  -0.6960000  -0.5920000  -1.2780000   1.4340000  -0.1890000  -2.0550000
   1.7930000  -1.8800000  -1.6630000   1.9900000  -0.6150000  -0.4260000
  -3.9020000  -4.5680000   1.0000000  -6.8170000  -3.1330000  -1.2630000
  -7.6030000  -1.5530000  -1.2550000  -8.1150000  -2.8330000  -0.1480000
  -6.1360000  -1.2070000   4.9990000  -7.3560000  -3.3360000   5.2760000
  -8.2330000  -2.2250000   4.2390000  -7.3390000  -3.5890000   3.5250000
  -4.9180000  -3.2550000   5.5380000  -3.9060000  -2.1860000   4.5650000
  -4.6710000  -3.6010000   3.8180000  -4.2770000   1.4080000   2.2640000
  -4.6360000   1.7240000   3.9940000  -3.8120000   0.2800000   3.5260000
  -7.0530000   3.5710000   0.8520000  -6.6840000   1.8740000   0.7130000
  -8.6010000   2.6250000  -0.6250000 -10.6410000   3.5070000   0.1280000
  -9.4320000   4.3780000   1.0770000 -10.3540000   3.0680000   1.8160000
 -10.2490000   0.8710000  -0.1230000  -8.6010000   0.2720000   0.0220000
  -9.5450000   0.6400000   1.4810000  -4.5420000   4.0700000   3.6010000
  -5.0060000   3.5620000   1.9980000  -5.4980000   5.1340000   2.5540000
  -7.5540000   6.1280000   6.8550000  -7.7640000   4.4170000   7.1360000
  -5.1990000   5.7770000   8.0270000  -7.0260000   7.0160000   9.0970000
  -6.1690000   6.0220000  10.2800000  -7.7510000   5.5000000   9.6740000
  -5.1570000   3.2620000   7.9230000  -5.0280000   3.8570000   9.5750000
  -6.5680000   3.2060000   8.9920000  -3.7230000   5.2500000   5.9020000
  -3.5370000   6.4260000   4.6340000  -3.9660000   6.9370000   6.2880000
  -3.6770000   8.9230000   5.2840000  -3.8030000   8.4890000   3.5660000
  -4.1410000  10.1280000   4.1130000  -5.2100000  11.9230000   1.6550000
  -6.7040000  12.7110000   1.1420000  -6.5040000  12.2160000   2.8330000
 -11.2820000   9.4980000  -1.0360000 -10.3160000  10.8260000  -1.5970000
  -9.2340000   8.6210000  -2.9940000 -11.1110000   7.4340000  -4.0500000
 -11.1830000   7.1950000  -2.3020000 -12.2830000   8.3490000  -3.0760000
 -10.2060000   9.5930000  -5.0250000  -9.5480000  10.8560000  -3.9740000
 -11.3050000  10.5870000  -4.0470000 -10.3480000   6.3540000  -0.0420000
  -9.6890000   6.9730000   1.4930000 -10.9470000   7.8430000   0.6260000
  -5.9240000   5.9590000  -2.9530000  -7.9220000   5.2550000  -4.1580000
  -8.0440000   4.9530000  -2.4270000  -8.9210000   6.3070000  -3.1450000
  -6.3930000   6.9860000  -5.0670000  -5.5810000   8.1450000  -4.0120000
  -7.3240000   8.2830000  -4.3030000  -3.0500000   8.3430000   0.2380000
  -3.4260000   7.2450000   1.5470000  -0.6770000   7.2580000   0.2170000
   0.0650000   6.2320000   2.4000000  -1.1070000   5.2190000   1.5720000
  -1.6230000   6.2020000   2.9460000   0.1430000   8.7090000   2.0430000
  -1.1070000   9.5410000   1.1140000  -1.4950000   8.8530000   2.7000000
  -3.1350000   8.2550000  -2.0620000  -2.8580000   7.2470000  -3.4630000
  -1.4880000   7.8600000  -2.5130000  -4.2450000   2.6840000  -0.0180000
  -2.9150000   1.5010000   0.1060000  -2.7230000   3.1150000   0.7260000
