Run semi-empirical minimization
 &qmmm
    qm_theory='AM1', grms_tol=0.0005,
  scfconv=1.d-10,   qmcharge=0,
 /
   6    C1       -7.2000        1.7370       -3.1640 
   6    C2       -5.8780        2.4030       -2.6290 
   6    C3       -4.5410        1.4500       -2.5750 
   6    C4       -3.2650        2.3370       -2.5610 
   8    O1       -2.6360        2.6110       -3.6430 
   7    N1       -2.7080        2.9180       -1.4040 
   6    C5       -1.5590        3.8220       -1.4790 
   6    C6       -1.7950        5.1430       -2.1440 
   8    O2       -1.2330        5.2360       -3.2660 
   7    N2       -2.5050        6.2510       -1.6450 
   6    C7       -3.2320        6.2560       -0.3710 
   6    C8       -4.7040        6.2480       -0.6370 
   8    O3       -5.2800        5.1360       -0.6170 
   7    N3       -5.4020        7.3810       -0.9880 
   6    C9       -6.7330        7.4610       -1.5570 
   6   C10       -7.8450        7.1630       -0.5830 
   8    O4       -7.7410        6.0250       -0.0670 
   7    N4       -8.9740        7.9390       -0.2270 
   6   C11       -9.1520        9.3760       -0.4890 
   6   C12       -9.3110       10.1250        0.8010 
   8    O5      -10.4590       10.3070        1.2700 
   7    N5       -8.3310       10.6320        1.5950 
   6   C13       -6.9130       10.5620        1.4290 
   6   C14       -6.3730        9.4630        2.2630 
   8    O6       -5.7650        8.5210        1.7040 
   7    N6       -6.4820        9.5060        3.6220 
   6   C15       -5.7480        8.6820        4.5530 
   6   C16       -6.1790        7.2270        4.5800 
   8    O7       -7.3170        7.0250        4.0880 
   7    N7       -5.5370        6.1280        5.1810 
   6   C17       -6.2720        4.9120        5.5890 
   6   C18       -7.1060        4.2110        4.5460 
   8    O8       -8.3400        4.1460        4.7690 
   7    N8       -6.5920        3.5790        3.4040 
   6   C19       -7.3350        2.4890        2.7220 
   6   C20       -7.0510        1.0700        3.1820 
   8    O9       -8.0260        0.4650        3.6920 
   7    N9       -5.8720        0.3270        3.0490 
   6   C21       -5.8750       -1.1310        2.8270 
   6   C22       -6.7130       -1.5170        1.6310 
   8   O10       -7.9490       -1.5200        1.8470 
   7   N10       -6.2770       -1.8390        0.3280 
   6   C23       -4.8960       -1.6700       -0.1550 
   6   C24       -4.8230       -0.9420       -1.4610 
   8   O11       -4.8820       -1.5550       -2.5520 
   7   N11       -4.6840        0.4550       -1.4730 
   6   C25       -4.1170       -3.0360       -0.1650 
   6   C26       -2.5940       -2.9790       -0.5550 
   6   C27       -2.0530       -4.4070       -0.8750 
   6   C28       -1.7040       -2.2650        0.5190 
   6   C29       -0.3300       -2.0390        0.0950 
   6   C30        0.0120       -1.1440       -0.8480 
   6   C31        1.3820       -0.9470       -1.2700 
   8   O12       -4.2740       -3.6680        1.1060 
   6   C32       -7.2480       -2.3660       -0.6210 
   6   C33       -6.0580       -1.9380        4.1880 
   6   C34       -7.3280       -2.8290        4.3090 
   6   C35       -4.8080       -2.8030        4.5500 
   6   C36       -4.5930        0.9720        3.2070 
   6   C37       -7.3950        2.5800        1.1500 
   6   C38       -8.7810        2.3970        0.4300 
   6   C39       -9.8720        3.4010        0.8960 
   6   C40       -9.3290        0.9500        0.4600 
   6   C41       -5.3490        4.1010        2.8700 
   6   C42       -7.0100        5.1860        6.9540 
   6   C43       -6.1130        5.2210        8.2410 
   6   C44       -6.8130        5.9870        9.3980 
   6   C45       -5.6920        3.7950        8.7110 
   6   C46       -4.1290        6.1880        5.5160 
   6   C47       -4.2470        9.0690        4.3690 
   6   C48       -6.2930       11.9380        1.7960 
   6   C49      -10.3150        9.7370       -1.4850 
   6   C50      -10.2200        9.0700       -2.9000 
   6   C51      -11.2700        7.9390       -3.0940 
   6   C52      -10.3290       10.0960       -4.0620 
   6   C53      -10.0400        7.2530        0.4970 
   6   C54       -6.7630        6.6580       -2.9310 
   6   C55       -7.9950        5.7400       -3.1810 
   6   C56       -6.5030        7.5800       -4.1580 
   6   C57       -2.8080        7.3630        0.6550 
   6   C58       -1.3070        7.3560        1.1060 
   6   C59       -0.9740        6.1770        2.0680 
   6   C60       -0.9190        8.7010        1.7860 
   6   C61       -2.5030        7.4610       -2.4530 
   6   C62       -3.1690        2.5440       -0.0880 
   1    H1       -7.0730        1.4300       -4.2030 
   1    H2       -7.4460        0.8600       -2.5650 
   1    H3       -8.0330        2.4420       -3.1120 
   1    H4       -6.1720        2.8370       -1.6410 
   1    H5       -5.7660        3.3080       -3.2810 
   1    H6       -4.5210        0.8970       -3.5180 
   1    H7       -0.7660        3.2740       -2.0040 
   1    H8       -1.1160        4.0380       -0.5060 
   1    H9       -3.0260        5.3330        0.1610 
   1   H10       -4.9280        8.2230       -0.9070 
   1   H11       -6.8150        8.5110       -1.8130 
   1   H12       -8.2760        9.8020       -0.9660 
   1   H13       -8.6360       11.1010        2.3890 
   1   H14       -6.6360       10.3820        0.3900 
   1   H15       -7.0450       10.2030        3.9950 
   1   H16       -6.0250        9.0690        5.5390 
   1   H17       -5.5710        4.1100        5.8210 
   1   H18       -8.3770        2.6490        2.9910 
   1   H19       -4.8760       -1.4140        2.5140 
   1   H20       -4.3570       -1.0090        0.5170 
   1   H21       -4.6960        0.8230       -0.5700 
   1   H22       -4.6150       -3.6870       -0.8880 
   1   H23       -2.5170       -2.4140       -1.4880 
   1   H24       -2.6640       -4.8860       -1.6430 
   1   H25       -2.0620       -5.0350        0.0180 
   1   H26       -1.0300       -4.3590       -1.2530 
   1   H27       -2.1280       -1.2960        0.7890 
   1   H28       -1.6980       -2.8700        1.4300 
   1   H29        0.3850       -2.5880        0.5190 
   1   H30       -0.6960       -0.5920       -1.2780 
   1   H31        1.4340       -0.1890       -2.0550 
   1   H32        1.7930       -1.8800       -1.6630 
   1   H33        1.9900       -0.6150       -0.4260 
   1   H34       -3.9020       -4.5680        1.0000 
   1   H35       -6.8170       -3.1330       -1.2630 
   1   H36       -7.6030       -1.5530       -1.2550 
   1   H37       -8.1150       -2.8330       -0.1480 
   1   H38       -6.1360       -1.2070        4.9990 
   1   H39       -7.3560       -3.3360        5.2760 
   1   H40       -8.2330       -2.2250        4.2390 
   1   H41       -7.3390       -3.5890        3.5250 
   1   H42       -4.9180       -3.2550        5.5380 
   1   H43       -3.9060       -2.1860        4.5650 
   1   H44       -4.6710       -3.6010        3.8180 
   1   H45       -4.2770        1.4080        2.2640 
   1   H46       -4.6360        1.7240        3.9940 
   1   H47       -3.8120        0.2800        3.5260 
   1   H48       -7.0530        3.5710        0.8520 
   1   H49       -6.6840        1.8740        0.7130 
   1   H50       -8.6010        2.6250       -0.6250 
   1   H51      -10.6410        3.5070        0.1280 
   1   H52       -9.4320        4.3780        1.0770 
   1   H53      -10.3540        3.0680        1.8160 
   1   H54      -10.2490        0.8710       -0.1230 
   1   H55       -8.6010        0.2720        0.0220 
   1   H56       -9.5450        0.6400        1.4810 
   1   H57       -4.5420        4.0700        3.6010 
   1   H58       -5.0060        3.5620        1.9980 
   1   H59       -5.4980        5.1340        2.5540 
   1   H60       -7.5540        6.1280        6.8550 
   1   H61       -7.7640        4.4170        7.1360 
   1   H62       -5.1990        5.7770        8.0270 
   1   H63       -7.0260        7.0160        9.0970 
   1   H64       -6.1690        6.0220       10.2800 
   1   H65       -7.7510        5.5000        9.6740 
   1   H66       -5.1570        3.2620        7.9230 
   1   H67       -5.0280        3.8570        9.5750 
   1   H68       -6.5680        3.2060        8.9920 
   1   H69       -3.7230        5.2500        5.9020 
   1   H70       -3.5370        6.4260        4.6340 
   1   H71       -3.9660        6.9370        6.2880 
   1   H72       -3.6770        8.9230        5.2840 
   1   H73       -3.8030        8.4890        3.5660 
   1   H74       -4.1410       10.1280        4.1130 
   1   H75       -5.2100       11.9230        1.6550 
   1   H76       -6.7040       12.7110        1.1420 
   1   H77       -6.5040       12.2160        2.8330 
   1   H78      -11.2820        9.4980       -1.0360 
   1   H79      -10.3160       10.8260       -1.5970 
   1   H80       -9.2340        8.6210       -2.9940 
   1   H81      -11.1110        7.4340       -4.0500 
   1   H82      -11.1830        7.1950       -2.3020 
   1   H83      -12.2830        8.3490       -3.0760 
   1   H84      -10.2060        9.5930       -5.0250 
   1   H85       -9.5480       10.8560       -3.9740 
   1   H86      -11.3050       10.5870       -4.0470 
   1   H87      -10.3480        6.3540       -0.0420 
   1   H88       -9.6890        6.9730        1.4930 
   1   H89      -10.9470        7.8430        0.6260 
   1   H90       -5.9240        5.9590       -2.9530 
   1   H91       -7.9220        5.2550       -4.1580 
   1   H92       -8.0440        4.9530       -2.4270 
   1   H93       -8.9210        6.3070       -3.1450 
   1   H94       -6.3930        6.9860       -5.0670 
   1   H95       -5.5810        8.1450       -4.0120 
   1   H96       -7.3240        8.2830       -4.3030 
   1   H97       -3.0500        8.3430        0.2380 
   1   H98       -3.4260        7.2450        1.5470 
   1   H99       -0.6770        7.2580        0.2170 
   1  H100        0.0650        6.2320        2.4000 
   1  H101       -1.1070        5.2190        1.5720 
   1  H102       -1.6230        6.2020        2.9460 
   1  H103        0.1430        8.7090        2.0430 
   1  H104       -1.1070        9.5410        1.1140 
   1  H105       -1.4950        8.8530        2.7000 
   1  H106       -3.1350        8.2550       -2.0620 
   1  H107       -2.8580        7.2470       -3.4630 
   1  H108       -1.4880        7.8600       -2.5130 
   1  H109       -4.2450        2.6840       -0.0180 
   1  H110       -2.9150        1.5010        0.1060 
   1  H111       -2.7230        3.1150        0.7260 

